WSJ_20130322_159,E5,E6,1,0.015404,0.861031,0.033520,0.090045
WSJ_20130322_159,E5,E10,0,0.586075,0.075641,0.073211,0.265073
WSJ_20130322_159,E5,E11,0,0.935736,0.002030,0.014353,0.047881
WSJ_20130322_159,E6,E10,0,0.904752,0.004006,0.020397,0.070845
WSJ_20130322_159,E6,E11,0,0.973713,0.000366,0.005864,0.020057
WSJ_20130322_159,E10,E11,0,0.497659,0.072458,0.080641,0.349242
WSJ_20130322_159,E12,E14,1,0.130254,0.397510,0.081277,0.390959
WSJ_20130322_159,E18,E19,3,0.190370,0.319425,0.097384,0.392821
WSJ_20130322_159,E20,E22,1,0.000076,0.986706,0.002571,0.010646
WSJ_20130322_159,E29,E31,0,0.907224,0.002456,0.016302,0.074018
WSJ_20130322_159,E29,E34,0,0.403480,0.113600,0.085403,0.397518
WSJ_20130322_159,E29,E37,0,0.930635,0.001864,0.013142,0.054358
WSJ_20130322_159,E31,E34,3,0.152008,0.305708,0.094650,0.447635
WSJ_20130322_159,E31,E37,0,0.813636,0.011121,0.033439,0.141804
WSJ_20130322_159,E34,E37,0,0.961906,0.000620,0.007974,0.029500
WSJ_20130322_159,E38,E39,1,0.009777,0.868631,0.025378,0.096214
WSJ_20130322_159,E38,E40,1,0.079559,0.452737,0.090375,0.377328
WSJ_20130322_159,E39,E40,0,0.507894,0.078995,0.076691,0.336421
WSJ_20130322_159,E42,E44,1,0.000793,0.946237,0.009373,0.043597
WSJ_20130322_159,E46,E47,1,0.000244,0.978783,0.004934,0.016038
WSJ_20130322_159,E46,E49,0,0.698783,0.032353,0.051590,0.217274
WSJ_20130322_159,E47,E49,0,0.991811,0.000042,0.001599,0.006548
WSJ_20130322_159,E1,E5,0,0.387229,0.210228,0.084330,0.318213
WSJ_20130322_159,E1,E6,1,0.002724,0.924752,0.015963,0.056561
WSJ_20130322_159,E1,E10,0,0.450352,0.124283,0.081081,0.344284
WSJ_20130322_159,E1,E11,0,0.747359,0.021205,0.043268,0.188168
WSJ_20130322_159,E5,E12,0,0.989666,0.000075,0.002247,0.008012
WSJ_20130322_159,E5,E14,0,0.897007,0.004852,0.019427,0.078715
WSJ_20130322_159,E6,E12,0,0.997013,0.000008,0.000582,0.002396
WSJ_20130322_159,E6,E14,0,0.980266,0.000221,0.003973,0.015540
WSJ_20130322_159,E10,E12,0,0.922655,0.001783,0.014649,0.060913
WSJ_20130322_159,E10,E14,3,0.305523,0.158031,0.085841,0.450604
WSJ_20130322_159,E11,E12,0,0.914944,0.002277,0.016505,0.066275
WSJ_20130322_159,E11,E14,3,0.271011,0.200336,0.088526,0.440127
WSJ_20130322_159,E12,E18,0,0.872355,0.004171,0.022154,0.101321
WSJ_20130322_159,E12,E19,1,0.088123,0.517944,0.075910,0.318024
WSJ_20130322_159,E14,E18,0,0.988268,0.000057,0.002046,0.009629
WSJ_20130322_159,E14,E19,0,0.877255,0.006339,0.021487,0.094919
WSJ_20130322_159,E18,E20,1,0.006382,0.820434,0.031582,0.141602
WSJ_20130322_159,E18,E22,1,0.000005,0.996420,0.000533,0.003042
WSJ_20130322_159,E19,E20,1,0.001148,0.934511,0.012264,0.052077
WSJ_20130322_159,E19,E22,1,0.000002,0.998070,0.000285,0.001643
WSJ_20130322_159,E20,E26,1,0.072643,0.575880,0.071187,0.280290
WSJ_20130322_159,E22,E26,0,0.966203,0.000864,0.008338,0.024596
WSJ_20130322_159,E26,E29,0,0.994929,0.000021,0.001040,0.004010
WSJ_20130322_159,E26,E31,0,0.997858,0.000004,0.000393,0.001745
WSJ_20130322_159,E26,E34,0,0.989319,0.000073,0.002305,0.008302
WSJ_20130322_159,E26,E37,0,0.997855,0.000005,0.000425,0.001714
WSJ_20130322_159,E29,E38,0,0.449182,0.116179,0.078649,0.355990
WSJ_20130322_159,E29,E39,1,0.002323,0.913485,0.015153,0.069039
WSJ_20130322_159,E29,E40,1,0.016169,0.695633,0.048990,0.239208
WSJ_20130322_159,E31,E38,1,0.112774,0.413873,0.083364,0.389989
WSJ_20130322_159,E31,E39,1,0.000300,0.968071,0.005600,0.026029
WSJ_20130322_159,E31,E40,1,0.002590,0.868690,0.021695,0.107025
WSJ_20130322_159,E34,E38,0,0.518763,0.073010,0.075569,0.332658
WSJ_20130322_159,E34,E39,1,0.004014,0.875760,0.022007,0.098220
WSJ_20130322_159,E34,E40,1,0.026007,0.607729,0.064079,0.302184
WSJ_20130322_159,E37,E38,1,0.017872,0.742385,0.041737,0.198007
WSJ_20130322_159,E37,E39,1,0.000056,0.987666,0.002085,0.010194
WSJ_20130322_159,E37,E40,1,0.000453,0.949094,0.008270,0.042183
WSJ_20130322_159,E38,E42,0,0.766626,0.016032,0.041642,0.175701
WSJ_20130322_159,E38,E44,1,0.032116,0.711878,0.050036,0.205971
WSJ_20130322_159,E39,E42,0,0.981572,0.000178,0.003564,0.014685
WSJ_20130322_159,E39,E44,0,0.343462,0.239927,0.077938,0.338673
WSJ_20130322_159,E40,E42,0,0.956644,0.000589,0.008020,0.034747
WSJ_20130322_159,E40,E44,3,0.175983,0.304781,0.088037,0.431199
WSJ_20130322_159,E42,E46,0,0.886295,0.003995,0.021007,0.088703
WSJ_20130322_159,E42,E47,1,0.061336,0.560365,0.066565,0.311734
WSJ_20130322_159,E42,E49,0,0.674769,0.037032,0.050473,0.237726
WSJ_20130322_159,E44,E46,0,0.987761,0.000065,0.002218,0.009956
WSJ_20130322_159,E44,E47,0,0.798784,0.012117,0.031654,0.157445
WSJ_20130322_159,E44,E49,0,0.980558,0.000153,0.003320,0.015969
WSJ_20130322_159,E46,E55,0,0.873390,0.007353,0.024490,0.094768
WSJ_20130322_159,E47,E55,0,0.996449,0.000013,0.000720,0.002819
WSJ_20130322_159,E49,E55,0,0.772424,0.023346,0.036884,0.167346
nyt_20130322_strange_computer,E8,E11,0,0.995099,0.000026,0.001140,0.003734
nyt_20130322_strange_computer,E14,E16,1,0.000852,0.958861,0.010178,0.030108
nyt_20130322_strange_computer,E19,E22,0,0.616722,0.054710,0.070246,0.258322
nyt_20130322_strange_computer,E19,E23,1,0.045203,0.672391,0.065703,0.216703
nyt_20130322_strange_computer,E22,E23,1,0.077122,0.534623,0.088413,0.299842
nyt_20130322_strange_computer,E6,E8,0,0.627800,0.074295,0.075140,0.222764
nyt_20130322_strange_computer,E6,E11,0,0.997954,0.000005,0.000415,0.001627
nyt_20130322_strange_computer,E8,E14,0,0.991101,0.000066,0.002117,0.006715
nyt_20130322_strange_computer,E8,E16,0,0.433319,0.179353,0.103034,0.284293
nyt_20130322_strange_computer,E11,E14,0,0.720211,0.030487,0.057233,0.192070
nyt_20130322_strange_computer,E11,E16,1,0.000748,0.955957,0.009971,0.033324
nyt_20130322_strange_computer,E14,E19,1,0.032250,0.705095,0.060356,0.202299
nyt_20130322_strange_computer,E14,E22,3,0.141169,0.352000,0.108132,0.398698
nyt_20130322_strange_computer,E14,E23,1,0.002890,0.901052,0.022468,0.073590
nyt_20130322_strange_computer,E16,E19,0,0.974686,0.000376,0.005670,0.019268
nyt_20130322_strange_computer,E16,E22,0,0.970892,0.000394,0.006500,0.022213
nyt_20130322_strange_computer,E16,E23,0,0.691977,0.036166,0.061279,0.210578
nyt_20130322_strange_computer,E19,E24,0,0.946189,0.001343,0.011174,0.041295
nyt_20130322_strange_computer,E22,E24,0,0.970418,0.000421,0.006428,0.022732
nyt_20130322_strange_computer,E23,E24,0,0.978119,0.000277,0.005143,0.016460
CNN_20130321_821,E4,E5,0,0.626255,0.054144,0.068530,0.251071
CNN_20130321_821,E5,E8,0,0.841792,0.007350,0.027494,0.123364
CNN_20130321_821,E8,E1000,0,0.855945,0.006138,0.028611,0.109305
CNN_20130321_821,E1002,E20,0,0.930298,0.002020,0.017783,0.049898
nyt_20130321_cyprus,E2,E5,0,0.349145,0.264352,0.118850,0.267653
nyt_20130321_cyprus,E7,E2009,1,0.174730,0.394229,0.096396,0.334645
nyt_20130321_cyprus,E13,E15,0,0.740980,0.021686,0.054505,0.182830
nyt_20130321_cyprus,E22,E23,3,0.299612,0.256652,0.082370,0.361366
nyt_20130321_cyprus,E22,E24,1,0.000007,0.997037,0.000545,0.002411
nyt_20130321_cyprus,E23,E24,1,0.000048,0.991631,0.001742,0.006578
nyt_20130321_cyprus,E33,E35,0,0.766326,0.029627,0.052625,0.151422
nyt_20130321_cyprus,E41,E42,1,0.006346,0.861419,0.028645,0.103590
nyt_20130321_cyprus,E46,E47,0,0.993904,0.000038,0.001388,0.004670
nyt_20130321_cyprus,E48,E51,0,0.975129,0.000342,0.005326,0.019202
nyt_20130321_cyprus,E2,E7,0,0.930434,0.003052,0.018860,0.047653
nyt_20130321_cyprus,E2,E2009,0,0.845860,0.011068,0.039670,0.103402
nyt_20130321_cyprus,E5,E7,0,0.947611,0.001819,0.013092,0.037479
nyt_20130321_cyprus,E5,E2009,0,0.872500,0.007822,0.030189,0.089488
nyt_20130321_cyprus,E7,E9,1,0.000271,0.978750,0.005060,0.015919
nyt_20130321_cyprus,E2009,E9,1,0.006524,0.876686,0.030465,0.086326
nyt_20130321_cyprus,E10,E13,0,0.986547,0.000156,0.003408,0.009889
nyt_20130321_cyprus,E10,E15,0,0.991186,0.000053,0.001915,0.006845
nyt_20130321_cyprus,E13,E21,0,0.942986,0.001815,0.013987,0.041212
nyt_20130321_cyprus,E15,E21,0,0.818768,0.011572,0.036562,0.133098
nyt_20130321_cyprus,E21,E22,0,0.882510,0.007729,0.024446,0.085315
nyt_20130321_cyprus,E21,E23,0,0.545763,0.095810,0.069424,0.289003
nyt_20130321_cyprus,E21,E24,1,0.000011,0.996344,0.000709,0.002936
nyt_20130321_cyprus,E22,E25,1,0.000066,0.987613,0.002357,0.009964
nyt_20130321_cyprus,E23,E25,1,0.001078,0.941026,0.011252,0.046644
nyt_20130321_cyprus,E24,E25,0,0.930012,0.003044,0.017531,0.049414
nyt_20130321_cyprus,E33,E36,0,0.539741,0.090316,0.081046,0.288897
nyt_20130321_cyprus,E35,E36,1,0.135820,0.470042,0.089065,0.305074
nyt_20130321_cyprus,E36,E41,0,0.884251,0.005030,0.023524,0.087195
nyt_20130321_cyprus,E36,E42,0,0.342857,0.230935,0.089686,0.336522
nyt_20130321_cyprus,E46,E48,0,0.683272,0.062192,0.057451,0.197085
nyt_20130321_cyprus,E46,E51,0,0.994563,0.000030,0.001215,0.004192
nyt_20130321_cyprus,E47,E48,1,0.001894,0.927847,0.014983,0.055276
nyt_20130321_cyprus,E47,E51,0,0.618724,0.069893,0.066875,0.244508
nyt_20130321_cyprus,E48,E57,1,0.003232,0.910578,0.020142,0.066049
nyt_20130321_cyprus,E51,E57,1,0.000030,0.992955,0.001362,0.005653
bbc_20130322_1353,E1,E5,1,0.000019,0.993219,0.001135,0.005627
bbc_20130322_1353,E8,E10,1,0.000203,0.978100,0.004534,0.017163
bbc_20130322_1353,E15,E16,1,0.001006,0.945618,0.010317,0.043059
bbc_20130322_1353,E19,E20,1,0.001688,0.958008,0.011977,0.028327
bbc_20130322_1353,E19,E21,1,0.059223,0.715109,0.061702,0.163966
bbc_20130322_1353,E20,E21,0,0.834594,0.026749,0.040862,0.097795
bbc_20130322_1353,E23,E25,3,0.249506,0.264095,0.092671,0.393728
bbc_20130322_1353,E23,E26,1,0.000145,0.977966,0.003971,0.017918
bbc_20130322_1353,E23,E27,1,0.000017,0.994752,0.000976,0.004255
bbc_20130322_1353,E25,E26,1,0.000251,0.968980,0.005418,0.025351
bbc_20130322_1353,E25,E27,1,0.000022,0.993544,0.001157,0.005276
bbc_20130322_1353,E26,E27,1,0.000937,0.955438,0.009259,0.034366
bbc_20130322_1353,E28,E29,1,0.000116,0.985807,0.003102,0.010976
bbc_20130322_1353,E28,E31,1,0.000222,0.983221,0.004035,0.012522
bbc_20130322_1353,E29,E31,1,0.326428,0.357933,0.082549,0.233090
bbc_20130322_1353,E33,E34,0,0.921386,0.004670,0.019222,0.054722
bbc_20130322_1353,E35,E36,0,0.577897,0.089427,0.087044,0.245632
bbc_20130322_1353,E35,E37,1,0.008802,0.874150,0.029039,0.088009
bbc_20130322_1353,E36,E37,1,0.002602,0.932234,0.013451,0.051713
bbc_20130322_1353,E1,E8,3,0.336287,0.157263,0.085759,0.420691
bbc_20130322_1353,E1,E10,1,0.000035,0.991317,0.001598,0.007049
bbc_20130322_1353,E5,E8,0,0.993854,0.000028,0.001252,0.004866
bbc_20130322_1353,E5,E10,1,0.217603,0.401581,0.092862,0.287954
bbc_20130322_1353,E8,E11,3,0.300351,0.178061,0.093531,0.428057
bbc_20130322_1353,E10,E11,0,0.986421,0.000099,0.002822,0.010658
bbc_20130322_1353,E11,E13,3,0.188101,0.280229,0.089256,0.442414
bbc_20130322_1353,E13,E15,0,0.964698,0.000711,0.008228,0.026363
bbc_20130322_1353,E13,E16,0,0.548989,0.083702,0.073671,0.293638
bbc_20130322_1353,E15,E17,1,0.005152,0.839556,0.027328,0.127964
bbc_20130322_1353,E16,E17,3,0.341222,0.143140,0.086100,0.429537
bbc_20130322_1353,E17,E19,1,0.000876,0.956801,0.009982,0.032341
bbc_20130322_1353,E17,E20,1,0.000052,0.990676,0.001891,0.007380
bbc_20130322_1353,E17,E21,1,0.002712,0.908072,0.018980,0.070236
bbc_20130322_1353,E19,E23,0,0.943606,0.001639,0.012210,0.042545
bbc_20130322_1353,E19,E25,0,0.971235,0.000441,0.006420,0.021904
bbc_20130322_1353,E19,E26,1,0.123459,0.496500,0.086623,0.293419
bbc_20130322_1353,E19,E27,1,0.002492,0.944097,0.014055,0.039357
bbc_20130322_1353,E20,E23,0,0.994923,0.000027,0.001139,0.003912
bbc_20130322_1353,E20,E25,0,0.991043,0.000067,0.002052,0.006837
bbc_20130322_1353,E20,E26,0,0.789410,0.024887,0.046755,0.138947
bbc_20130322_1353,E20,E27,1,0.184683,0.518676,0.082745,0.213896
bbc_20130322_1353,E21,E23,0,0.985044,0.000161,0.003446,0.011349
bbc_20130322_1353,E21,E25,0,0.969868,0.000512,0.006706,0.022914
bbc_20130322_1353,E21,E26,0,0.363202,0.219605,0.099033,0.318160
bbc_20130322_1353,E21,E27,1,0.012515,0.875544,0.029403,0.082537
bbc_20130322_1353,E23,E28,0,0.609599,0.064234,0.067939,0.258229
bbc_20130322_1353,E23,E29,1,0.003218,0.909313,0.018961,0.068508
bbc_20130322_1353,E23,E31,1,0.001744,0.934933,0.013543,0.049780
bbc_20130322_1353,E25,E28,0,0.833209,0.009831,0.028905,0.128055
bbc_20130322_1353,E25,E29,1,0.014559,0.800373,0.034864,0.150204
bbc_20130322_1353,E25,E31,1,0.051492,0.682440,0.053629,0.212439
bbc_20130322_1353,E26,E28,0,0.982710,0.000162,0.003638,0.013490
bbc_20130322_1353,E26,E29,0,0.389245,0.190530,0.086737,0.333488
bbc_20130322_1353,E26,E31,0,0.663518,0.067149,0.059488,0.209845
bbc_20130322_1353,E27,E28,0,0.996662,0.000011,0.000681,0.002646
bbc_20130322_1353,E27,E29,0,0.888099,0.008673,0.023007,0.080221
bbc_20130322_1353,E27,E31,0,0.956812,0.001872,0.009825,0.031491
bbc_20130322_1353,E28,E33,1,0.007560,0.865398,0.031315,0.095727
bbc_20130322_1353,E28,E34,1,0.202376,0.383710,0.087186,0.326728
bbc_20130322_1353,E29,E33,0,0.866537,0.012029,0.029937,0.091497
bbc_20130322_1353,E29,E34,0,0.970728,0.000601,0.005892,0.022779
bbc_20130322_1353,E31,E33,0,0.897050,0.010410,0.025852,0.066687
bbc_20130322_1353,E31,E34,0,0.970621,0.000881,0.006606,0.021893
bbc_20130322_1353,E33,E35,0,0.994605,0.000031,0.001244,0.004119
bbc_20130322_1353,E33,E36,0,0.991646,0.000072,0.002049,0.006233
bbc_20130322_1353,E33,E37,0,0.919709,0.005885,0.020476,0.053930
bbc_20130322_1353,E34,E35,0,0.994220,0.000031,0.001231,0.004518
bbc_20130322_1353,E34,E36,0,0.992367,0.000052,0.001666,0.005915
bbc_20130322_1353,E34,E37,0,0.766406,0.038495,0.042401,0.152698
nyt_20130321_women_senate,E1000009,E2,0,0.822750,0.028042,0.038844,0.110364
nyt_20130321_women_senate,E4,E5,1,0.000089,0.989970,0.002383,0.007558
nyt_20130321_women_senate,E4,E6,1,0.307973,0.327731,0.088163,0.276133
nyt_20130321_women_senate,E5,E6,0,0.974283,0.000638,0.006482,0.018598
nyt_20130321_women_senate,E9,E10,0,0.991239,0.000080,0.002179,0.006502
nyt_20130321_women_senate,E11,E12,0,0.850199,0.017419,0.038666,0.093716
nyt_20130321_women_senate,E14,E15,1,0.014024,0.812452,0.042958,0.130566
nyt_20130321_women_senate,E16,E17,1,0.058235,0.578112,0.067165,0.296488
nyt_20130321_women_senate,E19,E20,1,0.000318,0.980098,0.005160,0.014424
nyt_20130321_women_senate,E19,E21,1,0.002359,0.927505,0.016937,0.053199
nyt_20130321_women_senate,E20,E21,0,0.372763,0.226153,0.091968,0.309116
nyt_20130321_women_senate,E23,E24,0,0.937871,0.001942,0.014394,0.045793
nyt_20130321_women_senate,E26,E27,0,0.732157,0.052587,0.067120,0.148136
nyt_20130321_women_senate,E26,E1000014,0,0.921868,0.004923,0.022245,0.050963
nyt_20130321_women_senate,E27,E1000014,1,0.087171,0.592750,0.082874,0.237204
nyt_20130321_women_senate,E37,E1000015,1,0.154211,0.386779,0.095833,0.363176
nyt_20130321_women_senate,E40,E41,0,0.963337,0.000576,0.007120,0.028967
nyt_20130321_women_senate,E40,E42,0,0.737100,0.027076,0.047958,0.187866
nyt_20130321_women_senate,E41,E42,1,0.099577,0.485597,0.084385,0.330441
nyt_20130321_women_senate,E43,E47,0,0.939850,0.002282,0.012498,0.045370
nyt_20130321_women_senate,E43,E48,0,0.973711,0.000395,0.006251,0.019642
nyt_20130321_women_senate,E47,E48,0,0.913106,0.003755,0.021972,0.061167
nyt_20130321_women_senate,E49,E50,0,0.937046,0.002156,0.015381,0.045417
nyt_20130321_women_senate,E49,E53,1,0.002868,0.936032,0.016731,0.044369
nyt_20130321_women_senate,E50,E53,1,0.000140,0.986251,0.003247,0.010361
nyt_20130321_women_senate,E1000009,E4,0,0.602028,0.131260,0.070164,0.196549
nyt_20130321_women_senate,E1000009,E5,1,0.000164,0.986544,0.003396,0.009897
nyt_20130321_women_senate,E1000009,E6,0,0.597047,0.121299,0.072789,0.208865
nyt_20130321_women_senate,E2,E4,0,0.387135,0.275522,0.085449,0.251895
nyt_20130321_women_senate,E2,E5,1,0.000079,0.990608,0.002218,0.007094
nyt_20130321_women_senate,E2,E6,1,0.247856,0.393252,0.087435,0.271457
nyt_20130321_women_senate,E4,E7,0,0.953657,0.002273,0.011639,0.032431
nyt_20130321_women_senate,E5,E7,0,0.996203,0.000020,0.000899,0.002877
nyt_20130321_women_senate,E6,E7,0,0.965635,0.001270,0.008787,0.024308
nyt_20130321_women_senate,E7,E8,1,0.000397,0.972598,0.006116,0.020888
nyt_20130321_women_senate,E8,E9,0,0.982748,0.000251,0.004272,0.012729
nyt_20130321_women_senate,E8,E10,0,0.998825,0.000002,0.000229,0.000944
nyt_20130321_women_senate,E11,E1000012,0,0.976401,0.000473,0.005852,0.017274
nyt_20130321_women_senate,E12,E1000012,0,0.700987,0.046056,0.062461,0.190497
nyt_20130321_women_senate,E14,E16,0,0.974866,0.000354,0.005705,0.019076
nyt_20130321_women_senate,E14,E17,0,0.962281,0.000781,0.008569,0.028368
nyt_20130321_women_senate,E15,E16,0,0.988235,0.000086,0.002565,0.009114
nyt_20130321_women_senate,E15,E17,0,0.984383,0.000148,0.003515,0.011955
nyt_20130321_women_senate,E16,E19,1,0.014162,0.827552,0.036958,0.121328
nyt_20130321_women_senate,E16,E20,1,0.000036,0.991959,0.001540,0.006464
nyt_20130321_women_senate,E16,E21,1,0.000194,0.975811,0.004508,0.019487
nyt_20130321_women_senate,E17,E19,1,0.138767,0.516639,0.084999,0.259595
nyt_20130321_women_senate,E17,E20,1,0.000137,0.984487,0.003343,0.012033
nyt_20130321_women_senate,E17,E21,1,0.001034,0.943377,0.011176,0.044412
nyt_20130321_women_senate,E19,E22,1,0.055530,0.683000,0.061386,0.200084
nyt_20130321_women_senate,E20,E22,0,0.795745,0.026470,0.039329,0.138455
nyt_20130321_women_senate,E21,E22,0,0.630117,0.066093,0.063070,0.240720
nyt_20130321_women_senate,E22,E23,0,0.824923,0.013308,0.032045,0.129724
nyt_20130321_women_senate,E22,E24,0,0.994445,0.000031,0.001229,0.004296
nyt_20130321_women_senate,E23,E25,0,0.958821,0.000660,0.008806,0.031714
nyt_20130321_women_senate,E24,E25,0,0.478975,0.090657,0.084745,0.345623
nyt_20130321_women_senate,E25,E26,1,0.000237,0.980580,0.004665,0.014518
nyt_20130321_women_senate,E25,E27,1,0.002691,0.912095,0.019996,0.065217
nyt_20130321_women_senate,E25,E1000014,1,0.003072,0.902472,0.021762,0.072695
nyt_20130321_women_senate,E26,E29,0,0.891941,0.006857,0.030069,0.071133
nyt_20130321_women_senate,E27,E29,3,0.303733,0.250119,0.112863,0.333284
nyt_20130321_women_senate,E1000014,E29,3,0.327667,0.229396,0.111276,0.331661
nyt_20130321_women_senate,E29,E36,0,0.965559,0.000633,0.008586,0.025222
nyt_20130321_women_senate,E36,E37,0,0.755146,0.023913,0.048876,0.172065
nyt_20130321_women_senate,E36,E1000015,0,0.394529,0.142939,0.092541,0.369992
nyt_20130321_women_senate,E37,E40,1,0.000444,0.964831,0.007155,0.027571
nyt_20130321_women_senate,E37,E41,1,0.063005,0.532897,0.076720,0.327378
nyt_20130321_women_senate,E37,E42,1,0.001667,0.923688,0.015787,0.058857
nyt_20130321_women_senate,E1000015,E40,1,0.007990,0.837925,0.029723,0.124362
nyt_20130321_women_senate,E1000015,E41,0,0.595216,0.049117,0.065829,0.289837
nyt_20130321_women_senate,E1000015,E42,1,0.053582,0.584458,0.072659,0.289301
nyt_20130321_women_senate,E40,E43,0,0.864147,0.009192,0.024402,0.102258
nyt_20130321_women_senate,E40,E47,0,0.945040,0.001593,0.011150,0.042217
nyt_20130321_women_senate,E40,E48,0,0.974027,0.000353,0.006012,0.019608
nyt_20130321_women_senate,E41,E43,3,0.261786,0.296363,0.085245,0.356607
nyt_20130321_women_senate,E41,E47,0,0.553369,0.092656,0.073355,0.280620
nyt_20130321_women_senate,E41,E48,0,0.808048,0.012640,0.041691,0.137622
nyt_20130321_women_senate,E42,E43,0,0.588363,0.080997,0.068017,0.262623
nyt_20130321_women_senate,E42,E47,0,0.807200,0.017102,0.038763,0.136936
nyt_20130321_women_senate,E42,E48,0,0.921932,0.002529,0.019093,0.056445
nyt_20130321_women_senate,E43,E49,0,0.912809,0.004229,0.019225,0.063737
nyt_20130321_women_senate,E43,E50,0,0.977726,0.000307,0.004792,0.017175
nyt_20130321_women_senate,E43,E53,1,0.004204,0.924874,0.016756,0.054166
nyt_20130321_women_senate,E47,E49,0,0.747098,0.039440,0.055589,0.157873
nyt_20130321_women_senate,E47,E50,0,0.932756,0.002890,0.015532,0.048822
nyt_20130321_women_senate,E47,E53,1,0.000382,0.979071,0.005444,0.015103
nyt_20130321_women_senate,E48,E49,0,0.562026,0.080101,0.094657,0.263216
nyt_20130321_women_senate,E48,E50,0,0.857494,0.008114,0.033476,0.100916
nyt_20130321_women_senate,E48,E53,1,0.000477,0.971416,0.007157,0.020950
bbc_20130322_1150,E1,E2,0,0.978810,0.000963,0.006838,0.013389
bbc_20130322_1150,E6,E7,1,0.000757,0.955061,0.009586,0.034595
bbc_20130322_1150,E8,E10,1,0.040320,0.784950,0.053323,0.121408
bbc_20130322_1150,E8,E11,0,0.620506,0.106990,0.089482,0.183023
bbc_20130322_1150,E10,E11,0,0.751528,0.049507,0.066748,0.132217
bbc_20130322_1150,E14,E15,1,0.058281,0.681587,0.057482,0.202650
bbc_20130322_1150,E14,E17,1,0.101026,0.614064,0.065423,0.219487
bbc_20130322_1150,E15,E17,0,0.620222,0.096351,0.064580,0.218846
bbc_20130322_1150,E19,E20,1,0.033310,0.760808,0.051311,0.154571
bbc_20130322_1150,E19,E21,0,0.429952,0.173176,0.093921,0.302950
bbc_20130322_1150,E20,E21,0,0.791198,0.029259,0.041272,0.138271
bbc_20130322_1150,E23,E24,0,0.322161,0.260269,0.107211,0.310359
bbc_20130322_1150,E29,E30,0,0.995456,0.000023,0.001016,0.003505
bbc_20130322_1150,E53,E35,0,0.998787,0.000002,0.000237,0.000974
bbc_20130322_1150,E39,E40,0,0.986617,0.000113,0.003063,0.010207
bbc_20130322_1150,E41,E42,1,0.000436,0.976162,0.006477,0.016925
bbc_20130322_1150,E41,E43,1,0.297873,0.316974,0.120500,0.264653
bbc_20130322_1150,E42,E43,0,0.987598,0.000162,0.003333,0.008907
bbc_20130322_1150,E1,E3,0,0.997924,0.000008,0.000492,0.001575
bbc_20130322_1150,E2,E3,0,0.960614,0.002502,0.010301,0.026583
bbc_20130322_1150,E3,E4,1,0.000366,0.979624,0.005416,0.014594
bbc_20130322_1150,E4,E6,0,0.999091,0.000001,0.000172,0.000735
bbc_20130322_1150,E4,E7,0,0.978532,0.000356,0.005381,0.015731
bbc_20130322_1150,E6,E8,1,0.000065,0.989626,0.002179,0.008130
bbc_20130322_1150,E6,E10,1,0.000024,0.994255,0.001157,0.004564
bbc_20130322_1150,E6,E11,1,0.000619,0.966792,0.008433,0.024156
bbc_20130322_1150,E7,E8,1,0.067487,0.657909,0.065608,0.208996
bbc_20130322_1150,E7,E10,1,0.014719,0.848099,0.034552,0.102629
bbc_20130322_1150,E7,E11,0,0.386041,0.232268,0.109457,0.272233
bbc_20130322_1150,E8,E12,0,0.738783,0.046318,0.058846,0.156053
bbc_20130322_1150,E10,E12,0,0.867210,0.013387,0.032559,0.086844
bbc_20130322_1150,E11,E12,1,0.232351,0.381978,0.112599,0.273072
bbc_20130322_1150,E12,E14,0,0.949588,0.002106,0.013851,0.034455
bbc_20130322_1150,E12,E15,0,0.964289,0.000817,0.009083,0.025811
bbc_20130322_1150,E12,E17,0,0.942461,0.002876,0.014221,0.040442
bbc_20130322_1150,E18,E19,0,0.916834,0.003784,0.023434,0.055949
bbc_20130322_1150,E18,E20,1,0.258790,0.344352,0.110196,0.286662
bbc_20130322_1150,E18,E21,0,0.973323,0.000632,0.007535,0.018509
bbc_20130322_1150,E19,E23,0,0.841007,0.012951,0.033983,0.112060
bbc_20130322_1150,E19,E24,3,0.281530,0.278899,0.103900,0.335672
bbc_20130322_1150,E20,E23,0,0.933279,0.002838,0.014332,0.049550
bbc_20130322_1150,E20,E24,0,0.482575,0.159112,0.082263,0.276050
bbc_20130322_1150,E21,E23,0,0.698499,0.049319,0.057011,0.195172
bbc_20130322_1150,E21,E24,1,0.107051,0.554799,0.078975,0.259176
bbc_20130322_1150,E28,E29,1,0.000018,0.995613,0.000931,0.003438
bbc_20130322_1150,E28,E30,1,0.060430,0.682018,0.055915,0.201637
bbc_20130322_1150,E29,E34,0,0.999037,0.000001,0.000184,0.000777
bbc_20130322_1150,E30,E34,0,0.979228,0.000352,0.004336,0.016084
bbc_20130322_1150,E34,E53,1,0.000182,0.982691,0.003987,0.013139
bbc_20130322_1150,E34,E35,0,0.972453,0.000511,0.006213,0.020823
bbc_20130322_1150,E53,E36,0,0.987772,0.000123,0.002957,0.009148
bbc_20130322_1150,E35,E36,1,0.008087,0.855215,0.030892,0.105806
bbc_20130322_1150,E36,E39,1,0.000819,0.951095,0.011016,0.037071
bbc_20130322_1150,E36,E40,1,0.019516,0.739855,0.053369,0.187260
bbc_20130322_1150,E39,E41,0,0.997311,0.000010,0.000599,0.002080
bbc_20130322_1150,E39,E42,0,0.418678,0.213538,0.106878,0.260906
bbc_20130322_1150,E39,E43,0,0.982448,0.000263,0.004650,0.012639
bbc_20130322_1150,E40,E41,0,0.946137,0.001624,0.013503,0.038735
bbc_20130322_1150,E40,E42,1,0.000537,0.966360,0.007943,0.025159
bbc_20130322_1150,E40,E43,3,0.322033,0.235556,0.102834,0.339576
bbc_20130322_1150,E41,E44,0,0.654020,0.083776,0.083613,0.178591
bbc_20130322_1150,E42,E44,0,0.997811,0.000008,0.000510,0.001670
bbc_20130322_1150,E43,E44,0,0.828315,0.028090,0.040179,0.103416
bbc_20130322_332,E1,E2,0,0.470261,0.133593,0.084944,0.311202
bbc_20130322_332,E1,E3,1,0.015311,0.805312,0.038036,0.141342
bbc_20130322_332,E1,E4,1,0.000012,0.996345,0.000721,0.002922
bbc_20130322_332,E2,E3,1,0.074150,0.612734,0.074986,0.238130
bbc_20130322_332,E2,E4,1,0.000037,0.993176,0.001473,0.005313
bbc_20130322_332,E3,E4,1,0.000125,0.988687,0.002821,0.008367
bbc_20130322_332,E12,E13,1,0.021382,0.691978,0.051068,0.235572
bbc_20130322_332,E17,E18,1,0.114266,0.513020,0.089950,0.282764
bbc_20130322_332,E22,E23,0,0.992484,0.000053,0.001767,0.005695
bbc_20130322_332,E27,E28,1,0.171939,0.500188,0.083164,0.244709
bbc_20130322_332,E27,E29,0,0.988690,0.000167,0.002866,0.008277
bbc_20130322_332,E28,E29,0,0.986217,0.000229,0.003378,0.010176
bbc_20130322_332,E31,E33,1,0.007676,0.856835,0.035063,0.100426
bbc_20130322_332,E31,E34,0,0.878638,0.011011,0.033515,0.076836
bbc_20130322_332,E31,E35,0,0.975364,0.000549,0.006981,0.017107
bbc_20130322_332,E33,E34,0,0.622302,0.096992,0.073047,0.207658
bbc_20130322_332,E33,E35,0,0.807447,0.026736,0.043073,0.122744
bbc_20130322_332,E34,E35,0,0.710393,0.065217,0.059331,0.165059
bbc_20130322_332,E37,E38,0,0.830956,0.014547,0.036448,0.118049
bbc_20130322_332,E37,E40,0,0.803104,0.016587,0.042545,0.137764
bbc_20130322_332,E38,E40,0,0.442277,0.146943,0.095209,0.315572
bbc_20130322_332,E1,E5,0,0.760484,0.020963,0.044576,0.173978
bbc_20130322_332,E2,E5,0,0.653849,0.042852,0.064794,0.238505
bbc_20130322_332,E3,E5,0,0.945090,0.001581,0.012241,0.041088
bbc_20130322_332,E4,E5,0,0.995513,0.000019,0.000943,0.003525
bbc_20130322_332,E5,E9,1,0.000390,0.965827,0.006989,0.026793
bbc_20130322_332,E9,E11,1,0.134519,0.479856,0.104865,0.280759
bbc_20130322_332,E11,E12,0,0.984922,0.000179,0.003848,0.011052
bbc_20130322_332,E11,E13,0,0.825415,0.010212,0.038961,0.125412
bbc_20130322_332,E12,E17,1,0.000153,0.981270,0.003817,0.014760
bbc_20130322_332,E12,E18,1,0.000184,0.979009,0.004273,0.016534
bbc_20130322_332,E13,E17,1,0.003509,0.897455,0.021216,0.077820
bbc_20130322_332,E13,E18,1,0.005262,0.873028,0.025818,0.095892
bbc_20130322_332,E17,E19,0,0.744876,0.020004,0.046867,0.188254
bbc_20130322_332,E18,E19,0,0.776293,0.016074,0.043892,0.163740
bbc_20130322_332,E19,E22,1,0.000593,0.957649,0.008929,0.032829
bbc_20130322_332,E19,E23,0,0.930574,0.002676,0.016968,0.049782
bbc_20130322_332,E22,E24,1,0.235309,0.368609,0.095837,0.300245
bbc_20130322_332,E23,E24,1,0.000064,0.988652,0.002221,0.009062
bbc_20130322_332,E27,E30,0,0.993426,0.000053,0.001637,0.004883
bbc_20130322_332,E28,E30,0,0.993791,0.000048,0.001534,0.004626
bbc_20130322_332,E29,E30,0,0.859125,0.016119,0.031118,0.093638
bbc_20130322_332,E30,E31,1,0.151229,0.435812,0.094163,0.318796
bbc_20130322_332,E30,E33,3,0.288578,0.273909,0.099210,0.338302
bbc_20130322_332,E30,E34,0,0.660608,0.069534,0.065008,0.204850
bbc_20130322_332,E30,E35,0,0.747704,0.039212,0.050782,0.162302
bbc_20130322_332,E31,E36,1,0.161545,0.513410,0.097643,0.227402
bbc_20130322_332,E33,E36,1,0.142091,0.567884,0.075286,0.214740
bbc_20130322_332,E34,E36,1,0.199781,0.512456,0.076708,0.211055
bbc_20130322_332,E35,E36,1,0.214150,0.494645,0.074916,0.216289
bbc_20130322_332,E36,E37,0,0.985228,0.000198,0.003801,0.010773
bbc_20130322_332,E36,E38,0,0.994153,0.000036,0.001356,0.004454
bbc_20130322_332,E36,E40,0,0.981183,0.000266,0.004760,0.013792
bbc_20130322_1600,E2,E5,0,0.822716,0.023280,0.040078,0.113926
bbc_20130322_1600,E6,E7,1,0.006527,0.918754,0.027049,0.047670
bbc_20130322_1600,E6,E8,0,0.973762,0.000823,0.008105,0.017311
bbc_20130322_1600,E6,E9,0,0.861042,0.020940,0.038241,0.079778
bbc_20130322_1600,E7,E8,0,0.994315,0.000055,0.001538,0.004092
bbc_20130322_1600,E7,E9,0,0.993296,0.000080,0.001880,0.004744
bbc_20130322_1600,E8,E9,1,0.194313,0.516940,0.073273,0.215474
bbc_20130322_1600,E10,E11,0,0.882750,0.010481,0.030604,0.076165
bbc_20130322_1600,E10,E12,0,0.984384,0.000223,0.004084,0.011309
bbc_20130322_1600,E11,E12,0,0.973966,0.000527,0.006507,0.019000
bbc_20130322_1600,E16,E20,0,0.457027,0.155502,0.094920,0.292550
bbc_20130322_1600,E21,E22,0,0.823947,0.015192,0.037845,0.123016
bbc_20130322_1600,E2,E6,0,0.778886,0.039512,0.053277,0.128326
bbc_20130322_1600,E2,E7,1,0.029992,0.805041,0.050768,0.114200
bbc_20130322_1600,E2,E8,0,0.982865,0.000303,0.004518,0.012314
bbc_20130322_1600,E2,E9,0,0.966368,0.001147,0.008339,0.024146
bbc_20130322_1600,E5,E6,1,0.126224,0.596398,0.078919,0.198459
bbc_20130322_1600,E5,E7,1,0.001796,0.956258,0.012581,0.029365
bbc_20130322_1600,E5,E8,0,0.921514,0.006407,0.019560,0.052519
bbc_20130322_1600,E5,E9,0,0.867719,0.018064,0.029778,0.084439
bbc_20130322_1600,E6,E10,1,0.008991,0.904685,0.031237,0.055087
bbc_20130322_1600,E6,E11,0,0.532412,0.136153,0.095428,0.236008
bbc_20130322_1600,E6,E12,0,0.959301,0.001246,0.011307,0.028146
bbc_20130322_1600,E7,E10,0,0.513379,0.223132,0.097576,0.165913
bbc_20130322_1600,E7,E11,0,0.980906,0.000424,0.005514,0.013156
bbc_20130322_1600,E7,E12,0,0.995419,0.000029,0.001121,0.003430
bbc_20130322_1600,E8,E10,1,0.000298,0.984462,0.004466,0.010773
bbc_20130322_1600,E8,E11,1,0.094087,0.648923,0.068166,0.188824
bbc_20130322_1600,E8,E12,0,0.862758,0.017072,0.031808,0.088362
bbc_20130322_1600,E9,E10,1,0.000662,0.976592,0.006837,0.015909
bbc_20130322_1600,E9,E11,1,0.278798,0.381365,0.085233,0.254603
bbc_20130322_1600,E9,E12,0,0.941530,0.003311,0.013819,0.041340
bbc_20130322_1600,E10,E13,0,0.983637,0.000296,0.004622,0.011444
bbc_20130322_1600,E11,E13,0,0.893521,0.009468,0.026805,0.070206
bbc_20130322_1600,E12,E13,1,0.257120,0.397437,0.096792,0.248651
bbc_20130322_1600,E13,E30,1,0.053018,0.724227,0.065171,0.157583
bbc_20130322_1600,E30,E14,0,0.945904,0.002193,0.015540,0.036362
bbc_20130322_1600,E14,E16,0,0.684155,0.056147,0.071019,0.188679
bbc_20130322_1600,E14,E20,3,0.212751,0.301112,0.119254,0.366883
bbc_20130322_1600,E16,E21,0,0.524358,0.106991,0.088231,0.280420
bbc_20130322_1600,E16,E22,0,0.972244,0.000483,0.006708,0.020565
bbc_20130322_1600,E20,E21,0,0.524447,0.091970,0.090872,0.292712
bbc_20130322_1600,E20,E22,0,0.953201,0.001148,0.011470,0.034181
bbc_20130322_1600,E21,E25,0,0.969488,0.000561,0.007436,0.022515
bbc_20130322_1600,E22,E25,0,0.910594,0.003711,0.019300,0.066395
WSJ_20130322_804,E1,E2002,0,0.849357,0.009498,0.031324,0.109820
WSJ_20130322_804,E11,E13,0,0.789772,0.015029,0.042599,0.152599
WSJ_20130322_804,E11,E14,1,0.004185,0.896364,0.021567,0.077884
WSJ_20130322_804,E13,E14,1,0.000861,0.948139,0.010344,0.040656
WSJ_20130322_804,E22,E23,1,0.128037,0.410069,0.103532,0.358363
WSJ_20130322_804,E25,E26,0,0.865958,0.011857,0.038019,0.084165
WSJ_20130322_804,E25,E30,0,0.964381,0.000825,0.009612,0.025182
WSJ_20130322_804,E26,E30,0,0.989950,0.000087,0.002407,0.007556
WSJ_20130322_804,E9,E11,0,0.647928,0.053038,0.066912,0.232123
WSJ_20130322_804,E9,E13,0,0.970590,0.000392,0.006316,0.022702
WSJ_20130322_804,E9,E14,1,0.136370,0.467944,0.081523,0.314163
WSJ_20130322_804,E11,E16,1,0.053069,0.625809,0.071733,0.249389
WSJ_20130322_804,E13,E16,1,0.008151,0.823061,0.035019,0.133770
WSJ_20130322_804,E14,E16,0,0.419782,0.165404,0.083628,0.331186
WSJ_20130322_804,E16,E17,0,0.975737,0.000274,0.005301,0.018687
WSJ_20130322_804,E17,E18,1,0.000395,0.964146,0.007329,0.028131
WSJ_20130322_804,E21,E22,0,0.542677,0.099292,0.098367,0.259664
WSJ_20130322_804,E21,E23,0,0.724133,0.024207,0.055289,0.196371
WSJ_20130322_804,E22,E25,3,0.181630,0.346999,0.121388,0.349983
WSJ_20130322_804,E22,E26,3,0.199986,0.335738,0.111287,0.352990
WSJ_20130322_804,E22,E30,0,0.904834,0.004127,0.024141,0.066898
WSJ_20130322_804,E23,E25,0,0.417101,0.115235,0.096180,0.371483
WSJ_20130322_804,E23,E26,0,0.413497,0.122312,0.089594,0.374598
WSJ_20130322_804,E23,E30,0,0.948499,0.001091,0.011105,0.039304
WSJ_20130322_804,E25,E33,0,0.989540,0.000067,0.002274,0.008119
WSJ_20130322_804,E26,E33,0,0.993091,0.000033,0.001438,0.005438
WSJ_20130322_804,E30,E33,0,0.776316,0.013532,0.045697,0.164455
WSJ_20130322_804,E33,E35,1,0.018971,0.737466,0.058318,0.185245
WSJ_20130318_731,E1,E2,1,0.148288,0.519563,0.097410,0.234740
WSJ_20130318_731,E1,E3,1,0.013700,0.803519,0.050837,0.131943
WSJ_20130318_731,E2,E3,1,0.033035,0.760351,0.062083,0.144531
WSJ_20130318_731,E11,E12,1,0.000824,0.949743,0.010784,0.038650
WSJ_20130318_731,E11,E13,3,0.269533,0.311367,0.104612,0.314488
WSJ_20130318_731,E12,E13,0,0.703756,0.045768,0.062011,0.188466
WSJ_20130318_731,E20,E21,0,0.992357,0.000047,0.001708,0.005888
WSJ_20130318_731,E20,E22,0,0.983761,0.000191,0.003964,0.012084
WSJ_20130318_731,E21,E22,0,0.817149,0.016319,0.043747,0.122785
WSJ_20130318_731,E9,E10,1,0.000258,0.977387,0.005104,0.017251
WSJ_20130318_731,E10,E11,0,0.998691,0.000003,0.000263,0.001044
WSJ_20130318_731,E10,E12,0,0.993795,0.000044,0.001482,0.004678
WSJ_20130318_731,E10,E13,0,0.997107,0.000011,0.000640,0.002242
WSJ_20130318_731,E11,E14,1,0.122284,0.465841,0.096858,0.315017
WSJ_20130318_731,E12,E14,0,0.518825,0.112505,0.089352,0.279318
WSJ_20130318_731,E13,E14,1,0.159659,0.441974,0.116140,0.282228
CNN_20130322_1003,E1,E2,1,0.000593,0.978889,0.006180,0.014339
CNN_20130322_1003,E1,E3,0,0.715892,0.094265,0.056800,0.133044
CNN_20130322_1003,E1,E5,0,0.963399,0.001779,0.009206,0.025616
CNN_20130322_1003,E2,E3,0,0.982709,0.000721,0.005504,0.011066
CNN_20130322_1003,E2,E5,0,0.996576,0.000022,0.000868,0.002534
CNN_20130322_1003,E3,E5,0,0.807327,0.039840,0.040620,0.112212
CNN_20130322_1003,E6,E7,1,0.003837,0.960350,0.013402,0.022411
CNN_20130322_1003,E9,E10,1,0.187616,0.559916,0.073046,0.179422
CNN_20130322_1003,E9,E11,1,0.000497,0.980356,0.005454,0.013694
CNN_20130322_1003,E9,E1000,1,0.000074,0.991977,0.001990,0.005959
CNN_20130322_1003,E10,E11,1,0.007119,0.933189,0.017522,0.042169
CNN_20130322_1003,E10,E1000,1,0.000334,0.984889,0.004149,0.010627
CNN_20130322_1003,E11,E1000,1,0.031291,0.840280,0.037992,0.090438
CNN_20130322_1003,E12,E13,0,0.686643,0.099909,0.068420,0.145027
CNN_20130322_1003,E12,E14,1,0.000223,0.988343,0.003484,0.007949
CNN_20130322_1003,E12,E15,1,0.000650,0.977632,0.006762,0.014956
CNN_20130322_1003,E13,E14,1,0.000140,0.990783,0.002684,0.006393
CNN_20130322_1003,E13,E15,1,0.000312,0.984268,0.004564,0.010856
CNN_20130322_1003,E14,E15,1,0.081771,0.739304,0.054378,0.124547
CNN_20130322_1003,E17,E19,1,0.002746,0.945111,0.015978,0.036165
CNN_20130322_1003,E17,E20,0,0.962953,0.000986,0.008910,0.027151
CNN_20130322_1003,E19,E20,0,0.998429,0.000004,0.000337,0.001230
CNN_20130322_1003,E23,E27,1,0.287158,0.350225,0.091342,0.271275
CNN_20130322_1003,E30,E31,1,0.005093,0.895621,0.026780,0.072506
CNN_20130322_1003,E30,E32,1,0.000014,0.995950,0.000819,0.003217
CNN_20130322_1003,E30,E33,1,0.000003,0.998600,0.000272,0.001126
CNN_20130322_1003,E31,E32,1,0.000029,0.994155,0.001245,0.004571
CNN_20130322_1003,E31,E33,1,0.000006,0.997986,0.000420,0.001588
CNN_20130322_1003,E32,E33,1,0.009297,0.921816,0.019201,0.049685
CNN_20130322_1003,E34,E36,1,0.000017,0.996058,0.000855,0.003070
CNN_20130322_1003,E40,E41,1,0.004290,0.942183,0.015677,0.037851
CNN_20130322_1003,E40,E42,1,0.000751,0.977497,0.006530,0.015222
CNN_20130322_1003,E41,E42,1,0.018217,0.895788,0.025594,0.060400
CNN_20130322_1003,E43,E44,0,0.507006,0.159838,0.089243,0.243913
CNN_20130322_1003,E45,E47,0,0.745319,0.035275,0.052925,0.166481
CNN_20130322_1003,E55,E57,0,0.970204,0.000837,0.007253,0.021705
CNN_20130322_1003,E1,E6,1,0.026549,0.870451,0.036644,0.066356
CNN_20130322_1003,E1,E7,1,0.002665,0.962930,0.011945,0.022460
CNN_20130322_1003,E2,E6,0,0.776969,0.080601,0.056249,0.086181
CNN_20130322_1003,E2,E7,0,0.410107,0.372181,0.086111,0.131601
CNN_20130322_1003,E3,E6,1,0.001378,0.972440,0.008911,0.017271
CNN_20130322_1003,E3,E7,1,0.000255,0.988379,0.003617,0.007750
CNN_20130322_1003,E5,E6,1,0.000127,0.991303,0.002532,0.006038
CNN_20130322_1003,E5,E7,1,0.000035,0.995670,0.001173,0.003123
CNN_20130322_1003,E6,E9,0,0.996904,0.000021,0.000808,0.002267
CNN_20130322_1003,E6,E10,0,0.996101,0.000039,0.001087,0.002772
CNN_20130322_1003,E6,E11,0,0.854222,0.035268,0.037098,0.073412
CNN_20130322_1003,E6,E1000,0,0.455522,0.291316,0.082827,0.170335
CNN_20130322_1003,E7,E9,0,0.997621,0.000013,0.000607,0.001759
CNN_20130322_1003,E7,E10,0,0.997081,0.000023,0.000794,0.002102
CNN_20130322_1003,E7,E11,0,0.905303,0.017421,0.026169,0.051107
CNN_20130322_1003,E7,E1000,0,0.588443,0.188178,0.073742,0.149637
CNN_20130322_1003,E9,E12,1,0.027723,0.851950,0.036759,0.083569
CNN_20130322_1003,E9,E13,1,0.022196,0.856548,0.037198,0.084057
CNN_20130322_1003,E9,E14,1,0.000014,0.997254,0.000673,0.002059
CNN_20130322_1003,E9,E15,1,0.000031,0.995240,0.001169,0.003560
CNN_20130322_1003,E10,E12,1,0.284526,0.471975,0.076439,0.167060
CNN_20130322_1003,E10,E13,1,0.232781,0.510346,0.081069,0.175804
CNN_20130322_1003,E10,E14,1,0.000042,0.995506,0.001238,0.003214
CNN_20130322_1003,E10,E15,1,0.000106,0.991869,0.002258,0.005766
CNN_20130322_1003,E11,E12,0,0.973376,0.001629,0.008369,0.016626
CNN_20130322_1003,E11,E13,0,0.967634,0.001978,0.010320,0.020068
CNN_20130322_1003,E11,E14,1,0.010632,0.927190,0.021872,0.040307
CNN_20130322_1003,E11,E15,1,0.047223,0.814232,0.046103,0.092442
CNN_20130322_1003,E1000,E12,0,0.990024,0.000276,0.003235,0.006465
CNN_20130322_1003,E1000,E13,0,0.987285,0.000369,0.004132,0.008214
CNN_20130322_1003,E1000,E14,1,0.097068,0.753146,0.057081,0.092704
CNN_20130322_1003,E1000,E15,1,0.303419,0.463234,0.084384,0.148963
CNN_20130322_1003,E12,E17,1,0.018642,0.856116,0.038439,0.086803
CNN_20130322_1003,E12,E19,1,0.000104,0.990941,0.002429,0.006526
CNN_20130322_1003,E12,E20,0,0.919906,0.007498,0.019694,0.052902
CNN_20130322_1003,E13,E17,1,0.035501,0.804274,0.050652,0.109574
CNN_20130322_1003,E13,E19,1,0.000145,0.989325,0.002955,0.007576
CNN_20130322_1003,E13,E20,0,0.936409,0.005073,0.016074,0.042444
CNN_20130322_1003,E14,E17,0,0.714629,0.085829,0.061639,0.137904
CNN_20130322_1003,E14,E19,1,0.006195,0.936203,0.018234,0.039369
CNN_20130322_1003,E14,E20,0,0.995665,0.000034,0.001103,0.003198
CNN_20130322_1003,E15,E17,0,0.565108,0.164161,0.081170,0.189561
CNN_20130322_1003,E15,E19,1,0.002192,0.959344,0.011764,0.026700
CNN_20130322_1003,E15,E20,0,0.993837,0.000059,0.001569,0.004536
CNN_20130322_1003,E17,E21,0,0.951828,0.002260,0.012568,0.033343
CNN_20130322_1003,E19,E21,0,0.996163,0.000023,0.000935,0.002879
CNN_20130322_1003,E20,E21,1,0.174469,0.523009,0.067585,0.234937
CNN_20130322_1003,E21,E23,0,0.771250,0.042244,0.048615,0.137891
CNN_20130322_1003,E21,E27,0,0.880678,0.015438,0.030878,0.073006
CNN_20130322_1003,E30,E34,0,0.638942,0.073830,0.078829,0.208400
CNN_20130322_1003,E30,E36,1,0.000181,0.985982,0.003654,0.010183
CNN_20130322_1003,E31,E34,0,0.923781,0.003898,0.017252,0.055069
CNN_20130322_1003,E31,E36,1,0.000119,0.989265,0.002701,0.007915
CNN_20130322_1003,E32,E34,0,0.998290,0.000004,0.000353,0.001352
CNN_20130322_1003,E32,E36,0,0.547772,0.196241,0.073673,0.182314
CNN_20130322_1003,E33,E34,0,0.998793,0.000003,0.000257,0.000947
CNN_20130322_1003,E33,E36,0,0.641266,0.160658,0.063228,0.134848
CNN_20130322_1003,E34,E38,1,0.099507,0.532701,0.085063,0.282729
CNN_20130322_1003,E36,E38,0,0.991789,0.000075,0.002056,0.006079
CNN_20130322_1003,E38,E40,0,0.363081,0.290336,0.098786,0.247797
CNN_20130322_1003,E38,E41,1,0.004901,0.932124,0.018648,0.044327
CNN_20130322_1003,E38,E42,1,0.000737,0.974954,0.007231,0.017078
CNN_20130322_1003,E40,E43,0,0.875539,0.012543,0.031384,0.080534
CNN_20130322_1003,E40,E44,0,0.932448,0.004815,0.017402,0.045335
CNN_20130322_1003,E41,E43,0,0.976343,0.000639,0.006359,0.016659
CNN_20130322_1003,E41,E44,0,0.987551,0.000230,0.003329,0.008890
CNN_20130322_1003,E42,E43,0,0.985083,0.000275,0.004145,0.010497
CNN_20130322_1003,E42,E44,0,0.991526,0.000111,0.002286,0.006078
CNN_20130322_1003,E43,E45,0,0.565967,0.078049,0.089166,0.266818
CNN_20130322_1003,E43,E47,0,0.760894,0.034542,0.054727,0.149836
CNN_20130322_1003,E44,E45,1,0.110373,0.513878,0.088558,0.287191
CNN_20130322_1003,E44,E47,1,0.200702,0.438432,0.089391,0.271475
CNN_20130322_1003,E45,E48,0,0.708117,0.038492,0.060809,0.192582
CNN_20130322_1003,E47,E48,0,0.406666,0.214621,0.091758,0.286955
CNN_20130322_1003,E48,E50,0,0.979499,0.000330,0.005217,0.014955
CNN_20130322_1003,E50,E51,1,0.015029,0.816265,0.038088,0.130618
CNN_20130322_1003,E51,E52,0,0.803685,0.012556,0.039434,0.144325
CNN_20130322_1003,E52,E53,0,0.968030,0.000403,0.006839,0.024728
CNN_20130322_1003,E53,E55,1,0.165970,0.423280,0.104268,0.306483
