WSJ_20130322_159,E5,E6,1,0.002042,0.946693,0.013004,0.038261
WSJ_20130322_159,E5,E10,1,0.070050,0.635870,0.072860,0.221220
WSJ_20130322_159,E5,E11,0,0.435369,0.173942,0.093081,0.297608
WSJ_20130322_159,E6,E10,1,0.219536,0.397354,0.096732,0.286378
WSJ_20130322_159,E6,E11,0,0.769252,0.026993,0.045339,0.158416
WSJ_20130322_159,E10,E11,0,0.628677,0.051687,0.066193,0.253444
WSJ_20130322_159,E12,E14,3,0.157586,0.365464,0.090099,0.386851
WSJ_20130322_159,E18,E19,0,0.774297,0.019078,0.044154,0.162472
WSJ_20130322_159,E20,E22,1,0.000092,0.987970,0.002694,0.009244
WSJ_20130322_159,E29,E31,0,0.942906,0.001284,0.010407,0.045403
WSJ_20130322_159,E29,E34,1,0.017049,0.808576,0.039278,0.135097
WSJ_20130322_159,E29,E37,0,0.870835,0.007820,0.026331,0.095015
WSJ_20130322_159,E31,E34,1,0.000686,0.958161,0.008985,0.032167
WSJ_20130322_159,E31,E37,0,0.383676,0.172206,0.093128,0.350990
WSJ_20130322_159,E34,E37,0,0.993592,0.000032,0.001375,0.005002
WSJ_20130322_159,E38,E39,1,0.000883,0.959742,0.010512,0.028863
WSJ_20130322_159,E38,E40,1,0.054017,0.595482,0.074363,0.276138
WSJ_20130322_159,E39,E40,0,0.595747,0.070020,0.074003,0.260230
WSJ_20130322_159,E42,E44,1,0.000116,0.986056,0.003054,0.010774
WSJ_20130322_159,E46,E47,1,0.002303,0.933683,0.015260,0.048755
WSJ_20130322_159,E46,E49,0,0.438781,0.132253,0.083239,0.345727
WSJ_20130322_159,E47,E49,0,0.764934,0.024777,0.042859,0.167430
WSJ_20130322_159,E1,E5,1,0.050441,0.681249,0.057676,0.210633
WSJ_20130322_159,E1,E6,1,0.000707,0.965236,0.008072,0.025985
WSJ_20130322_159,E1,E10,1,0.029478,0.713706,0.053773,0.203044
WSJ_20130322_159,E1,E11,3,0.337242,0.210709,0.092949,0.359099
WSJ_20130322_159,E5,E12,0,0.984050,0.000144,0.003380,0.012427
WSJ_20130322_159,E5,E14,0,0.935383,0.001738,0.012763,0.050116
WSJ_20130322_159,E6,E12,0,0.992712,0.000038,0.001543,0.005706
WSJ_20130322_159,E6,E14,0,0.953788,0.000967,0.009258,0.035986
WSJ_20130322_159,E10,E12,0,0.984675,0.000103,0.002837,0.012385
WSJ_20130322_159,E10,E14,0,0.912711,0.002391,0.016447,0.068451
WSJ_20130322_159,E11,E12,0,0.975353,0.000261,0.005014,0.019372
WSJ_20130322_159,E11,E14,0,0.820817,0.009947,0.032741,0.136496
WSJ_20130322_159,E12,E18,0,0.836582,0.007414,0.025671,0.130332
WSJ_20130322_159,E12,E19,0,0.589285,0.065882,0.074949,0.269884
WSJ_20130322_159,E14,E18,0,0.972597,0.000235,0.004374,0.022794
WSJ_20130322_159,E14,E19,0,0.910868,0.002994,0.017012,0.069126
WSJ_20130322_159,E18,E20,1,0.002164,0.908514,0.017616,0.071705
WSJ_20130322_159,E18,E22,1,0.000004,0.997591,0.000426,0.001979
WSJ_20130322_159,E19,E20,1,0.000849,0.942629,0.010471,0.046051
WSJ_20130322_159,E19,E22,1,0.000001,0.998782,0.000200,0.001017
WSJ_20130322_159,E20,E26,1,0.189906,0.413855,0.086960,0.309279
WSJ_20130322_159,E22,E26,0,0.979189,0.000397,0.004796,0.015619
WSJ_20130322_159,E26,E29,0,0.994573,0.000019,0.001028,0.004380
WSJ_20130322_159,E26,E31,0,0.998844,0.000001,0.000189,0.000966
WSJ_20130322_159,E26,E34,0,0.868607,0.009134,0.028263,0.093997
WSJ_20130322_159,E26,E37,0,0.995353,0.000017,0.000956,0.003674
WSJ_20130322_159,E29,E38,1,0.107583,0.520007,0.082837,0.289573
WSJ_20130322_159,E29,E39,1,0.000245,0.980148,0.004506,0.015102
WSJ_20130322_159,E29,E40,1,0.006509,0.852611,0.028748,0.112131
WSJ_20130322_159,E31,E38,1,0.003523,0.895016,0.021830,0.079631
WSJ_20130322_159,E31,E39,1,0.000042,0.991937,0.001633,0.006389
WSJ_20130322_159,E31,E40,1,0.000343,0.967726,0.006297,0.025634
WSJ_20130322_159,E34,E38,0,0.880222,0.005731,0.022976,0.091072
WSJ_20130322_159,E34,E39,1,0.085146,0.634502,0.064896,0.215456
WSJ_20130322_159,E34,E40,0,0.472381,0.126974,0.083666,0.316979
WSJ_20130322_159,E37,E38,1,0.007440,0.816900,0.032318,0.143342
WSJ_20130322_159,E37,E39,1,0.000071,0.988210,0.002305,0.009415
WSJ_20130322_159,E37,E40,1,0.000612,0.952210,0.008994,0.038184
WSJ_20130322_159,E38,E42,0,0.911567,0.002298,0.016579,0.069556
WSJ_20130322_159,E38,E44,1,0.009329,0.843352,0.031906,0.115413
WSJ_20130322_159,E39,E42,0,0.986050,0.000097,0.002758,0.011095
WSJ_20130322_159,E39,E44,0,0.320110,0.276450,0.094500,0.308941
WSJ_20130322_159,E40,E42,0,0.967661,0.000408,0.006647,0.025284
WSJ_20130322_159,E40,E44,1,0.159793,0.410761,0.093998,0.335448
WSJ_20130322_159,E42,E46,0,0.902576,0.002270,0.016353,0.078800
WSJ_20130322_159,E42,E47,3,0.334263,0.216465,0.085223,0.364050
WSJ_20130322_159,E42,E49,0,0.757467,0.019747,0.038898,0.183888
WSJ_20130322_159,E44,E46,0,0.991341,0.000037,0.001608,0.007014
WSJ_20130322_159,E44,E47,0,0.947006,0.001085,0.009417,0.042491
WSJ_20130322_159,E44,E49,0,0.987215,0.000085,0.002484,0.010216
WSJ_20130322_159,E46,E55,0,0.885301,0.005575,0.021805,0.087318
WSJ_20130322_159,E47,E55,0,0.987118,0.000125,0.002762,0.009996
WSJ_20130322_159,E49,E55,0,0.891220,0.008262,0.021047,0.079471
nyt_20130322_strange_computer,E8,E11,0,0.995834,0.000013,0.000828,0.003324
nyt_20130322_strange_computer,E14,E16,1,0.000312,0.977229,0.005479,0.016979
nyt_20130322_strange_computer,E19,E22,3,0.340693,0.196817,0.101713,0.360777
nyt_20130322_strange_computer,E19,E23,1,0.043572,0.683993,0.064102,0.208333
nyt_20130322_strange_computer,E22,E23,1,0.179629,0.427860,0.095594,0.296918
nyt_20130322_strange_computer,E6,E8,1,0.090277,0.621182,0.073993,0.214548
nyt_20130322_strange_computer,E6,E11,0,0.993733,0.000026,0.001248,0.004993
nyt_20130322_strange_computer,E8,E14,0,0.996213,0.000014,0.000826,0.002947
nyt_20130322_strange_computer,E8,E16,0,0.793512,0.026639,0.047137,0.132713
nyt_20130322_strange_computer,E11,E14,0,0.825427,0.014290,0.039096,0.121187
nyt_20130322_strange_computer,E11,E16,1,0.000734,0.962850,0.009240,0.027176
nyt_20130322_strange_computer,E14,E19,0,0.394280,0.187349,0.099136,0.319236
nyt_20130322_strange_computer,E14,E22,1,0.097361,0.480404,0.091549,0.330686
nyt_20130322_strange_computer,E14,E23,1,0.050671,0.672294,0.067227,0.209808
nyt_20130322_strange_computer,E16,E19,0,0.983702,0.000168,0.003672,0.012458
nyt_20130322_strange_computer,E16,E22,0,0.962391,0.000701,0.008457,0.028450
nyt_20130322_strange_computer,E16,E23,0,0.864168,0.011209,0.030187,0.094436
nyt_20130322_strange_computer,E19,E24,0,0.724130,0.035229,0.055587,0.185054
nyt_20130322_strange_computer,E22,E24,0,0.831277,0.015599,0.036911,0.116212
nyt_20130322_strange_computer,E23,E24,0,0.829472,0.016315,0.036682,0.117531
CNN_20130321_821,E4,E5,0,0.369873,0.219130,0.117607,0.293390
CNN_20130321_821,E5,E8,0,0.909163,0.003294,0.018165,0.069377
CNN_20130321_821,E8,E1000,0,0.728833,0.020289,0.050465,0.200413
CNN_20130321_821,E1002,E20,0,0.869434,0.004870,0.028553,0.097143
nyt_20130321_cyprus,E2,E5,1,0.056513,0.656678,0.073437,0.213373
nyt_20130321_cyprus,E7,E2009,1,0.016458,0.759907,0.045264,0.178371
nyt_20130321_cyprus,E13,E15,3,0.357345,0.141758,0.100618,0.400279
nyt_20130321_cyprus,E22,E23,1,0.028577,0.694316,0.057185,0.219923
nyt_20130321_cyprus,E22,E24,1,0.000037,0.991916,0.001565,0.006481
nyt_20130321_cyprus,E23,E24,1,0.001137,0.945123,0.011689,0.042051
nyt_20130321_cyprus,E33,E35,0,0.599023,0.085797,0.079601,0.235579
nyt_20130321_cyprus,E41,E42,1,0.006748,0.867787,0.028453,0.097012
nyt_20130321_cyprus,E46,E47,0,0.956079,0.001303,0.009073,0.033545
nyt_20130321_cyprus,E48,E51,0,0.988197,0.000091,0.002643,0.009069
nyt_20130321_cyprus,E2,E7,0,0.952434,0.000960,0.010888,0.035718
nyt_20130321_cyprus,E2,E2009,0,0.773905,0.015988,0.046926,0.163181
nyt_20130321_cyprus,E5,E7,0,0.990310,0.000064,0.002160,0.007466
nyt_20130321_cyprus,E5,E2009,0,0.964057,0.000549,0.007877,0.027517
nyt_20130321_cyprus,E7,E9,1,0.000229,0.978334,0.004668,0.016768
nyt_20130321_cyprus,E2009,E9,1,0.008105,0.865863,0.031223,0.094809
nyt_20130321_cyprus,E10,E13,0,0.955011,0.000926,0.010296,0.033767
nyt_20130321_cyprus,E10,E15,0,0.976245,0.000229,0.004770,0.018755
nyt_20130321_cyprus,E13,E21,0,0.637943,0.053072,0.070401,0.238584
nyt_20130321_cyprus,E15,E21,0,0.777721,0.018226,0.044457,0.159596
nyt_20130321_cyprus,E21,E22,0,0.892713,0.003559,0.019534,0.084194
nyt_20130321_cyprus,E21,E23,3,0.257547,0.246063,0.102314,0.394076
nyt_20130321_cyprus,E21,E24,1,0.000120,0.984959,0.003140,0.011782
nyt_20130321_cyprus,E22,E25,1,0.000179,0.980397,0.004077,0.015347
nyt_20130321_cyprus,E23,E25,1,0.009867,0.832271,0.035116,0.122746
nyt_20130321_cyprus,E24,E25,0,0.858996,0.011205,0.031455,0.098345
nyt_20130321_cyprus,E33,E36,3,0.196408,0.317086,0.109701,0.376804
nyt_20130321_cyprus,E35,E36,3,0.189305,0.287546,0.098200,0.424949
nyt_20130321_cyprus,E36,E41,0,0.943206,0.001179,0.011629,0.043986
nyt_20130321_cyprus,E36,E42,1,0.087921,0.566778,0.076669,0.268632
nyt_20130321_cyprus,E46,E48,3,0.324096,0.248609,0.099622,0.327673
nyt_20130321_cyprus,E46,E51,0,0.987482,0.000112,0.002895,0.009511
nyt_20130321_cyprus,E47,E48,1,0.005481,0.885781,0.024622,0.084116
nyt_20130321_cyprus,E47,E51,0,0.859823,0.009073,0.027312,0.103791
nyt_20130321_cyprus,E48,E57,1,0.003363,0.906991,0.020542,0.069104
nyt_20130321_cyprus,E51,E57,1,0.000035,0.991429,0.001569,0.006967
bbc_20130322_1353,E1,E5,1,0.000055,0.989882,0.002026,0.008036
bbc_20130322_1353,E8,E10,1,0.000056,0.991507,0.001975,0.006463
bbc_20130322_1353,E15,E16,1,0.004385,0.888965,0.022557,0.084093
bbc_20130322_1353,E19,E20,1,0.000182,0.989194,0.003214,0.007410
bbc_20130322_1353,E19,E21,1,0.038203,0.807202,0.047575,0.107020
bbc_20130322_1353,E20,E21,0,0.684512,0.089406,0.059051,0.167030
bbc_20130322_1353,E23,E25,1,0.019575,0.814345,0.039548,0.126532
bbc_20130322_1353,E23,E26,1,0.001601,0.950792,0.012362,0.035244
bbc_20130322_1353,E23,E27,1,0.000087,0.989866,0.002407,0.007640
bbc_20130322_1353,E25,E26,1,0.001999,0.953800,0.011274,0.032928
bbc_20130322_1353,E25,E27,1,0.000060,0.992332,0.001844,0.005764
bbc_20130322_1353,E26,E27,1,0.000676,0.971868,0.007375,0.020081
bbc_20130322_1353,E28,E29,1,0.000074,0.990894,0.002160,0.006872
bbc_20130322_1353,E28,E31,1,0.000131,0.988062,0.002955,0.008851
bbc_20130322_1353,E29,E31,0,0.526532,0.189400,0.073800,0.210268
bbc_20130322_1353,E33,E34,0,0.923981,0.002727,0.015196,0.058096
bbc_20130322_1353,E35,E36,0,0.674047,0.058356,0.060002,0.207595
bbc_20130322_1353,E35,E37,1,0.001704,0.947565,0.013451,0.037280
bbc_20130322_1353,E36,E37,1,0.001002,0.950757,0.010347,0.037894
bbc_20130322_1353,E1,E8,0,0.720920,0.029867,0.048516,0.200697
bbc_20130322_1353,E1,E10,1,0.000098,0.988498,0.002626,0.008778
bbc_20130322_1353,E5,E8,0,0.997891,0.000004,0.000391,0.001714
bbc_20130322_1353,E5,E10,0,0.532106,0.162251,0.074561,0.231082
bbc_20130322_1353,E8,E11,3,0.273076,0.236047,0.090147,0.400730
bbc_20130322_1353,E10,E11,0,0.993346,0.000039,0.001514,0.005101
bbc_20130322_1353,E11,E13,3,0.249830,0.286060,0.091858,0.372252
bbc_20130322_1353,E13,E15,0,0.951805,0.000985,0.011462,0.035748
bbc_20130322_1353,E13,E16,0,0.820416,0.015064,0.039290,0.125230
bbc_20130322_1353,E15,E17,1,0.015987,0.769503,0.041184,0.173326
bbc_20130322_1353,E16,E17,3,0.258979,0.241488,0.095074,0.404460
bbc_20130322_1353,E17,E19,1,0.000398,0.977785,0.005657,0.016160
bbc_20130322_1353,E17,E20,1,0.000011,0.996985,0.000665,0.002340
bbc_20130322_1353,E17,E21,1,0.000250,0.980618,0.004705,0.014427
bbc_20130322_1353,E19,E23,0,0.988062,0.000133,0.003023,0.008782
bbc_20130322_1353,E19,E25,0,0.977125,0.000562,0.005850,0.016462
bbc_20130322_1353,E19,E26,0,0.650643,0.110402,0.069429,0.169526
bbc_20130322_1353,E19,E27,1,0.010108,0.905888,0.025511,0.058493
bbc_20130322_1353,E20,E23,0,0.996760,0.000013,0.000743,0.002484
bbc_20130322_1353,E20,E25,0,0.994782,0.000034,0.001277,0.003908
bbc_20130322_1353,E20,E26,0,0.968086,0.001135,0.007696,0.023083
bbc_20130322_1353,E20,E27,0,0.407499,0.274130,0.083333,0.235037
bbc_20130322_1353,E21,E23,0,0.986959,0.000144,0.003067,0.009830
bbc_20130322_1353,E21,E25,0,0.962567,0.001376,0.008646,0.027411
bbc_20130322_1353,E21,E26,0,0.741967,0.063348,0.051521,0.143164
bbc_20130322_1353,E21,E27,1,0.019968,0.859205,0.033404,0.087424
bbc_20130322_1353,E23,E28,0,0.585788,0.108798,0.076873,0.228541
bbc_20130322_1353,E23,E29,1,0.013726,0.868610,0.031043,0.086620
bbc_20130322_1353,E23,E31,1,0.060196,0.725744,0.055112,0.158948
bbc_20130322_1353,E25,E28,0,0.866937,0.015536,0.029110,0.088417
bbc_20130322_1353,E25,E29,1,0.032429,0.812728,0.039288,0.115555
bbc_20130322_1353,E25,E31,1,0.193430,0.515699,0.070919,0.219953
bbc_20130322_1353,E26,E28,0,0.974360,0.000679,0.006472,0.018489
bbc_20130322_1353,E26,E29,0,0.376653,0.297887,0.084783,0.240676
bbc_20130322_1353,E26,E31,0,0.735101,0.067646,0.050247,0.147007
bbc_20130322_1353,E27,E28,0,0.996964,0.000014,0.000743,0.002278
bbc_20130322_1353,E27,E29,0,0.937656,0.005074,0.015399,0.041872
bbc_20130322_1353,E27,E31,0,0.981650,0.000551,0.004617,0.013183
bbc_20130322_1353,E28,E33,1,0.012753,0.842018,0.032553,0.112676
bbc_20130322_1353,E28,E34,0,0.636980,0.056344,0.060504,0.246172
bbc_20130322_1353,E29,E33,0,0.932503,0.003053,0.014824,0.049620
bbc_20130322_1353,E29,E34,0,0.992917,0.000031,0.001377,0.005674
bbc_20130322_1353,E31,E33,0,0.916314,0.006358,0.018600,0.058728
bbc_20130322_1353,E31,E34,0,0.992362,0.000042,0.001571,0.006025
bbc_20130322_1353,E33,E35,0,0.987561,0.000070,0.002378,0.009991
bbc_20130322_1353,E33,E36,0,0.997282,0.000006,0.000497,0.002216
bbc_20130322_1353,E33,E37,0,0.924779,0.003711,0.017610,0.053900
bbc_20130322_1353,E34,E35,0,0.992851,0.000029,0.001344,0.005777
bbc_20130322_1353,E34,E36,0,0.995819,0.000012,0.000776,0.003393
bbc_20130322_1353,E34,E37,0,0.617683,0.075543,0.064792,0.241981
nyt_20130321_women_senate,E1000009,E2,1,0.200065,0.482078,0.078127,0.239731
nyt_20130321_women_senate,E4,E5,1,0.009063,0.893794,0.025977,0.071165
nyt_20130321_women_senate,E4,E6,1,0.331972,0.350446,0.080029,0.237553
nyt_20130321_women_senate,E5,E6,0,0.897235,0.011584,0.023374,0.067807
nyt_20130321_women_senate,E9,E10,0,0.983058,0.000153,0.003572,0.013217
nyt_20130321_women_senate,E11,E12,0,0.948429,0.003547,0.013183,0.034841
nyt_20130321_women_senate,E14,E15,1,0.022045,0.793875,0.045439,0.138641
nyt_20130321_women_senate,E16,E17,1,0.021867,0.764160,0.043290,0.170683
nyt_20130321_women_senate,E19,E20,1,0.000045,0.992114,0.001721,0.006120
nyt_20130321_women_senate,E19,E21,1,0.005795,0.884207,0.026501,0.083498
nyt_20130321_women_senate,E20,E21,0,0.825211,0.013581,0.037054,0.124155
nyt_20130321_women_senate,E23,E24,0,0.925139,0.002348,0.016520,0.055993
nyt_20130321_women_senate,E26,E27,0,0.938805,0.003831,0.019167,0.038197
nyt_20130321_women_senate,E26,E1000014,0,0.849958,0.013493,0.036925,0.099624
nyt_20130321_women_senate,E27,E1000014,1,0.034671,0.757989,0.064372,0.142968
nyt_20130321_women_senate,E37,E1000015,1,0.139994,0.416657,0.107994,0.335355
nyt_20130321_women_senate,E40,E41,0,0.824472,0.015129,0.033907,0.126492
nyt_20130321_women_senate,E40,E42,3,0.285865,0.308281,0.091037,0.314817
nyt_20130321_women_senate,E41,E42,1,0.050817,0.679595,0.060303,0.209285
nyt_20130321_women_senate,E43,E47,0,0.994572,0.000017,0.001006,0.004406
nyt_20130321_women_senate,E43,E48,0,0.995325,0.000014,0.000875,0.003786
nyt_20130321_women_senate,E47,E48,0,0.749423,0.019676,0.048708,0.182192
nyt_20130321_women_senate,E49,E50,0,0.937791,0.002377,0.014118,0.045713
nyt_20130321_women_senate,E49,E53,1,0.002923,0.943157,0.015334,0.038586
nyt_20130321_women_senate,E50,E53,1,0.000101,0.988063,0.002782,0.009054
nyt_20130321_women_senate,E1000009,E4,0,0.610112,0.104610,0.066754,0.218524
nyt_20130321_women_senate,E1000009,E5,1,0.001602,0.958286,0.010902,0.029210
nyt_20130321_women_senate,E1000009,E6,1,0.162233,0.554079,0.070873,0.212815
nyt_20130321_women_senate,E2,E4,0,0.866312,0.013439,0.029408,0.090841
nyt_20130321_women_senate,E2,E5,1,0.026336,0.809275,0.042185,0.122204
nyt_20130321_women_senate,E2,E6,0,0.566175,0.142830,0.069127,0.221867
nyt_20130321_women_senate,E4,E7,0,0.959845,0.001691,0.009976,0.028488
nyt_20130321_women_senate,E5,E7,0,0.992408,0.000072,0.001966,0.005553
nyt_20130321_women_senate,E6,E7,0,0.969119,0.001252,0.007816,0.021813
nyt_20130321_women_senate,E7,E8,1,0.000102,0.987449,0.002770,0.009680
nyt_20130321_women_senate,E8,E9,0,0.981720,0.000281,0.004005,0.013994
nyt_20130321_women_senate,E8,E10,0,0.999225,0.000001,0.000146,0.000629
nyt_20130321_women_senate,E11,E1000012,0,0.975710,0.000513,0.005884,0.017893
nyt_20130321_women_senate,E12,E1000012,1,0.267125,0.374197,0.087501,0.271178
nyt_20130321_women_senate,E14,E16,0,0.974317,0.000445,0.006029,0.019209
nyt_20130321_women_senate,E14,E17,0,0.932582,0.002284,0.014093,0.051041
nyt_20130321_women_senate,E15,E16,0,0.985982,0.000138,0.003253,0.010627
nyt_20130321_women_senate,E15,E17,0,0.964710,0.000625,0.007374,0.027291
nyt_20130321_women_senate,E16,E19,1,0.006378,0.886215,0.024180,0.083226
nyt_20130321_women_senate,E16,E20,1,0.000012,0.995831,0.000806,0.003351
nyt_20130321_women_senate,E16,E21,1,0.000471,0.968758,0.007314,0.023457
nyt_20130321_women_senate,E17,E19,1,0.176052,0.446628,0.085624,0.291696
nyt_20130321_women_senate,E17,E20,1,0.000064,0.990058,0.002168,0.007709
nyt_20130321_women_senate,E17,E21,1,0.009890,0.845709,0.031843,0.112558
nyt_20130321_women_senate,E19,E22,1,0.038999,0.730647,0.053016,0.177338
nyt_20130321_women_senate,E20,E22,0,0.935701,0.002251,0.013635,0.048413
nyt_20130321_women_senate,E21,E22,0,0.558032,0.093181,0.074467,0.274320
nyt_20130321_women_senate,E22,E23,0,0.839895,0.010132,0.029192,0.120782
nyt_20130321_women_senate,E22,E24,0,0.991686,0.000045,0.001723,0.006546
nyt_20130321_women_senate,E23,E25,0,0.840092,0.008358,0.030285,0.121266
nyt_20130321_women_senate,E24,E25,0,0.480026,0.104053,0.080923,0.334999
nyt_20130321_women_senate,E25,E26,1,0.000148,0.986478,0.003354,0.010020
nyt_20130321_women_senate,E25,E27,1,0.036299,0.768071,0.059521,0.136110
nyt_20130321_women_senate,E25,E1000014,1,0.009669,0.852410,0.033481,0.104441
nyt_20130321_women_senate,E26,E29,0,0.761393,0.024660,0.056407,0.157540
nyt_20130321_women_senate,E27,E29,1,0.074284,0.615229,0.095994,0.214494
nyt_20130321_women_senate,E1000014,E29,1,0.211599,0.356822,0.111331,0.320248
nyt_20130321_women_senate,E29,E36,0,0.989229,0.000065,0.002279,0.008427
nyt_20130321_women_senate,E36,E37,0,0.834797,0.007660,0.029943,0.127600
nyt_20130321_women_senate,E36,E1000015,0,0.374084,0.161255,0.107818,0.356843
nyt_20130321_women_senate,E37,E40,1,0.000178,0.980393,0.004093,0.015335
nyt_20130321_women_senate,E37,E41,1,0.001754,0.926911,0.015241,0.056095
nyt_20130321_women_senate,E37,E42,1,0.000217,0.978494,0.004583,0.016707
nyt_20130321_women_senate,E1000015,E40,1,0.001825,0.935156,0.016186,0.046833
nyt_20130321_women_senate,E1000015,E41,1,0.096274,0.533610,0.090597,0.279519
nyt_20130321_women_senate,E1000015,E42,1,0.002101,0.931172,0.017397,0.049331
nyt_20130321_women_senate,E40,E43,1,0.183309,0.404840,0.089834,0.322017
nyt_20130321_women_senate,E40,E47,0,0.979393,0.000184,0.004072,0.016351
nyt_20130321_women_senate,E40,E48,0,0.982015,0.000150,0.003719,0.014116
nyt_20130321_women_senate,E41,E43,1,0.029850,0.733118,0.051685,0.185347
nyt_20130321_women_senate,E41,E47,0,0.935331,0.001489,0.012535,0.050645
nyt_20130321_women_senate,E41,E48,0,0.957253,0.000673,0.008969,0.033105
nyt_20130321_women_senate,E42,E43,1,0.173654,0.436698,0.087968,0.301680
nyt_20130321_women_senate,E42,E47,0,0.980948,0.000173,0.003887,0.014993
nyt_20130321_women_senate,E42,E48,0,0.983734,0.000136,0.003456,0.012674
nyt_20130321_women_senate,E43,E49,0,0.946851,0.001602,0.011774,0.039773
nyt_20130321_women_senate,E43,E50,0,0.994720,0.000018,0.001022,0.004239
nyt_20130321_women_senate,E43,E53,1,0.223874,0.403464,0.087042,0.285621
nyt_20130321_women_senate,E47,E49,1,0.012337,0.832200,0.035361,0.120102
nyt_20130321_women_senate,E47,E50,0,0.567167,0.080069,0.071756,0.281008
nyt_20130321_women_senate,E47,E53,1,0.000067,0.989772,0.002229,0.007932
nyt_20130321_women_senate,E48,E49,1,0.010368,0.834112,0.036429,0.119091
nyt_20130321_women_senate,E48,E50,0,0.521326,0.088937,0.081642,0.308095
nyt_20130321_women_senate,E48,E53,1,0.000094,0.987368,0.002775,0.009764
bbc_20130322_1150,E1,E2,0,0.919935,0.008704,0.019961,0.051401
bbc_20130322_1150,E6,E7,1,0.033194,0.675792,0.063581,0.227433
bbc_20130322_1150,E8,E10,1,0.016164,0.852431,0.037203,0.094203
bbc_20130322_1150,E8,E11,0,0.522910,0.152647,0.089526,0.234918
bbc_20130322_1150,E10,E11,0,0.674295,0.086970,0.067402,0.171333
bbc_20130322_1150,E14,E15,1,0.031862,0.749129,0.049761,0.169248
bbc_20130322_1150,E14,E17,1,0.277890,0.327121,0.088243,0.306746
bbc_20130322_1150,E15,E17,0,0.690126,0.051221,0.057126,0.201528
bbc_20130322_1150,E19,E20,0,0.433103,0.214125,0.100727,0.252046
bbc_20130322_1150,E19,E21,0,0.925157,0.003915,0.017845,0.053083
bbc_20130322_1150,E20,E21,0,0.687015,0.082922,0.063907,0.166156
bbc_20130322_1150,E23,E24,0,0.794643,0.015347,0.041330,0.148681
bbc_20130322_1150,E29,E30,0,0.993484,0.000050,0.001771,0.004695
bbc_20130322_1150,E53,E35,0,0.997751,0.000005,0.000437,0.001807
bbc_20130322_1150,E39,E40,0,0.986627,0.000137,0.003283,0.009953
bbc_20130322_1150,E41,E42,1,0.000101,0.988533,0.002739,0.008626
bbc_20130322_1150,E41,E43,1,0.005701,0.897959,0.025813,0.070527
bbc_20130322_1150,E42,E43,0,0.979575,0.000274,0.004933,0.015218
bbc_20130322_1150,E1,E3,0,0.993551,0.000050,0.001549,0.004850
bbc_20130322_1150,E2,E3,0,0.873315,0.016588,0.026707,0.083390
bbc_20130322_1150,E3,E4,1,0.000210,0.983871,0.004079,0.011839
bbc_20130322_1150,E4,E6,0,0.999571,0.000000,0.000070,0.000359
bbc_20130322_1150,E4,E7,0,0.994204,0.000025,0.001198,0.004573
bbc_20130322_1150,E6,E8,1,0.000155,0.984005,0.003694,0.012146
bbc_20130322_1150,E6,E10,1,0.000074,0.990012,0.002287,0.007628
bbc_20130322_1150,E6,E11,1,0.000605,0.966740,0.008267,0.024389
bbc_20130322_1150,E7,E8,1,0.006398,0.893549,0.026276,0.073777
bbc_20130322_1150,E7,E10,1,0.001398,0.954519,0.012030,0.032054
bbc_20130322_1150,E7,E11,1,0.072674,0.660250,0.071569,0.195507
bbc_20130322_1150,E8,E12,0,0.952638,0.001268,0.011473,0.034621
bbc_20130322_1150,E10,E12,0,0.975273,0.000481,0.006135,0.018111
bbc_20130322_1150,E11,E12,0,0.700289,0.065528,0.062645,0.171538
bbc_20130322_1150,E12,E14,0,0.968056,0.000700,0.008415,0.022829
bbc_20130322_1150,E12,E15,0,0.952778,0.001335,0.012147,0.033740
bbc_20130322_1150,E12,E17,0,0.985605,0.000138,0.003295,0.010962
bbc_20130322_1150,E18,E19,0,0.849868,0.009994,0.040864,0.099274
bbc_20130322_1150,E18,E20,0,0.942704,0.002002,0.017429,0.037865
bbc_20130322_1150,E18,E21,0,0.991501,0.000061,0.002154,0.006285
bbc_20130322_1150,E19,E23,0,0.931686,0.002619,0.016379,0.049317
bbc_20130322_1150,E19,E24,0,0.727845,0.033388,0.056910,0.181856
bbc_20130322_1150,E20,E23,0,0.737809,0.040594,0.054084,0.167514
bbc_20130322_1150,E20,E24,1,0.260808,0.346264,0.099715,0.293213
bbc_20130322_1150,E21,E23,0,0.647500,0.065536,0.064047,0.222917
bbc_20130322_1150,E21,E24,1,0.225125,0.370012,0.094450,0.310414
bbc_20130322_1150,E28,E29,1,0.000016,0.996367,0.000908,0.002709
bbc_20130322_1150,E28,E30,1,0.017745,0.811881,0.037103,0.133272
bbc_20130322_1150,E29,E34,0,0.999295,0.000001,0.000148,0.000556
bbc_20130322_1150,E30,E34,0,0.981529,0.000235,0.004200,0.014036
bbc_20130322_1150,E34,E53,1,0.000194,0.982143,0.004022,0.013641
bbc_20130322_1150,E34,E35,0,0.914472,0.004200,0.016831,0.064497
bbc_20130322_1150,E53,E36,0,0.990084,0.000083,0.002363,0.007470
bbc_20130322_1150,E35,E36,1,0.009756,0.866317,0.030183,0.093743
bbc_20130322_1150,E36,E39,1,0.000355,0.973325,0.006033,0.020287
bbc_20130322_1150,E36,E40,1,0.052008,0.613992,0.068134,0.265867
bbc_20130322_1150,E39,E41,0,0.996747,0.000009,0.000629,0.002614
bbc_20130322_1150,E39,E42,0,0.386824,0.218386,0.108899,0.285892
bbc_20130322_1150,E39,E43,0,0.964781,0.000940,0.009587,0.024691
bbc_20130322_1150,E40,E41,0,0.970894,0.000502,0.005998,0.022606
bbc_20130322_1150,E40,E42,1,0.000886,0.957358,0.010106,0.031650
bbc_20130322_1150,E40,E43,0,0.317318,0.284886,0.094212,0.303584
bbc_20130322_1150,E41,E44,1,0.047263,0.715159,0.059143,0.178435
bbc_20130322_1150,E42,E44,0,0.992164,0.000053,0.001780,0.006003
bbc_20130322_1150,E43,E44,0,0.448428,0.223108,0.083226,0.245238
bbc_20130322_332,E1,E2,0,0.504058,0.104066,0.081212,0.310664
bbc_20130322_332,E1,E3,1,0.006552,0.856040,0.029098,0.108310
bbc_20130322_332,E1,E4,1,0.000005,0.997657,0.000440,0.001898
bbc_20130322_332,E2,E3,1,0.003007,0.899470,0.021865,0.075658
bbc_20130322_332,E2,E4,1,0.000004,0.997783,0.000418,0.001794
bbc_20130322_332,E3,E4,1,0.000060,0.991500,0.001968,0.006472
bbc_20130322_332,E12,E13,3,0.158101,0.304303,0.100494,0.437101
bbc_20130322_332,E17,E18,3,0.237595,0.322138,0.101913,0.338354
bbc_20130322_332,E22,E23,0,0.994944,0.000019,0.001047,0.003990
bbc_20130322_332,E27,E28,1,0.202312,0.376448,0.101732,0.319509
bbc_20130322_332,E27,E29,0,0.977266,0.000352,0.005019,0.017363
bbc_20130322_332,E28,E29,0,0.954202,0.001359,0.010067,0.034372
bbc_20130322_332,E31,E33,1,0.000367,0.974584,0.006062,0.018986
bbc_20130322_332,E31,E34,1,0.005249,0.918043,0.020129,0.056580
bbc_20130322_332,E31,E35,1,0.048596,0.722940,0.070713,0.157751
bbc_20130322_332,E33,E34,0,0.759364,0.046244,0.046613,0.147778
bbc_20130322_332,E33,E35,0,0.911459,0.006376,0.022790,0.059375
bbc_20130322_332,E34,E35,0,0.783767,0.040555,0.049332,0.126347
bbc_20130322_332,E37,E38,0,0.435111,0.109164,0.084160,0.371564
bbc_20130322_332,E37,E40,0,0.534721,0.062729,0.074801,0.327749
bbc_20130322_332,E38,E40,0,0.562313,0.068014,0.073594,0.296079
bbc_20130322_332,E1,E5,0,0.634468,0.041818,0.065715,0.257999
bbc_20130322_332,E2,E5,0,0.416288,0.123879,0.100125,0.359707
bbc_20130322_332,E3,E5,0,0.963696,0.000572,0.007978,0.027754
bbc_20130322_332,E4,E5,0,0.998072,0.000003,0.000368,0.001556
bbc_20130322_332,E5,E9,1,0.000251,0.974366,0.005101,0.020282
bbc_20130322_332,E9,E11,1,0.015062,0.797718,0.045468,0.141751
bbc_20130322_332,E11,E12,0,0.991662,0.000049,0.001874,0.006415
bbc_20130322_332,E11,E13,0,0.990285,0.000047,0.001901,0.007766
bbc_20130322_332,E12,E17,1,0.000448,0.964071,0.007330,0.028151
bbc_20130322_332,E12,E18,1,0.000644,0.956820,0.008960,0.033576
bbc_20130322_332,E13,E17,1,0.001758,0.919932,0.017088,0.061222
bbc_20130322_332,E13,E18,1,0.002273,0.909810,0.019054,0.068863
bbc_20130322_332,E17,E19,0,0.911725,0.002390,0.017746,0.068139
bbc_20130322_332,E18,E19,0,0.908205,0.002495,0.018224,0.071077
bbc_20130322_332,E19,E22,1,0.001262,0.937195,0.013894,0.047650
bbc_20130322_332,E19,E23,0,0.595750,0.053779,0.079936,0.270535
bbc_20130322_332,E22,E24,3,0.281448,0.264464,0.100479,0.353609
bbc_20130322_332,E23,E24,1,0.000305,0.971515,0.005704,0.022476
bbc_20130322_332,E27,E30,0,0.955646,0.001147,0.009396,0.033812
bbc_20130322_332,E28,E30,0,0.934163,0.002549,0.013976,0.049311
bbc_20130322_332,E29,E30,0,0.386610,0.210997,0.080299,0.322094
bbc_20130322_332,E30,E31,0,0.733202,0.028319,0.047503,0.190976
bbc_20130322_332,E30,E33,1,0.022903,0.805574,0.040144,0.131379
bbc_20130322_332,E30,E34,1,0.275319,0.392889,0.083954,0.247838
bbc_20130322_332,E30,E35,0,0.648313,0.083299,0.071495,0.196893
bbc_20130322_332,E31,E36,1,0.025701,0.786522,0.046892,0.140885
bbc_20130322_332,E33,E36,0,0.885048,0.008764,0.024036,0.082152
bbc_20130322_332,E34,E36,0,0.772243,0.041607,0.043446,0.142703
bbc_20130322_332,E35,E36,0,0.708979,0.072219,0.062668,0.156134
bbc_20130322_332,E36,E37,0,0.996023,0.000013,0.000810,0.003154
bbc_20130322_332,E36,E38,0,0.990733,0.000047,0.001799,0.007421
bbc_20130322_332,E36,E40,0,0.990776,0.000043,0.001765,0.007417
bbc_20130322_1600,E2,E5,0,0.890068,0.007842,0.024240,0.077849
bbc_20130322_1600,E6,E7,1,0.057466,0.730744,0.060196,0.151594
bbc_20130322_1600,E6,E8,0,0.986786,0.000208,0.003624,0.009381
bbc_20130322_1600,E6,E9,0,0.939574,0.004112,0.015146,0.041168
bbc_20130322_1600,E7,E8,0,0.997674,0.000009,0.000561,0.001756
bbc_20130322_1600,E7,E9,0,0.993795,0.000064,0.001658,0.004483
bbc_20130322_1600,E8,E9,1,0.066382,0.742911,0.047134,0.143574
bbc_20130322_1600,E10,E11,0,0.728033,0.049668,0.055218,0.167081
bbc_20130322_1600,E10,E12,0,0.986818,0.000160,0.003133,0.009890
bbc_20130322_1600,E11,E12,0,0.944149,0.002843,0.012387,0.040622
bbc_20130322_1600,E16,E20,1,0.028442,0.763112,0.050863,0.157582
bbc_20130322_1600,E21,E22,0,0.811764,0.019801,0.041627,0.126808
bbc_20130322_1600,E2,E6,0,0.750082,0.054331,0.054392,0.141195
bbc_20130322_1600,E2,E7,1,0.322929,0.356172,0.088193,0.232705
bbc_20130322_1600,E2,E8,0,0.991466,0.000094,0.002268,0.006172
bbc_20130322_1600,E2,E9,0,0.952375,0.002590,0.011138,0.033896
bbc_20130322_1600,E5,E6,1,0.122522,0.587864,0.071253,0.218361
bbc_20130322_1600,E5,E7,1,0.006834,0.918161,0.019893,0.055113
bbc_20130322_1600,E5,E8,0,0.936464,0.005106,0.015373,0.043058
bbc_20130322_1600,E5,E9,0,0.684682,0.091806,0.054255,0.169257
bbc_20130322_1600,E6,E10,1,0.047940,0.757509,0.054019,0.140532
bbc_20130322_1600,E6,E11,0,0.629374,0.088206,0.071486,0.210934
bbc_20130322_1600,E6,E12,0,0.796605,0.030176,0.042411,0.130807
bbc_20130322_1600,E7,E10,0,0.801394,0.039785,0.046447,0.112374
bbc_20130322_1600,E7,E11,0,0.975261,0.000639,0.006410,0.017690
bbc_20130322_1600,E7,E12,0,0.996035,0.000018,0.000887,0.003060
bbc_20130322_1600,E8,E10,1,0.000271,0.984115,0.004097,0.011517
bbc_20130322_1600,E8,E11,1,0.008291,0.901468,0.021473,0.068768
bbc_20130322_1600,E8,E12,1,0.203159,0.495311,0.070668,0.230862
bbc_20130322_1600,E9,E10,1,0.007724,0.913245,0.021478,0.057554
bbc_20130322_1600,E9,E11,1,0.151184,0.551932,0.073102,0.223782
bbc_20130322_1600,E9,E12,0,0.733377,0.055703,0.046204,0.164716
bbc_20130322_1600,E10,E13,0,0.992925,0.000059,0.001729,0.005287
bbc_20130322_1600,E11,E13,0,0.975273,0.000576,0.005882,0.018269
bbc_20130322_1600,E12,E13,0,0.893371,0.009493,0.023073,0.074064
bbc_20130322_1600,E13,E30,1,0.089626,0.567004,0.081123,0.262247
bbc_20130322_1600,E30,E14,0,0.761303,0.038691,0.051134,0.148873
bbc_20130322_1600,E14,E16,0,0.940869,0.002327,0.015301,0.041503
bbc_20130322_1600,E14,E20,0,0.758673,0.028472,0.052387,0.160468
bbc_20130322_1600,E16,E21,1,0.206363,0.399962,0.099115,0.294560
bbc_20130322_1600,E16,E22,0,0.972152,0.000481,0.006118,0.021250
bbc_20130322_1600,E20,E21,0,0.697266,0.055695,0.064437,0.182602
bbc_20130322_1600,E20,E22,0,0.980649,0.000321,0.005112,0.013917
bbc_20130322_1600,E21,E25,0,0.991735,0.000045,0.001699,0.006522
bbc_20130322_1600,E22,E25,0,0.975616,0.000298,0.004891,0.019195
WSJ_20130322_804,E1,E2002,0,0.946637,0.001062,0.011064,0.041237
WSJ_20130322_804,E11,E13,0,0.895326,0.003445,0.019759,0.081470
WSJ_20130322_804,E11,E14,1,0.099024,0.514776,0.083419,0.302781
WSJ_20130322_804,E13,E14,1,0.022193,0.759555,0.049208,0.169045
WSJ_20130322_804,E22,E23,3,0.172539,0.313420,0.116398,0.397643
WSJ_20130322_804,E25,E26,0,0.798226,0.012955,0.048365,0.140454
WSJ_20130322_804,E25,E30,0,0.990493,0.000055,0.002016,0.007435
WSJ_20130322_804,E26,E30,0,0.952356,0.000763,0.009636,0.037244
WSJ_20130322_804,E9,E11,0,0.510356,0.096060,0.081852,0.311733
WSJ_20130322_804,E9,E13,0,0.953687,0.000662,0.008341,0.037310
WSJ_20130322_804,E9,E14,0,0.407904,0.148163,0.088847,0.355087
WSJ_20130322_804,E11,E16,3,0.317185,0.220793,0.096235,0.365787
WSJ_20130322_804,E13,E16,1,0.095903,0.496681,0.086377,0.321039
WSJ_20130322_804,E14,E16,3,0.368165,0.165225,0.090064,0.376546
WSJ_20130322_804,E16,E17,0,0.991149,0.000043,0.001677,0.007131
WSJ_20130322_804,E17,E18,1,0.000124,0.986340,0.003244,0.010292
WSJ_20130322_804,E21,E22,0,0.764600,0.020140,0.047455,0.167804
WSJ_20130322_804,E21,E23,0,0.691881,0.031594,0.063327,0.213197
WSJ_20130322_804,E22,E25,3,0.285092,0.193455,0.110538,0.410915
WSJ_20130322_804,E22,E26,0,0.388259,0.123288,0.103439,0.385013
WSJ_20130322_804,E22,E30,0,0.898496,0.002985,0.020750,0.077770
WSJ_20130322_804,E23,E25,0,0.562375,0.062012,0.079843,0.295770
WSJ_20130322_804,E23,E26,0,0.652570,0.036914,0.071099,0.239416
WSJ_20130322_804,E23,E30,0,0.941998,0.001163,0.011826,0.045013
WSJ_20130322_804,E25,E33,0,0.966400,0.000454,0.007439,0.025707
WSJ_20130322_804,E26,E33,0,0.924051,0.001499,0.014183,0.060267
WSJ_20130322_804,E30,E33,0,0.543912,0.061160,0.073839,0.321088
WSJ_20130322_804,E33,E35,1,0.089231,0.506207,0.089371,0.315191
WSJ_20130318_731,E1,E2,1,0.001434,0.946590,0.013900,0.038076
WSJ_20130318_731,E1,E3,1,0.054600,0.615822,0.082329,0.247249
WSJ_20130318_731,E2,E3,0,0.419221,0.175151,0.099493,0.306135
WSJ_20130318_731,E11,E12,1,0.000419,0.974065,0.006823,0.018693
WSJ_20130318_731,E11,E13,1,0.117171,0.464706,0.102249,0.315874
WSJ_20130318_731,E12,E13,0,0.897481,0.005346,0.023598,0.073575
WSJ_20130318_731,E20,E21,0,0.996634,0.000009,0.000649,0.002708
WSJ_20130318_731,E20,E22,0,0.975238,0.000305,0.005326,0.019131
WSJ_20130318_731,E21,E22,0,0.477744,0.093673,0.088685,0.339897
WSJ_20130318_731,E9,E10,1,0.005085,0.908858,0.023715,0.062342
WSJ_20130318_731,E10,E11,0,0.997827,0.000006,0.000482,0.001684
WSJ_20130318_731,E10,E12,0,0.987695,0.000146,0.002969,0.009189
WSJ_20130318_731,E10,E13,0,0.995668,0.000018,0.000934,0.003380
WSJ_20130318_731,E11,E14,1,0.018730,0.753150,0.056390,0.171731
WSJ_20130318_731,E12,E14,0,0.726149,0.035096,0.060883,0.177872
WSJ_20130318_731,E13,E14,3,0.247481,0.296155,0.112569,0.343795
CNN_20130322_1003,E1,E2,1,0.000429,0.979191,0.005981,0.014400
CNN_20130322_1003,E1,E3,0,0.708593,0.075273,0.059188,0.156946
CNN_20130322_1003,E1,E5,0,0.979346,0.000595,0.004942,0.015117
CNN_20130322_1003,E2,E3,0,0.981190,0.000469,0.004742,0.013599
CNN_20130322_1003,E2,E5,0,0.998228,0.000006,0.000398,0.001368
CNN_20130322_1003,E3,E5,0,0.875915,0.021119,0.028034,0.074931
CNN_20130322_1003,E6,E7,1,0.002899,0.964320,0.011138,0.021643
CNN_20130322_1003,E9,E10,0,0.605105,0.185931,0.052290,0.156674
CNN_20130322_1003,E9,E11,1,0.001059,0.974808,0.006555,0.017578
CNN_20130322_1003,E9,E1000,1,0.000101,0.990995,0.002340,0.006563
CNN_20130322_1003,E10,E11,1,0.005617,0.938059,0.014483,0.041841
CNN_20130322_1003,E10,E1000,1,0.000343,0.982660,0.004370,0.012627
CNN_20130322_1003,E11,E1000,1,0.118990,0.600455,0.072131,0.208424
CNN_20130322_1003,E12,E13,1,0.107875,0.668352,0.068415,0.155358
CNN_20130322_1003,E12,E14,1,0.000124,0.990705,0.002560,0.006611
CNN_20130322_1003,E12,E15,1,0.001295,0.963546,0.009672,0.025487
CNN_20130322_1003,E13,E14,1,0.000226,0.987215,0.003515,0.009044
CNN_20130322_1003,E13,E15,1,0.003375,0.943144,0.014546,0.038935
CNN_20130322_1003,E14,E15,1,0.343081,0.380014,0.078946,0.197959
CNN_20130322_1003,E17,E19,1,0.002267,0.931654,0.018098,0.047981
CNN_20130322_1003,E17,E20,0,0.952596,0.001154,0.011588,0.034662
CNN_20130322_1003,E19,E20,0,0.995851,0.000018,0.000946,0.003185
CNN_20130322_1003,E23,E27,1,0.262018,0.374140,0.090301,0.273540
CNN_20130322_1003,E30,E31,1,0.008327,0.874573,0.030125,0.086975
CNN_20130322_1003,E30,E32,1,0.000025,0.995144,0.001106,0.003726
CNN_20130322_1003,E30,E33,1,0.000018,0.996278,0.000918,0.002786
CNN_20130322_1003,E31,E32,1,0.000044,0.993623,0.001537,0.004797
CNN_20130322_1003,E31,E33,1,0.000023,0.995769,0.001005,0.003203
CNN_20130322_1003,E32,E33,1,0.027088,0.832582,0.037737,0.102594
CNN_20130322_1003,E34,E36,1,0.000213,0.984293,0.004192,0.011303
CNN_20130322_1003,E40,E41,1,0.000207,0.986118,0.003896,0.009779
CNN_20130322_1003,E40,E42,1,0.000087,0.991660,0.002438,0.005816
CNN_20130322_1003,E41,E42,1,0.002822,0.954319,0.013687,0.029171
CNN_20130322_1003,E43,E44,0,0.916607,0.006341,0.019388,0.057664
CNN_20130322_1003,E45,E47,1,0.168564,0.447879,0.093053,0.290504
CNN_20130322_1003,E55,E57,0,0.993763,0.000035,0.001406,0.004796
CNN_20130322_1003,E1,E6,0,0.686312,0.113006,0.057091,0.143592
CNN_20130322_1003,E1,E7,1,0.025775,0.858234,0.037146,0.078845
CNN_20130322_1003,E2,E6,0,0.988150,0.000300,0.003280,0.008270
CNN_20130322_1003,E2,E7,0,0.770508,0.072722,0.051788,0.104982
CNN_20130322_1003,E3,E6,1,0.174903,0.583509,0.071145,0.170442
CNN_20130322_1003,E3,E7,1,0.001651,0.969085,0.009506,0.019757
CNN_20130322_1003,E5,E6,1,0.002064,0.962303,0.009791,0.025843
CNN_20130322_1003,E5,E7,1,0.000037,0.995267,0.001368,0.003328
CNN_20130322_1003,E6,E9,0,0.998980,0.000003,0.000244,0.000774
CNN_20130322_1003,E6,E10,0,0.998897,0.000003,0.000247,0.000852
CNN_20130322_1003,E6,E11,0,0.953058,0.003860,0.011191,0.031891
CNN_20130322_1003,E6,E1000,0,0.733391,0.073556,0.050711,0.142343
CNN_20130322_1003,E7,E9,0,0.999421,0.000001,0.000145,0.000434
CNN_20130322_1003,E7,E10,0,0.999522,0.000001,0.000120,0.000358
CNN_20130322_1003,E7,E11,0,0.984998,0.000521,0.004425,0.010056
CNN_20130322_1003,E7,E1000,0,0.925588,0.008688,0.020576,0.045148
CNN_20130322_1003,E9,E12,1,0.010621,0.916239,0.019606,0.053534
CNN_20130322_1003,E9,E13,1,0.001563,0.967860,0.008492,0.022085
CNN_20130322_1003,E9,E14,1,0.000010,0.997782,0.000552,0.001656
CNN_20130322_1003,E9,E15,1,0.000052,0.994040,0.001540,0.004369
CNN_20130322_1003,E10,E12,1,0.047626,0.801560,0.038195,0.112619
CNN_20130322_1003,E10,E13,1,0.007504,0.930977,0.017786,0.043733
CNN_20130322_1003,E10,E14,1,0.000019,0.996699,0.000831,0.002451
CNN_20130322_1003,E10,E15,1,0.000149,0.989483,0.002691,0.007677
CNN_20130322_1003,E11,E12,0,0.891492,0.012987,0.023991,0.071530
CNN_20130322_1003,E11,E13,0,0.717527,0.079717,0.058143,0.144613
CNN_20130322_1003,E11,E14,1,0.007765,0.919706,0.019696,0.052833
CNN_20130322_1003,E11,E15,1,0.114577,0.645835,0.067929,0.171660
CNN_20130322_1003,E1000,E12,0,0.980771,0.000521,0.004872,0.013836
CNN_20130322_1003,E1000,E13,0,0.949071,0.003780,0.014076,0.033073
CNN_20130322_1003,E1000,E14,1,0.148090,0.614046,0.067924,0.169941
CNN_20130322_1003,E1000,E15,0,0.630476,0.121243,0.067264,0.181017
CNN_20130322_1003,E12,E17,1,0.012628,0.867160,0.032561,0.087651
CNN_20130322_1003,E12,E19,1,0.000325,0.979994,0.005301,0.014379
CNN_20130322_1003,E12,E20,0,0.825399,0.024531,0.040557,0.109513
CNN_20130322_1003,E13,E17,1,0.058815,0.721257,0.058912,0.161017
CNN_20130322_1003,E13,E19,1,0.000867,0.968988,0.008347,0.021798
CNN_20130322_1003,E13,E20,0,0.931359,0.003390,0.015367,0.049885
CNN_20130322_1003,E14,E17,0,0.714441,0.067319,0.054901,0.163338
CNN_20130322_1003,E14,E19,1,0.087364,0.677513,0.061403,0.173719
CNN_20130322_1003,E14,E20,0,0.993973,0.000043,0.001471,0.004513
CNN_20130322_1003,E15,E17,0,0.510055,0.161592,0.080309,0.248045
CNN_20130322_1003,E15,E19,1,0.030093,0.797862,0.043696,0.128349
CNN_20130322_1003,E15,E20,0,0.988652,0.000115,0.002711,0.008522
CNN_20130322_1003,E17,E21,0,0.941217,0.002730,0.014420,0.041633
CNN_20130322_1003,E19,E21,0,0.993355,0.000050,0.001558,0.005037
CNN_20130322_1003,E20,E21,1,0.073814,0.671467,0.058193,0.196526
CNN_20130322_1003,E21,E23,0,0.820431,0.030337,0.039369,0.109863
CNN_20130322_1003,E21,E27,0,0.898853,0.009340,0.025283,0.066524
CNN_20130322_1003,E30,E34,0,0.868183,0.007599,0.029631,0.094588
CNN_20130322_1003,E30,E36,1,0.011961,0.885619,0.028794,0.073626
CNN_20130322_1003,E31,E34,0,0.954420,0.001318,0.009983,0.034279
CNN_20130322_1003,E31,E36,1,0.071566,0.721588,0.054523,0.152323
CNN_20130322_1003,E32,E34,0,0.998138,0.000005,0.000405,0.001452
CNN_20130322_1003,E32,E36,0,0.963515,0.001620,0.009031,0.025834
CNN_20130322_1003,E33,E34,0,0.997759,0.000007,0.000502,0.001732
CNN_20130322_1003,E33,E36,0,0.940263,0.006286,0.015265,0.038186
CNN_20130322_1003,E34,E38,1,0.153788,0.433024,0.089401,0.323786
CNN_20130322_1003,E36,E38,0,0.893183,0.007625,0.023662,0.075531
CNN_20130322_1003,E38,E40,0,0.764781,0.035779,0.048512,0.150928
CNN_20130322_1003,E38,E41,1,0.003408,0.945044,0.015372,0.036176
CNN_20130322_1003,E38,E42,1,0.000437,0.980559,0.006129,0.012875
CNN_20130322_1003,E40,E43,0,0.692161,0.058000,0.058935,0.190904
CNN_20130322_1003,E40,E44,0,0.952795,0.002298,0.011704,0.033203
CNN_20130322_1003,E41,E43,0,0.970545,0.000815,0.006690,0.021951
CNN_20130322_1003,E41,E44,0,0.995752,0.000026,0.001050,0.003173
CNN_20130322_1003,E42,E43,0,0.990723,0.000110,0.002588,0.006578
CNN_20130322_1003,E42,E44,0,0.997746,0.000009,0.000588,0.001657
CNN_20130322_1003,E43,E45,0,0.352895,0.202364,0.098275,0.346466
CNN_20130322_1003,E43,E47,1,0.296793,0.319055,0.094137,0.290015
CNN_20130322_1003,E44,E45,1,0.007381,0.865296,0.028217,0.099106
CNN_20130322_1003,E44,E47,1,0.003927,0.912448,0.018318,0.065306
CNN_20130322_1003,E45,E48,0,0.559634,0.085796,0.084530,0.270040
CNN_20130322_1003,E47,E48,0,0.579413,0.095038,0.071213,0.254337
CNN_20130322_1003,E48,E50,0,0.914602,0.002947,0.018190,0.064262
CNN_20130322_1003,E50,E51,1,0.004107,0.895614,0.021676,0.078603
CNN_20130322_1003,E51,E52,0,0.718183,0.029984,0.053305,0.198528
CNN_20130322_1003,E52,E53,0,0.989978,0.000049,0.001934,0.008039
CNN_20130322_1003,E53,E55,3,0.226104,0.290817,0.110929,0.372150
