WSJ_20130322_159,E5,E6,1,0.005937,0.908446,0.020165,0.065453
WSJ_20130322_159,E5,E10,0,0.796194,0.020061,0.039301,0.144445
WSJ_20130322_159,E5,E11,0,0.938715,0.001754,0.012055,0.047477
WSJ_20130322_159,E6,E10,0,0.930696,0.002922,0.014967,0.051414
WSJ_20130322_159,E6,E11,0,0.988169,0.000101,0.002494,0.009235
WSJ_20130322_159,E10,E11,0,0.869356,0.006199,0.025430,0.099016
WSJ_20130322_159,E12,E14,1,0.038256,0.620452,0.051627,0.289666
WSJ_20130322_159,E18,E19,0,0.367856,0.188532,0.087740,0.355872
WSJ_20130322_159,E20,E22,1,0.000056,0.990099,0.002084,0.007761
WSJ_20130322_159,E29,E31,0,0.954363,0.000706,0.007510,0.037421
WSJ_20130322_159,E29,E34,3,0.167054,0.365186,0.074537,0.393223
WSJ_20130322_159,E29,E37,0,0.954718,0.000937,0.008306,0.036039
WSJ_20130322_159,E31,E34,1,0.005402,0.858486,0.022456,0.113656
WSJ_20130322_159,E31,E37,0,0.637851,0.051355,0.058707,0.252087
WSJ_20130322_159,E34,E37,0,0.991783,0.000045,0.001529,0.006642
WSJ_20130322_159,E38,E39,1,0.000871,0.957090,0.008776,0.033263
WSJ_20130322_159,E38,E40,1,0.017006,0.753486,0.045884,0.183623
WSJ_20130322_159,E39,E40,0,0.696960,0.034924,0.047867,0.220248
WSJ_20130322_159,E42,E44,1,0.000124,0.984095,0.003339,0.012441
WSJ_20130322_159,E46,E47,1,0.017415,0.777213,0.047328,0.158045
WSJ_20130322_159,E46,E49,3,0.327896,0.207163,0.085108,0.379833
WSJ_20130322_159,E47,E49,0,0.834518,0.012368,0.026651,0.126463
WSJ_20130322_159,E1,E5,1,0.039956,0.718868,0.051603,0.189572
WSJ_20130322_159,E1,E6,1,0.006085,0.896523,0.022322,0.075069
WSJ_20130322_159,E1,E10,3,0.290188,0.235718,0.098219,0.375876
WSJ_20130322_159,E1,E11,0,0.757307,0.020676,0.043556,0.178461
WSJ_20130322_159,E5,E12,0,0.992497,0.000038,0.001373,0.006092
WSJ_20130322_159,E5,E14,0,0.904736,0.003495,0.015024,0.076744
WSJ_20130322_159,E6,E12,0,0.996423,0.000012,0.000656,0.002910
WSJ_20130322_159,E6,E14,0,0.922246,0.002636,0.012965,0.062154
WSJ_20130322_159,E10,E12,0,0.963308,0.000524,0.006715,0.029454
WSJ_20130322_159,E10,E14,3,0.314933,0.176270,0.082313,0.426485
WSJ_20130322_159,E11,E12,0,0.885492,0.004481,0.019832,0.090195
WSJ_20130322_159,E11,E14,1,0.074996,0.501526,0.067365,0.356113
WSJ_20130322_159,E12,E18,0,0.919825,0.001937,0.012563,0.065676
WSJ_20130322_159,E12,E19,3,0.215768,0.325432,0.085082,0.373717
WSJ_20130322_159,E14,E18,0,0.991380,0.000034,0.001284,0.007302
WSJ_20130322_159,E14,E19,0,0.906722,0.003676,0.015807,0.073795
WSJ_20130322_159,E18,E20,1,0.016819,0.758687,0.043826,0.180668
WSJ_20130322_159,E18,E22,1,0.000023,0.994400,0.001169,0.004408
WSJ_20130322_159,E19,E20,1,0.005529,0.855765,0.025614,0.113092
WSJ_20130322_159,E19,E22,1,0.000005,0.997451,0.000456,0.002088
WSJ_20130322_159,E20,E26,1,0.032781,0.734927,0.054779,0.177513
WSJ_20130322_159,E22,E26,0,0.917504,0.006770,0.019146,0.056580
WSJ_20130322_159,E26,E29,0,0.984519,0.000131,0.002986,0.012364
WSJ_20130322_159,E26,E31,0,0.996644,0.000009,0.000567,0.002780
WSJ_20130322_159,E26,E34,0,0.887130,0.005271,0.019915,0.087684
WSJ_20130322_159,E26,E37,0,0.993092,0.000039,0.001403,0.005467
WSJ_20130322_159,E29,E38,0,0.767990,0.019610,0.038181,0.174218
WSJ_20130322_159,E29,E39,1,0.003415,0.919236,0.014640,0.062708
WSJ_20130322_159,E29,E40,1,0.061561,0.556349,0.063849,0.318240
WSJ_20130322_159,E31,E38,1,0.106268,0.455361,0.079677,0.358695
WSJ_20130322_159,E31,E39,1,0.000050,0.990271,0.001854,0.007825
WSJ_20130322_159,E31,E40,1,0.001044,0.935555,0.011252,0.052148
WSJ_20130322_159,E34,E38,0,0.938747,0.001497,0.010544,0.049212
WSJ_20130322_159,E34,E39,1,0.039471,0.739550,0.040886,0.180093
WSJ_20130322_159,E34,E40,3,0.332931,0.185135,0.078648,0.403286
WSJ_20130322_159,E37,E38,1,0.121993,0.431624,0.080997,0.365386
WSJ_20130322_159,E37,E39,1,0.000051,0.990262,0.001863,0.007823
WSJ_20130322_159,E37,E40,1,0.001149,0.932576,0.011675,0.054600
WSJ_20130322_159,E38,E42,0,0.940124,0.001420,0.011497,0.046959
WSJ_20130322_159,E38,E44,1,0.008355,0.849364,0.031208,0.111073
WSJ_20130322_159,E39,E42,0,0.995932,0.000013,0.000716,0.003339
WSJ_20130322_159,E39,E44,3,0.285213,0.310052,0.082308,0.322427
WSJ_20130322_159,E40,E42,0,0.983239,0.000129,0.003017,0.013614
WSJ_20130322_159,E40,E44,1,0.022899,0.748388,0.046105,0.182608
WSJ_20130322_159,E42,E46,0,0.825786,0.012933,0.029731,0.131550
WSJ_20130322_159,E42,E47,3,0.259616,0.282149,0.086038,0.372198
WSJ_20130322_159,E42,E49,3,0.340872,0.203977,0.075350,0.379801
WSJ_20130322_159,E44,E46,0,0.990068,0.000063,0.001856,0.008013
WSJ_20130322_159,E44,E47,0,0.939540,0.001895,0.010771,0.047793
WSJ_20130322_159,E44,E49,0,0.974880,0.000331,0.004294,0.020495
WSJ_20130322_159,E46,E55,0,0.644020,0.058487,0.060599,0.236895
WSJ_20130322_159,E47,E55,0,0.936206,0.002817,0.012079,0.048899
WSJ_20130322_159,E49,E55,0,0.631136,0.075126,0.050772,0.242967
nyt_20130322_strange_computer,E8,E11,0,0.993954,0.000041,0.001377,0.004628
nyt_20130322_strange_computer,E14,E16,1,0.000101,0.987986,0.002886,0.009027
nyt_20130322_strange_computer,E19,E22,3,0.254260,0.283204,0.104925,0.357612
nyt_20130322_strange_computer,E19,E23,1,0.011550,0.841325,0.039788,0.107337
nyt_20130322_strange_computer,E22,E23,1,0.110303,0.557761,0.093567,0.238369
nyt_20130322_strange_computer,E6,E8,1,0.157285,0.536350,0.092221,0.214144
nyt_20130322_strange_computer,E6,E11,0,0.993324,0.000047,0.001513,0.005116
nyt_20130322_strange_computer,E8,E14,0,0.996690,0.000012,0.000667,0.002631
nyt_20130322_strange_computer,E8,E16,0,0.792797,0.033475,0.053348,0.120380
nyt_20130322_strange_computer,E11,E14,0,0.881225,0.006250,0.026316,0.086208
nyt_20130322_strange_computer,E11,E16,1,0.001135,0.955091,0.012212,0.031562
nyt_20130322_strange_computer,E14,E19,1,0.199423,0.363683,0.104909,0.331985
nyt_20130322_strange_computer,E14,E22,3,0.213098,0.320130,0.111751,0.355022
nyt_20130322_strange_computer,E14,E23,1,0.006533,0.877547,0.032644,0.083276
nyt_20130322_strange_computer,E16,E19,0,0.986829,0.000151,0.003122,0.009897
nyt_20130322_strange_computer,E16,E22,0,0.975829,0.000421,0.005966,0.017784
nyt_20130322_strange_computer,E16,E23,0,0.830645,0.021685,0.044427,0.103243
nyt_20130322_strange_computer,E19,E24,0,0.827823,0.013657,0.033593,0.124927
nyt_20130322_strange_computer,E22,E24,0,0.941470,0.001905,0.012615,0.044010
nyt_20130322_strange_computer,E23,E24,0,0.928403,0.003241,0.015958,0.052399
CNN_20130321_821,E4,E5,1,0.050994,0.659755,0.070739,0.218513
CNN_20130321_821,E5,E8,0,0.884646,0.007947,0.026134,0.081273
CNN_20130321_821,E8,E1000,0,0.881179,0.007304,0.025474,0.086042
CNN_20130321_821,E1002,E20,0,0.956529,0.000814,0.009485,0.033172
nyt_20130321_cyprus,E2,E5,1,0.123552,0.518731,0.085256,0.272461
nyt_20130321_cyprus,E7,E2009,1,0.041607,0.639668,0.061376,0.257348
nyt_20130321_cyprus,E13,E15,0,0.836713,0.008830,0.032696,0.121761
nyt_20130321_cyprus,E22,E23,1,0.046658,0.639279,0.051618,0.262445
nyt_20130321_cyprus,E22,E24,1,0.000015,0.995062,0.000933,0.003990
nyt_20130321_cyprus,E23,E24,1,0.000160,0.981424,0.003745,0.014670
nyt_20130321_cyprus,E33,E35,0,0.909063,0.004544,0.019711,0.066682
nyt_20130321_cyprus,E41,E42,1,0.002391,0.909715,0.017554,0.070340
nyt_20130321_cyprus,E46,E47,0,0.974152,0.000562,0.005641,0.019644
nyt_20130321_cyprus,E48,E51,0,0.990708,0.000064,0.001927,0.007302
nyt_20130321_cyprus,E2,E7,0,0.881458,0.006042,0.023494,0.089005
nyt_20130321_cyprus,E2,E2009,0,0.656862,0.048863,0.063428,0.230848
nyt_20130321_cyprus,E5,E7,0,0.979218,0.000276,0.004546,0.015959
nyt_20130321_cyprus,E5,E2009,0,0.937268,0.002030,0.013849,0.046854
nyt_20130321_cyprus,E7,E9,1,0.000420,0.968929,0.007044,0.023608
nyt_20130321_cyprus,E2009,E9,1,0.026088,0.768184,0.050585,0.155142
nyt_20130321_cyprus,E10,E13,0,0.977012,0.000373,0.005484,0.017132
nyt_20130321_cyprus,E10,E15,0,0.991849,0.000049,0.001627,0.006475
nyt_20130321_cyprus,E13,E21,0,0.872639,0.007929,0.027518,0.091915
nyt_20130321_cyprus,E15,E21,0,0.553309,0.094757,0.071695,0.280239
nyt_20130321_cyprus,E21,E22,0,0.756052,0.027258,0.041107,0.175583
nyt_20130321_cyprus,E21,E23,1,0.160216,0.404598,0.074038,0.361148
nyt_20130321_cyprus,E21,E24,1,0.000026,0.993501,0.001285,0.005187
nyt_20130321_cyprus,E22,E25,1,0.000606,0.957743,0.008716,0.032934
nyt_20130321_cyprus,E23,E25,1,0.032306,0.687234,0.054416,0.226045
nyt_20130321_cyprus,E24,E25,0,0.928212,0.002977,0.016154,0.052657
nyt_20130321_cyprus,E33,E36,0,0.643053,0.047025,0.061919,0.248003
nyt_20130321_cyprus,E35,E36,3,0.328976,0.202528,0.083753,0.384743
nyt_20130321_cyprus,E36,E41,0,0.942158,0.001321,0.011787,0.044734
nyt_20130321_cyprus,E36,E42,1,0.027632,0.720131,0.050562,0.201675
nyt_20130321_cyprus,E46,E48,0,0.644201,0.065958,0.064704,0.225138
nyt_20130321_cyprus,E46,E51,0,0.996418,0.000014,0.000702,0.002866
nyt_20130321_cyprus,E47,E48,1,0.050352,0.636973,0.065146,0.247529
nyt_20130321_cyprus,E47,E51,0,0.970459,0.000448,0.005880,0.023212
nyt_20130321_cyprus,E48,E57,1,0.004802,0.895144,0.024250,0.075804
nyt_20130321_cyprus,E51,E57,1,0.000023,0.993446,0.001237,0.005294
bbc_20130322_1353,E1,E5,1,0.000018,0.994483,0.001070,0.004429
bbc_20130322_1353,E8,E10,1,0.000053,0.990541,0.001960,0.007446
bbc_20130322_1353,E15,E16,1,0.000169,0.981260,0.003993,0.014578
bbc_20130322_1353,E19,E20,1,0.000194,0.986129,0.003449,0.010229
bbc_20130322_1353,E19,E21,1,0.099433,0.662180,0.056373,0.182014
bbc_20130322_1353,E20,E21,0,0.811103,0.038612,0.036846,0.113439
bbc_20130322_1353,E23,E25,1,0.102700,0.552914,0.078652,0.265734
bbc_20130322_1353,E23,E26,1,0.000963,0.956043,0.010279,0.032714
bbc_20130322_1353,E23,E27,1,0.000467,0.969373,0.007061,0.023098
bbc_20130322_1353,E25,E26,1,0.000321,0.976974,0.005129,0.017577
bbc_20130322_1353,E25,E27,1,0.000248,0.979410,0.004438,0.015904
bbc_20130322_1353,E26,E27,1,0.039367,0.762504,0.046020,0.152109
bbc_20130322_1353,E28,E29,1,0.000231,0.979648,0.004496,0.015624
bbc_20130322_1353,E28,E31,1,0.000430,0.971603,0.005860,0.022107
bbc_20130322_1353,E29,E31,0,0.424488,0.254891,0.068291,0.252331
bbc_20130322_1353,E33,E34,0,0.809665,0.014463,0.035852,0.140020
bbc_20130322_1353,E35,E36,0,0.637691,0.083829,0.071036,0.207445
bbc_20130322_1353,E35,E37,1,0.005455,0.913995,0.021164,0.059386
bbc_20130322_1353,E36,E37,1,0.000841,0.960535,0.008417,0.030207
bbc_20130322_1353,E1,E8,0,0.509204,0.080158,0.069498,0.341140
bbc_20130322_1353,E1,E10,1,0.000019,0.994700,0.001060,0.004221
bbc_20130322_1353,E5,E8,0,0.998078,0.000004,0.000316,0.001603
bbc_20130322_1353,E5,E10,0,0.432698,0.236621,0.079650,0.251031
bbc_20130322_1353,E8,E11,0,0.588308,0.052626,0.064288,0.294778
bbc_20130322_1353,E10,E11,0,0.993102,0.000036,0.001334,0.005528
bbc_20130322_1353,E11,E13,1,0.075931,0.562343,0.075476,0.286250
bbc_20130322_1353,E13,E15,0,0.904715,0.004946,0.020060,0.070278
bbc_20130322_1353,E13,E16,1,0.140915,0.491900,0.079161,0.288023
bbc_20130322_1353,E15,E17,1,0.017698,0.759444,0.043488,0.179370
bbc_20130322_1353,E16,E17,3,0.280557,0.235955,0.091759,0.391729
bbc_20130322_1353,E17,E19,1,0.009830,0.884158,0.024771,0.081241
bbc_20130322_1353,E17,E20,1,0.000036,0.993476,0.001463,0.005025
bbc_20130322_1353,E17,E21,1,0.000966,0.964598,0.008368,0.026069
bbc_20130322_1353,E19,E23,0,0.941195,0.002327,0.012487,0.043991
bbc_20130322_1353,E19,E25,0,0.864984,0.013900,0.027015,0.094100
bbc_20130322_1353,E19,E26,1,0.245625,0.414585,0.079752,0.260038
bbc_20130322_1353,E19,E27,1,0.034131,0.786810,0.040955,0.138104
bbc_20130322_1353,E20,E23,0,0.996944,0.000011,0.000612,0.002433
bbc_20130322_1353,E20,E25,0,0.992777,0.000055,0.001624,0.005544
bbc_20130322_1353,E20,E26,0,0.917908,0.006703,0.018503,0.056886
bbc_20130322_1353,E20,E27,0,0.835180,0.024007,0.033302,0.107512
bbc_20130322_1353,E21,E23,0,0.989574,0.000096,0.002263,0.008066
bbc_20130322_1353,E21,E25,0,0.950066,0.002201,0.010645,0.037089
bbc_20130322_1353,E21,E26,0,0.446556,0.231685,0.075985,0.245773
bbc_20130322_1353,E21,E27,1,0.220288,0.452648,0.074402,0.252662
bbc_20130322_1353,E23,E28,0,0.652841,0.068601,0.062611,0.215947
bbc_20130322_1353,E23,E29,1,0.118403,0.565935,0.071495,0.244166
bbc_20130322_1353,E23,E31,1,0.057430,0.677189,0.056579,0.208801
bbc_20130322_1353,E25,E28,0,0.590786,0.110797,0.063790,0.234627
bbc_20130322_1353,E25,E29,1,0.017358,0.840773,0.030056,0.111812
bbc_20130322_1353,E25,E31,1,0.049704,0.729389,0.044553,0.176353
bbc_20130322_1353,E26,E28,0,0.967858,0.000958,0.007009,0.024175
bbc_20130322_1353,E26,E29,0,0.619042,0.112237,0.060152,0.208569
bbc_20130322_1353,E26,E31,0,0.784315,0.039451,0.037682,0.138551
bbc_20130322_1353,E27,E28,0,0.988219,0.000147,0.002633,0.009002
bbc_20130322_1353,E27,E29,0,0.827870,0.027132,0.032645,0.112353
bbc_20130322_1353,E27,E31,0,0.914991,0.007363,0.016726,0.060921
bbc_20130322_1353,E28,E33,1,0.014997,0.807857,0.037301,0.139845
bbc_20130322_1353,E28,E34,3,0.353405,0.187618,0.085455,0.373522
bbc_20130322_1353,E29,E33,0,0.869752,0.011905,0.025582,0.092761
bbc_20130322_1353,E29,E34,0,0.989746,0.000072,0.001932,0.008250
bbc_20130322_1353,E31,E33,0,0.857732,0.016893,0.026654,0.098721
bbc_20130322_1353,E31,E34,0,0.990163,0.000076,0.001811,0.007950
bbc_20130322_1353,E33,E35,0,0.984913,0.000154,0.003244,0.011689
bbc_20130322_1353,E33,E36,0,0.986525,0.000134,0.002923,0.010418
bbc_20130322_1353,E33,E37,0,0.693938,0.050757,0.059489,0.195816
bbc_20130322_1353,E34,E35,0,0.968822,0.000521,0.005773,0.024884
bbc_20130322_1353,E34,E36,0,0.972783,0.000466,0.005117,0.021633
bbc_20130322_1353,E34,E37,1,0.211332,0.377339,0.083369,0.327961
nyt_20130321_women_senate,E1000009,E2,0,0.643981,0.085651,0.053884,0.216484
nyt_20130321_women_senate,E4,E5,1,0.001362,0.955468,0.010954,0.032216
nyt_20130321_women_senate,E4,E6,0,0.545314,0.137932,0.068753,0.248001
nyt_20130321_women_senate,E5,E6,0,0.964771,0.001291,0.008112,0.025826
nyt_20130321_women_senate,E9,E10,0,0.928577,0.002777,0.014280,0.054366
nyt_20130321_women_senate,E11,E12,0,0.454653,0.220638,0.092565,0.232144
nyt_20130321_women_senate,E14,E15,1,0.155916,0.547634,0.086930,0.209520
nyt_20130321_women_senate,E16,E17,1,0.149061,0.482335,0.075041,0.293563
nyt_20130321_women_senate,E19,E20,1,0.000112,0.988170,0.002954,0.008763
nyt_20130321_women_senate,E19,E21,1,0.000966,0.961397,0.010545,0.027092
nyt_20130321_women_senate,E20,E21,0,0.539576,0.141043,0.085981,0.233400
nyt_20130321_women_senate,E23,E24,0,0.761073,0.029888,0.046820,0.162219
nyt_20130321_women_senate,E26,E27,0,0.915346,0.003671,0.020842,0.060140
nyt_20130321_women_senate,E26,E1000014,0,0.931933,0.002359,0.016570,0.049137
nyt_20130321_women_senate,E27,E1000014,1,0.187621,0.359150,0.101195,0.352034
nyt_20130321_women_senate,E37,E1000015,1,0.072013,0.560515,0.076274,0.291198
nyt_20130321_women_senate,E40,E41,0,0.964479,0.001250,0.008884,0.025387
nyt_20130321_women_senate,E40,E42,0,0.459427,0.226397,0.082346,0.231830
nyt_20130321_women_senate,E41,E42,1,0.022829,0.821986,0.040008,0.115177
nyt_20130321_women_senate,E43,E47,0,0.993063,0.000039,0.001394,0.005504
nyt_20130321_women_senate,E43,E48,0,0.980974,0.000243,0.004461,0.014322
nyt_20130321_women_senate,E47,E48,3,0.294806,0.231293,0.108252,0.365650
nyt_20130321_women_senate,E49,E50,0,0.956131,0.001439,0.009899,0.032531
nyt_20130321_women_senate,E49,E53,1,0.015802,0.868591,0.034371,0.081236
nyt_20130321_women_senate,E50,E53,1,0.000239,0.983132,0.004476,0.012153
nyt_20130321_women_senate,E1000009,E4,0,0.573071,0.114274,0.065672,0.246982
nyt_20130321_women_senate,E1000009,E5,1,0.000172,0.985162,0.003705,0.010961
nyt_20130321_women_senate,E1000009,E6,1,0.242509,0.422799,0.074221,0.260471
nyt_20130321_women_senate,E2,E4,0,0.700692,0.046260,0.050606,0.202442
nyt_20130321_women_senate,E2,E5,1,0.000495,0.971293,0.006875,0.021338
nyt_20130321_women_senate,E2,E6,0,0.361174,0.258844,0.079138,0.300843
nyt_20130321_women_senate,E4,E7,0,0.983957,0.000207,0.003547,0.012289
nyt_20130321_women_senate,E5,E7,0,0.996644,0.000015,0.000716,0.002625
nyt_20130321_women_senate,E6,E7,0,0.989764,0.000105,0.002314,0.007818
nyt_20130321_women_senate,E7,E8,1,0.000242,0.978464,0.005045,0.016249
nyt_20130321_women_senate,E8,E9,0,0.990080,0.000091,0.002211,0.007618
nyt_20130321_women_senate,E8,E10,0,0.997882,0.000007,0.000423,0.001689
nyt_20130321_women_senate,E11,E1000012,0,0.881339,0.010925,0.028461,0.079275
nyt_20130321_women_senate,E12,E1000012,0,0.757772,0.041851,0.053388,0.146989
nyt_20130321_women_senate,E14,E16,0,0.984888,0.000203,0.003505,0.011404
nyt_20130321_women_senate,E14,E17,0,0.985639,0.000174,0.003346,0.010841
nyt_20130321_women_senate,E15,E16,0,0.984418,0.000215,0.003666,0.011701
nyt_20130321_women_senate,E15,E17,0,0.984855,0.000196,0.003575,0.011374
nyt_20130321_women_senate,E16,E19,1,0.006325,0.906057,0.023856,0.063762
nyt_20130321_women_senate,E16,E20,1,0.000019,0.995200,0.001023,0.003757
nyt_20130321_women_senate,E16,E21,1,0.000159,0.983867,0.003748,0.012226
nyt_20130321_women_senate,E17,E19,1,0.038572,0.761379,0.055138,0.144911
nyt_20130321_women_senate,E17,E20,1,0.000058,0.991061,0.002032,0.006849
nyt_20130321_women_senate,E17,E21,1,0.000623,0.965715,0.008128,0.025534
nyt_20130321_women_senate,E19,E22,1,0.007748,0.894046,0.025518,0.072688
nyt_20130321_women_senate,E20,E22,0,0.826858,0.022313,0.036830,0.114000
nyt_20130321_women_senate,E21,E22,0,0.710718,0.057850,0.056728,0.174704
nyt_20130321_women_senate,E22,E23,0,0.951555,0.001398,0.009856,0.037191
nyt_20130321_women_senate,E22,E24,0,0.995095,0.000023,0.000970,0.003912
nyt_20130321_women_senate,E23,E25,0,0.886799,0.006308,0.023580,0.083313
nyt_20130321_women_senate,E24,E25,0,0.522722,0.107179,0.073709,0.296389
nyt_20130321_women_senate,E25,E26,1,0.000432,0.970104,0.007079,0.022385
nyt_20130321_women_senate,E25,E27,1,0.073482,0.578819,0.077043,0.270657
nyt_20130321_women_senate,E25,E1000014,1,0.102311,0.501973,0.085728,0.309988
nyt_20130321_women_senate,E26,E29,0,0.737125,0.037288,0.063010,0.162577
nyt_20130321_women_senate,E27,E29,1,0.025384,0.751034,0.055170,0.168411
nyt_20130321_women_senate,E1000014,E29,1,0.034949,0.712811,0.061410,0.190830
nyt_20130321_women_senate,E29,E36,0,0.987962,0.000103,0.002600,0.009335
nyt_20130321_women_senate,E36,E37,0,0.702872,0.036710,0.049307,0.211111
nyt_20130321_women_senate,E36,E1000015,3,0.298969,0.243549,0.090364,0.367118
nyt_20130321_women_senate,E37,E40,1,0.000164,0.982233,0.003988,0.013615
nyt_20130321_women_senate,E37,E41,1,0.048610,0.668289,0.064449,0.218652
nyt_20130321_women_senate,E37,E42,1,0.000165,0.982611,0.003898,0.013326
nyt_20130321_women_senate,E1000015,E40,1,0.006062,0.894886,0.023199,0.075852
nyt_20130321_women_senate,E1000015,E41,0,0.513317,0.133530,0.080411,0.272741
nyt_20130321_women_senate,E1000015,E42,1,0.004941,0.908239,0.020375,0.066445
nyt_20130321_women_senate,E40,E43,0,0.755483,0.038702,0.047312,0.158503
nyt_20130321_women_senate,E40,E47,0,0.991439,0.000066,0.001869,0.006626
nyt_20130321_women_senate,E40,E48,0,0.978185,0.000359,0.005501,0.015954
nyt_20130321_women_senate,E41,E43,1,0.083423,0.596520,0.071567,0.248490
nyt_20130321_women_senate,E41,E47,0,0.924195,0.003172,0.016066,0.056566
nyt_20130321_women_senate,E41,E48,0,0.798618,0.019533,0.046555,0.135294
nyt_20130321_women_senate,E42,E43,0,0.803544,0.027077,0.039060,0.130319
nyt_20130321_women_senate,E42,E47,0,0.993128,0.000047,0.001493,0.005332
nyt_20130321_women_senate,E42,E48,0,0.982214,0.000261,0.004466,0.013059
nyt_20130321_women_senate,E43,E49,0,0.782828,0.031133,0.043077,0.142962
nyt_20130321_women_senate,E43,E50,0,0.975436,0.000388,0.005064,0.019113
nyt_20130321_women_senate,E43,E53,1,0.036756,0.785234,0.049492,0.128518
nyt_20130321_women_senate,E47,E49,1,0.008084,0.863656,0.027843,0.100417
nyt_20130321_women_senate,E47,E50,3,0.271600,0.281866,0.087386,0.359148
nyt_20130321_women_senate,E47,E53,1,0.000092,0.988702,0.002685,0.008521
nyt_20130321_women_senate,E48,E49,1,0.031750,0.734343,0.056041,0.177867
nyt_20130321_women_senate,E48,E50,0,0.503535,0.113152,0.083051,0.300263
nyt_20130321_women_senate,E48,E53,1,0.000310,0.978337,0.005648,0.015705
bbc_20130322_1150,E1,E2,0,0.965472,0.001826,0.010283,0.022419
bbc_20130322_1150,E6,E7,1,0.036064,0.694851,0.060728,0.208357
bbc_20130322_1150,E8,E10,1,0.025919,0.794149,0.050784,0.129149
bbc_20130322_1150,E8,E11,0,0.905636,0.004918,0.023761,0.065686
bbc_20130322_1150,E10,E11,0,0.938590,0.003147,0.016006,0.042257
bbc_20130322_1150,E14,E15,1,0.046322,0.672913,0.057720,0.223045
bbc_20130322_1150,E14,E17,0,0.369155,0.199606,0.087619,0.343620
bbc_20130322_1150,E15,E17,0,0.711088,0.039866,0.053898,0.195148
bbc_20130322_1150,E19,E20,1,0.014054,0.832202,0.034258,0.119487
bbc_20130322_1150,E19,E21,0,0.764835,0.028456,0.042911,0.163799
bbc_20130322_1150,E20,E21,0,0.948498,0.001989,0.010988,0.038525
bbc_20130322_1150,E23,E24,0,0.646438,0.053257,0.072677,0.227627
bbc_20130322_1150,E29,E30,0,0.992614,0.000056,0.001683,0.005648
bbc_20130322_1150,E53,E35,0,0.997498,0.000007,0.000459,0.002036
bbc_20130322_1150,E39,E40,0,0.984125,0.000178,0.003521,0.012176
bbc_20130322_1150,E41,E42,1,0.000064,0.990647,0.002154,0.007135
bbc_20130322_1150,E41,E43,1,0.003525,0.933758,0.019488,0.043229
bbc_20130322_1150,E42,E43,0,0.970394,0.000791,0.008333,0.020483
bbc_20130322_1150,E1,E3,0,0.990410,0.000145,0.002599,0.006846
bbc_20130322_1150,E2,E3,0,0.528465,0.216198,0.071868,0.183469
bbc_20130322_1150,E3,E4,1,0.000118,0.988073,0.002885,0.008924
bbc_20130322_1150,E4,E6,0,0.996137,0.000014,0.000743,0.003106
bbc_20130322_1150,E4,E7,0,0.983426,0.000216,0.003984,0.012374
bbc_20130322_1150,E6,E8,1,0.000221,0.978812,0.004750,0.016216
bbc_20130322_1150,E6,E10,1,0.000058,0.991044,0.002044,0.006855
bbc_20130322_1150,E6,E11,1,0.002664,0.921771,0.018141,0.057424
bbc_20130322_1150,E7,E8,1,0.029069,0.763743,0.053301,0.153887
bbc_20130322_1150,E7,E10,1,0.004393,0.921204,0.020654,0.053749
bbc_20130322_1150,E7,E11,0,0.444116,0.191188,0.096269,0.268427
bbc_20130322_1150,E8,E12,0,0.906250,0.003757,0.022864,0.067128
bbc_20130322_1150,E10,E12,0,0.961088,0.001039,0.010071,0.027802
bbc_20130322_1150,E11,E12,0,0.598920,0.091519,0.079989,0.229572
bbc_20130322_1150,E12,E14,0,0.983356,0.000207,0.003955,0.012482
bbc_20130322_1150,E12,E15,0,0.950178,0.001443,0.012105,0.036274
bbc_20130322_1150,E12,E17,0,0.968450,0.000565,0.007383,0.023602
bbc_20130322_1150,E18,E19,0,0.863251,0.007218,0.029980,0.099552
bbc_20130322_1150,E18,E20,0,0.627191,0.092891,0.073430,0.206487
bbc_20130322_1150,E18,E21,0,0.974518,0.000406,0.005990,0.019086
bbc_20130322_1150,E19,E23,0,0.878328,0.006726,0.025185,0.089760
bbc_20130322_1150,E19,E24,0,0.734879,0.033687,0.051888,0.179546
bbc_20130322_1150,E20,E23,0,0.970644,0.000569,0.006484,0.022303
bbc_20130322_1150,E20,E24,0,0.913593,0.004776,0.019562,0.062070
bbc_20130322_1150,E21,E23,0,0.694633,0.044342,0.054826,0.206200
bbc_20130322_1150,E21,E24,3,0.312273,0.260346,0.095546,0.331834
bbc_20130322_1150,E28,E29,1,0.000009,0.996601,0.000682,0.002707
bbc_20130322_1150,E28,E30,1,0.114123,0.521575,0.071557,0.292745
bbc_20130322_1150,E29,E34,0,0.998270,0.000004,0.000322,0.001404
bbc_20130322_1150,E30,E34,0,0.929938,0.002802,0.013494,0.053766
bbc_20130322_1150,E34,E53,1,0.000510,0.967210,0.007066,0.025215
bbc_20130322_1150,E34,E35,0,0.949771,0.001264,0.009653,0.039312
bbc_20130322_1150,E53,E36,0,0.983884,0.000174,0.003450,0.012492
bbc_20130322_1150,E35,E36,1,0.008251,0.863499,0.025987,0.102263
bbc_20130322_1150,E36,E39,1,0.009485,0.843247,0.035877,0.111391
bbc_20130322_1150,E36,E40,0,0.455490,0.127686,0.085112,0.331712
bbc_20130322_1150,E39,E41,0,0.993713,0.000043,0.001421,0.004823
bbc_20130322_1150,E39,E42,1,0.072860,0.638510,0.078984,0.209646
bbc_20130322_1150,E39,E43,0,0.934885,0.004395,0.018604,0.042116
bbc_20130322_1150,E40,E41,0,0.863390,0.008971,0.028120,0.099520
bbc_20130322_1150,E40,E42,1,0.000331,0.973387,0.006200,0.020083
bbc_20130322_1150,E40,E43,1,0.055295,0.691803,0.066144,0.186758
bbc_20130322_1150,E41,E44,1,0.118175,0.576953,0.080642,0.224230
bbc_20130322_1150,E42,E44,0,0.979626,0.000362,0.005226,0.014787
bbc_20130322_1150,E43,E44,1,0.312309,0.332166,0.093172,0.262353
bbc_20130322_332,E1,E2,0,0.519574,0.120502,0.087005,0.272919
bbc_20130322_332,E1,E3,1,0.019185,0.816739,0.040968,0.123107
bbc_20130322_332,E1,E4,1,0.000004,0.997913,0.000398,0.001685
bbc_20130322_332,E2,E3,1,0.003684,0.915128,0.020339,0.060849
bbc_20130322_332,E2,E4,1,0.000002,0.998536,0.000266,0.001195
bbc_20130322_332,E3,E4,1,0.000030,0.994197,0.001317,0.004457
bbc_20130322_332,E12,E13,1,0.004771,0.867361,0.023327,0.104540
bbc_20130322_332,E17,E18,0,0.561557,0.109685,0.076993,0.251765
bbc_20130322_332,E22,E23,0,0.991753,0.000047,0.001612,0.006587
bbc_20130322_332,E27,E28,1,0.094089,0.525362,0.085833,0.294716
bbc_20130322_332,E27,E29,3,0.287981,0.258902,0.099442,0.353675
bbc_20130322_332,E28,E29,1,0.240951,0.333786,0.096966,0.328296
bbc_20130322_332,E31,E33,1,0.016785,0.836024,0.040558,0.106632
bbc_20130322_332,E31,E34,1,0.127669,0.559375,0.084305,0.228650
bbc_20130322_332,E31,E35,1,0.146735,0.564289,0.080072,0.208904
bbc_20130322_332,E33,E34,0,0.784706,0.041934,0.045185,0.128175
bbc_20130322_332,E33,E35,0,0.857621,0.017835,0.032201,0.092344
bbc_20130322_332,E34,E35,0,0.784043,0.046613,0.045930,0.123415
bbc_20130322_332,E37,E38,3,0.375279,0.153213,0.089286,0.382223
bbc_20130322_332,E37,E40,0,0.586291,0.055606,0.071836,0.286267
bbc_20130322_332,E38,E40,0,0.585226,0.059519,0.069648,0.285607
bbc_20130322_332,E1,E5,3,0.264829,0.260590,0.095289,0.379293
bbc_20130322_332,E2,E5,3,0.283791,0.246863,0.101337,0.368009
bbc_20130322_332,E3,E5,0,0.937316,0.001978,0.013018,0.047689
bbc_20130322_332,E4,E5,0,0.997506,0.000007,0.000476,0.002011
bbc_20130322_332,E5,E9,1,0.000319,0.971759,0.006106,0.021816
bbc_20130322_332,E9,E11,1,0.020007,0.772281,0.059827,0.147885
bbc_20130322_332,E11,E12,0,0.976334,0.000346,0.005574,0.017746
bbc_20130322_332,E11,E13,0,0.959454,0.000866,0.009606,0.030074
bbc_20130322_332,E12,E17,1,0.000237,0.975275,0.005026,0.019461
bbc_20130322_332,E12,E18,1,0.002861,0.912880,0.017983,0.066275
bbc_20130322_332,E13,E17,1,0.008278,0.851319,0.029831,0.110572
bbc_20130322_332,E13,E18,1,0.096566,0.545261,0.077653,0.280520
bbc_20130322_332,E17,E19,0,0.958761,0.000724,0.008153,0.032362
bbc_20130322_332,E18,E19,0,0.932840,0.001843,0.013472,0.051845
bbc_20130322_332,E19,E22,1,0.000494,0.961790,0.008381,0.029335
bbc_20130322_332,E19,E23,0,0.879036,0.005558,0.025920,0.089487
bbc_20130322_332,E22,E24,0,0.373605,0.166772,0.099886,0.359737
bbc_20130322_332,E23,E24,1,0.002918,0.898544,0.019267,0.079271
bbc_20130322_332,E27,E30,0,0.904378,0.003621,0.018772,0.073228
bbc_20130322_332,E28,E30,0,0.909970,0.003855,0.018161,0.068015
bbc_20130322_332,E29,E30,0,0.842456,0.014489,0.030470,0.112584
bbc_20130322_332,E30,E31,1,0.045708,0.693238,0.054437,0.206616
bbc_20130322_332,E30,E33,1,0.002403,0.936266,0.013904,0.047426
bbc_20130322_332,E30,E34,1,0.032452,0.782565,0.043231,0.141752
bbc_20130322_332,E30,E35,1,0.135826,0.538203,0.075603,0.250368
bbc_20130322_332,E31,E36,1,0.125488,0.534198,0.099924,0.240390
bbc_20130322_332,E33,E36,1,0.304002,0.320817,0.102510,0.272671
bbc_20130322_332,E34,E36,1,0.278080,0.382371,0.097463,0.242086
bbc_20130322_332,E35,E36,1,0.235375,0.430762,0.096347,0.237516
bbc_20130322_332,E36,E37,0,0.985645,0.000139,0.003138,0.011079
bbc_20130322_332,E36,E38,0,0.979724,0.000232,0.004380,0.015664
bbc_20130322_332,E36,E40,0,0.981045,0.000201,0.004098,0.014656
bbc_20130322_1600,E2,E5,0,0.945234,0.002680,0.012766,0.039320
bbc_20130322_1600,E6,E7,1,0.020246,0.861181,0.040290,0.078283
bbc_20130322_1600,E6,E8,0,0.967413,0.001640,0.008917,0.022029
bbc_20130322_1600,E6,E9,0,0.662852,0.115945,0.063598,0.157606
bbc_20130322_1600,E7,E8,0,0.996799,0.000020,0.000767,0.002414
bbc_20130322_1600,E7,E9,0,0.990051,0.000185,0.002669,0.007095
bbc_20130322_1600,E8,E9,1,0.069396,0.742402,0.046318,0.141883
bbc_20130322_1600,E10,E11,0,0.806113,0.032158,0.038886,0.122843
bbc_20130322_1600,E10,E12,0,0.928997,0.004850,0.016454,0.049699
bbc_20130322_1600,E11,E12,0,0.694105,0.072063,0.061895,0.171937
bbc_20130322_1600,E16,E20,1,0.257905,0.346784,0.087307,0.308004
bbc_20130322_1600,E21,E22,0,0.634781,0.084948,0.065430,0.214841
bbc_20130322_1600,E2,E6,0,0.657277,0.112042,0.068932,0.161748
bbc_20130322_1600,E2,E7,1,0.031563,0.828566,0.042835,0.097035
bbc_20130322_1600,E2,E8,0,0.987813,0.000225,0.003139,0.008823
bbc_20130322_1600,E2,E9,0,0.970409,0.001419,0.007726,0.020446
bbc_20130322_1600,E5,E6,1,0.097251,0.671808,0.060660,0.170281
bbc_20130322_1600,E5,E7,1,0.000620,0.976478,0.006153,0.016749
bbc_20130322_1600,E5,E8,0,0.917639,0.007967,0.017164,0.057229
bbc_20130322_1600,E5,E9,0,0.633188,0.129065,0.055956,0.181791
bbc_20130322_1600,E6,E10,1,0.132693,0.613770,0.069297,0.184240
bbc_20130322_1600,E6,E11,0,0.695894,0.066992,0.068569,0.168545
bbc_20130322_1600,E6,E12,0,0.819868,0.030890,0.044292,0.104950
bbc_20130322_1600,E7,E10,0,0.951231,0.003416,0.011718,0.033635
bbc_20130322_1600,E7,E11,0,0.983940,0.000312,0.004296,0.011452
bbc_20130322_1600,E7,E12,0,0.984261,0.000304,0.004248,0.011188
bbc_20130322_1600,E8,E10,1,0.002919,0.947570,0.010947,0.038564
bbc_20130322_1600,E8,E11,1,0.038571,0.783184,0.042496,0.135749
bbc_20130322_1600,E8,E12,1,0.090859,0.662735,0.060364,0.186042
bbc_20130322_1600,E9,E10,1,0.041492,0.801216,0.035154,0.122138
bbc_20130322_1600,E9,E11,1,0.319105,0.362414,0.076792,0.241688
bbc_20130322_1600,E9,E12,0,0.494994,0.209254,0.073213,0.222539
bbc_20130322_1600,E10,E13,0,0.982522,0.000406,0.004265,0.012807
bbc_20130322_1600,E11,E13,0,0.941795,0.003744,0.014695,0.039766
bbc_20130322_1600,E12,E13,0,0.911349,0.008622,0.022132,0.057897
bbc_20130322_1600,E13,E30,1,0.004082,0.926710,0.019284,0.049924
bbc_20130322_1600,E30,E14,0,0.939380,0.004068,0.015076,0.041476
bbc_20130322_1600,E14,E16,0,0.560486,0.103905,0.079853,0.255756
bbc_20130322_1600,E14,E20,0,0.554236,0.095140,0.080102,0.270523
bbc_20130322_1600,E16,E21,0,0.648743,0.080478,0.062187,0.208591
bbc_20130322_1600,E16,E22,0,0.686069,0.059313,0.056816,0.197802
bbc_20130322_1600,E20,E21,0,0.839049,0.015778,0.032647,0.112526
bbc_20130322_1600,E20,E22,0,0.902515,0.005549,0.020226,0.071709
bbc_20130322_1600,E21,E25,0,0.966737,0.000818,0.007162,0.025283
bbc_20130322_1600,E22,E25,0,0.884167,0.007855,0.021234,0.086744
WSJ_20130322_804,E1,E2002,0,0.953799,0.001381,0.010439,0.034381
WSJ_20130322_804,E11,E13,0,0.474577,0.126944,0.081209,0.317270
WSJ_20130322_804,E11,E14,1,0.078296,0.588528,0.076806,0.256370
WSJ_20130322_804,E13,E14,1,0.153540,0.428822,0.087518,0.330120
WSJ_20130322_804,E22,E23,1,0.008988,0.816528,0.035867,0.138617
WSJ_20130322_804,E25,E26,0,0.815869,0.014365,0.050074,0.119693
WSJ_20130322_804,E25,E30,0,0.981016,0.000260,0.004584,0.014140
WSJ_20130322_804,E26,E30,0,0.933213,0.002086,0.014446,0.050255
WSJ_20130322_804,E9,E11,0,0.485750,0.148641,0.084115,0.281495
WSJ_20130322_804,E9,E13,0,0.735869,0.027943,0.045488,0.190700
WSJ_20130322_804,E9,E14,0,0.370383,0.208124,0.092688,0.328805
WSJ_20130322_804,E11,E16,1,0.033107,0.714554,0.055501,0.196838
WSJ_20130322_804,E13,E16,1,0.059972,0.608685,0.066816,0.264528
WSJ_20130322_804,E14,E16,1,0.070914,0.582518,0.074377,0.272191
WSJ_20130322_804,E16,E17,0,0.994483,0.000024,0.001042,0.004451
WSJ_20130322_804,E17,E18,1,0.000025,0.993959,0.001259,0.004757
WSJ_20130322_804,E21,E22,0,0.759467,0.030737,0.050733,0.159063
WSJ_20130322_804,E21,E23,1,0.151169,0.412726,0.088389,0.347716
WSJ_20130322_804,E22,E25,3,0.235214,0.295385,0.107359,0.362041
WSJ_20130322_804,E22,E26,3,0.224886,0.299942,0.108815,0.366357
WSJ_20130322_804,E22,E30,0,0.743162,0.027696,0.051409,0.177733
WSJ_20130322_804,E23,E25,0,0.924479,0.002347,0.015622,0.057551
WSJ_20130322_804,E23,E26,0,0.894014,0.004256,0.021490,0.080240
WSJ_20130322_804,E23,E30,0,0.984761,0.000139,0.003139,0.011962
WSJ_20130322_804,E25,E33,0,0.978132,0.000361,0.005571,0.015936
WSJ_20130322_804,E26,E33,0,0.928503,0.002212,0.015763,0.053521
WSJ_20130322_804,E30,E33,0,0.479440,0.125186,0.087389,0.307985
WSJ_20130322_804,E33,E35,1,0.095953,0.539591,0.095266,0.269189
WSJ_20130318_731,E1,E2,1,0.004704,0.911843,0.023659,0.059795
WSJ_20130318_731,E1,E3,1,0.147796,0.439094,0.116008,0.297102
WSJ_20130318_731,E2,E3,0,0.788613,0.027217,0.049405,0.134765
WSJ_20130318_731,E11,E12,1,0.004840,0.901144,0.023083,0.070933
WSJ_20130318_731,E11,E13,1,0.071614,0.564562,0.091504,0.272320
WSJ_20130318_731,E12,E13,0,0.915257,0.004048,0.019422,0.061273
WSJ_20130318_731,E20,E21,0,0.996572,0.000013,0.000680,0.002735
WSJ_20130318_731,E20,E22,0,0.994569,0.000030,0.001160,0.004241
WSJ_20130318_731,E21,E22,0,0.800612,0.014847,0.042003,0.142537
WSJ_20130318_731,E9,E10,1,0.000637,0.968083,0.008526,0.022753
WSJ_20130318_731,E10,E11,0,0.996558,0.000018,0.000760,0.002665
WSJ_20130318_731,E10,E12,0,0.980673,0.000556,0.004822,0.013949
WSJ_20130318_731,E10,E13,0,0.993681,0.000047,0.001455,0.004817
WSJ_20130318_731,E11,E14,0,0.428863,0.150107,0.116593,0.304436
WSJ_20130318_731,E12,E14,0,0.947785,0.001775,0.012866,0.037574
WSJ_20130318_731,E13,E14,0,0.554581,0.096082,0.091766,0.257572
CNN_20130322_1003,E1,E2,1,0.001978,0.961551,0.011330,0.025141
CNN_20130322_1003,E1,E3,0,0.840918,0.031934,0.038431,0.088718
CNN_20130322_1003,E1,E5,0,0.975031,0.000760,0.006200,0.018010
CNN_20130322_1003,E2,E3,0,0.982061,0.000553,0.005145,0.012242
CNN_20130322_1003,E2,E5,0,0.994892,0.000036,0.001200,0.003872
CNN_20130322_1003,E3,E5,0,0.770990,0.045177,0.044353,0.139480
CNN_20130322_1003,E6,E7,1,0.002014,0.969411,0.008452,0.020123
CNN_20130322_1003,E9,E10,0,0.683404,0.118628,0.048846,0.149122
CNN_20130322_1003,E9,E11,1,0.002007,0.962642,0.009348,0.026003
CNN_20130322_1003,E9,E1000,1,0.000094,0.991712,0.002164,0.006030
CNN_20130322_1003,E10,E11,1,0.002180,0.963901,0.008913,0.025006
CNN_20130322_1003,E10,E1000,1,0.000092,0.992439,0.001983,0.005487
CNN_20130322_1003,E11,E1000,1,0.015930,0.885617,0.028032,0.070420
CNN_20130322_1003,E12,E13,1,0.026469,0.840323,0.039121,0.094087
CNN_20130322_1003,E12,E14,1,0.001848,0.963559,0.010590,0.024002
CNN_20130322_1003,E12,E15,1,0.000809,0.973189,0.007970,0.018032
CNN_20130322_1003,E13,E14,1,0.014347,0.894393,0.027567,0.063692
CNN_20130322_1003,E13,E15,1,0.011871,0.894889,0.028430,0.064809
CNN_20130322_1003,E14,E15,1,0.045877,0.812770,0.043469,0.097883
CNN_20130322_1003,E17,E19,1,0.046340,0.751635,0.062471,0.139554
CNN_20130322_1003,E17,E20,0,0.974658,0.000481,0.006601,0.018259
CNN_20130322_1003,E19,E20,0,0.996249,0.000019,0.000831,0.002901
CNN_20130322_1003,E23,E27,1,0.217424,0.409059,0.083175,0.290343
CNN_20130322_1003,E30,E31,1,0.011877,0.862704,0.032572,0.092847
CNN_20130322_1003,E30,E32,1,0.000150,0.985477,0.003598,0.010774
CNN_20130322_1003,E30,E33,1,0.000033,0.993785,0.001428,0.004754
CNN_20130322_1003,E31,E32,1,0.000127,0.988062,0.002937,0.008874
CNN_20130322_1003,E31,E33,1,0.000043,0.993426,0.001545,0.004986
CNN_20130322_1003,E32,E33,1,0.024086,0.848679,0.032753,0.094482
CNN_20130322_1003,E34,E36,1,0.000015,0.995967,0.000845,0.003174
CNN_20130322_1003,E40,E41,1,0.001140,0.967451,0.008836,0.022573
CNN_20130322_1003,E40,E42,1,0.000089,0.990981,0.002371,0.006559
CNN_20130322_1003,E41,E42,1,0.000425,0.984394,0.004460,0.010721
CNN_20130322_1003,E43,E44,0,0.600629,0.100905,0.066622,0.231844
CNN_20130322_1003,E45,E47,1,0.138397,0.529182,0.079019,0.253401
CNN_20130322_1003,E55,E57,0,0.972543,0.000489,0.005388,0.021580
CNN_20130322_1003,E1,E6,0,0.788566,0.062351,0.044315,0.104768
CNN_20130322_1003,E1,E7,1,0.059313,0.791116,0.045556,0.104015
CNN_20130322_1003,E2,E6,0,0.967312,0.002252,0.008963,0.021473
CNN_20130322_1003,E2,E7,0,0.624429,0.165436,0.064540,0.145595
CNN_20130322_1003,E3,E6,1,0.101134,0.697908,0.056560,0.144398
CNN_20130322_1003,E3,E7,1,0.001184,0.972731,0.007550,0.018535
CNN_20130322_1003,E5,E6,1,0.003792,0.944459,0.013041,0.038708
CNN_20130322_1003,E5,E7,1,0.000047,0.993985,0.001505,0.004463
CNN_20130322_1003,E6,E9,0,0.990831,0.000191,0.002416,0.006562
CNN_20130322_1003,E6,E10,0,0.991420,0.000196,0.002210,0.006174
CNN_20130322_1003,E6,E11,0,0.406605,0.338239,0.072375,0.182782
CNN_20130322_1003,E6,E1000,1,0.033501,0.845874,0.035311,0.085314
CNN_20130322_1003,E7,E9,0,0.996765,0.000026,0.000810,0.002399
CNN_20130322_1003,E7,E10,0,0.997440,0.000019,0.000630,0.001911
CNN_20130322_1003,E7,E11,0,0.808522,0.054945,0.039041,0.097492
CNN_20130322_1003,E7,E1000,1,0.282995,0.470955,0.072622,0.173428
CNN_20130322_1003,E9,E12,1,0.130293,0.645976,0.059024,0.164708
CNN_20130322_1003,E9,E13,1,0.001836,0.963435,0.009585,0.025145
CNN_20130322_1003,E9,E14,1,0.000207,0.989057,0.003018,0.007718
CNN_20130322_1003,E9,E15,1,0.000206,0.987881,0.003368,0.008546
CNN_20130322_1003,E10,E12,1,0.155280,0.625850,0.057757,0.161112
CNN_20130322_1003,E10,E13,1,0.002316,0.962197,0.009781,0.025707
CNN_20130322_1003,E10,E14,1,0.000259,0.988776,0.003075,0.007890
CNN_20130322_1003,E10,E15,1,0.000239,0.988038,0.003323,0.008400
CNN_20130322_1003,E11,E12,0,0.878450,0.020247,0.028431,0.072872
CNN_20130322_1003,E11,E13,1,0.214093,0.515561,0.079276,0.191070
CNN_20130322_1003,E11,E14,1,0.036765,0.834665,0.038789,0.089781
CNN_20130322_1003,E11,E15,1,0.033002,0.831706,0.041445,0.093847
CNN_20130322_1003,E1000,E12,0,0.989295,0.000200,0.002958,0.007547
CNN_20130322_1003,E1000,E13,0,0.896699,0.014700,0.027365,0.061236
CNN_20130322_1003,E1000,E14,0,0.699644,0.108534,0.060956,0.130866
CNN_20130322_1003,E1000,E15,0,0.669799,0.115179,0.069403,0.145619
CNN_20130322_1003,E12,E17,1,0.001502,0.958591,0.012017,0.027890
CNN_20130322_1003,E12,E19,1,0.000281,0.983265,0.004622,0.011832
CNN_20130322_1003,E12,E20,0,0.834622,0.024152,0.037243,0.103982
CNN_20130322_1003,E13,E17,1,0.043874,0.772140,0.055208,0.128778
CNN_20130322_1003,E13,E19,1,0.008018,0.911511,0.023354,0.057117
CNN_20130322_1003,E13,E20,0,0.973601,0.000748,0.006645,0.019006
CNN_20130322_1003,E14,E17,1,0.096536,0.691143,0.063428,0.148892
CNN_20130322_1003,E14,E19,1,0.019040,0.880694,0.028969,0.071297
CNN_20130322_1003,E14,E20,0,0.986444,0.000293,0.003425,0.009838
CNN_20130322_1003,E15,E17,1,0.159276,0.558372,0.085333,0.197019
CNN_20130322_1003,E15,E19,1,0.035444,0.813061,0.044270,0.107225
CNN_20130322_1003,E15,E20,0,0.988205,0.000169,0.002998,0.008628
CNN_20130322_1003,E17,E21,0,0.947391,0.002344,0.014875,0.035390
CNN_20130322_1003,E19,E21,0,0.987497,0.000192,0.003363,0.008947
CNN_20130322_1003,E20,E21,1,0.087888,0.649994,0.066933,0.195185
CNN_20130322_1003,E21,E23,0,0.784505,0.033736,0.043267,0.138492
CNN_20130322_1003,E21,E27,0,0.834404,0.026382,0.035217,0.103997
CNN_20130322_1003,E30,E34,0,0.937916,0.001970,0.014086,0.046028
CNN_20130322_1003,E30,E36,1,0.000210,0.983790,0.004256,0.011744
CNN_20130322_1003,E31,E34,0,0.977210,0.000408,0.004831,0.017551
CNN_20130322_1003,E31,E36,1,0.002852,0.951084,0.012035,0.034028
CNN_20130322_1003,E32,E34,0,0.997984,0.000005,0.000383,0.001627
CNN_20130322_1003,E32,E36,0,0.510825,0.215697,0.072728,0.200750
CNN_20130322_1003,E33,E34,0,0.998533,0.000004,0.000286,0.001177
CNN_20130322_1003,E33,E36,0,0.536529,0.228154,0.064338,0.170979
CNN_20130322_1003,E34,E38,1,0.022095,0.771537,0.044067,0.162300
CNN_20130322_1003,E36,E38,0,0.967488,0.001027,0.007622,0.023863
CNN_20130322_1003,E38,E40,0,0.399095,0.245687,0.093874,0.261343
CNN_20130322_1003,E38,E41,1,0.007234,0.916568,0.021998,0.054200
CNN_20130322_1003,E38,E42,1,0.000309,0.983114,0.004747,0.011831
CNN_20130322_1003,E40,E43,0,0.823692,0.018459,0.036963,0.120886
CNN_20130322_1003,E40,E44,0,0.916035,0.005358,0.018288,0.060320
CNN_20130322_1003,E41,E43,0,0.956566,0.001849,0.010288,0.031297
CNN_20130322_1003,E41,E44,0,0.980672,0.000485,0.004640,0.014203
CNN_20130322_1003,E42,E43,0,0.989112,0.000138,0.002679,0.008071
CNN_20130322_1003,E42,E44,0,0.994488,0.000046,0.001317,0.004149
CNN_20130322_1003,E43,E45,0,0.522629,0.106851,0.080672,0.289848
CNN_20130322_1003,E43,E47,1,0.137778,0.551333,0.076541,0.234348
CNN_20130322_1003,E44,E45,1,0.098103,0.532128,0.073211,0.296558
CNN_20130322_1003,E44,E47,1,0.009723,0.880585,0.024557,0.085134
CNN_20130322_1003,E45,E48,0,0.631744,0.060616,0.060858,0.246782
CNN_20130322_1003,E47,E48,0,0.730855,0.042908,0.047996,0.178241
CNN_20130322_1003,E48,E50,0,0.934197,0.002537,0.014124,0.049141
CNN_20130322_1003,E50,E51,1,0.001162,0.945645,0.011390,0.041803
CNN_20130322_1003,E51,E52,0,0.913959,0.003116,0.017667,0.065258
CNN_20130322_1003,E52,E53,0,0.967480,0.000506,0.006965,0.025048
CNN_20130322_1003,E53,E55,1,0.221941,0.369028,0.102558,0.306473
