WSJ_20130322_159,E5,E6,1,0.009281,0.881533,0.030830,0.078355
WSJ_20130322_159,E5,E10,0,0.870202,0.011461,0.028314,0.090024
WSJ_20130322_159,E5,E11,0,0.960695,0.001068,0.009041,0.029196
WSJ_20130322_159,E6,E10,0,0.910147,0.004935,0.020600,0.064318
WSJ_20130322_159,E6,E11,0,0.959015,0.000905,0.008685,0.031395
WSJ_20130322_159,E10,E11,0,0.629818,0.058347,0.069448,0.242387
WSJ_20130322_159,E12,E14,1,0.108101,0.543839,0.076598,0.271462
WSJ_20130322_159,E18,E19,1,0.237410,0.375629,0.095801,0.291160
WSJ_20130322_159,E20,E22,1,0.000105,0.987471,0.002748,0.009677
WSJ_20130322_159,E29,E31,0,0.907069,0.004040,0.014668,0.074223
WSJ_20130322_159,E29,E34,1,0.146332,0.482915,0.075636,0.295117
WSJ_20130322_159,E29,E37,0,0.944106,0.001672,0.010481,0.043741
WSJ_20130322_159,E31,E34,1,0.020727,0.781348,0.039337,0.158588
WSJ_20130322_159,E31,E37,0,0.810170,0.015115,0.032539,0.142175
WSJ_20130322_159,E34,E37,0,0.989560,0.000088,0.002135,0.008217
WSJ_20130322_159,E38,E39,1,0.001015,0.957120,0.010543,0.031322
WSJ_20130322_159,E38,E40,1,0.057095,0.634264,0.070234,0.238407
WSJ_20130322_159,E39,E40,0,0.656624,0.059566,0.066122,0.217688
WSJ_20130322_159,E42,E44,1,0.000113,0.986181,0.002911,0.010795
WSJ_20130322_159,E46,E47,1,0.001873,0.931629,0.016843,0.049654
WSJ_20130322_159,E46,E49,1,0.043482,0.607948,0.076766,0.271805
WSJ_20130322_159,E47,E49,1,0.219889,0.342271,0.097424,0.340415
WSJ_20130322_159,E1,E5,1,0.178621,0.449532,0.076719,0.295128
WSJ_20130322_159,E1,E6,1,0.003368,0.909512,0.020766,0.066353
WSJ_20130322_159,E1,E10,0,0.553951,0.094451,0.072287,0.279311
WSJ_20130322_159,E1,E11,0,0.720341,0.036415,0.050678,0.192566
WSJ_20130322_159,E5,E12,0,0.996201,0.000017,0.000775,0.003007
WSJ_20130322_159,E5,E14,0,0.856878,0.012724,0.027726,0.102672
WSJ_20130322_159,E6,E12,0,0.994779,0.000029,0.001089,0.004103
WSJ_20130322_159,E6,E14,0,0.920800,0.003588,0.016545,0.059067
WSJ_20130322_159,E10,E12,0,0.937847,0.001593,0.011823,0.048737
WSJ_20130322_159,E10,E14,3,0.290916,0.261550,0.098535,0.349000
WSJ_20130322_159,E11,E12,0,0.879559,0.006385,0.024854,0.089202
WSJ_20130322_159,E11,E14,1,0.115822,0.488259,0.088608,0.307311
WSJ_20130322_159,E12,E18,0,0.949085,0.001195,0.009434,0.040286
WSJ_20130322_159,E12,E19,0,0.484454,0.142459,0.090248,0.282839
WSJ_20130322_159,E14,E18,0,0.988674,0.000084,0.002011,0.009231
WSJ_20130322_159,E14,E19,0,0.828739,0.016200,0.033625,0.121436
WSJ_20130322_159,E18,E20,1,0.000569,0.962309,0.008074,0.029049
WSJ_20130322_159,E18,E22,1,0.000011,0.996464,0.000680,0.002845
WSJ_20130322_159,E19,E20,1,0.000489,0.969243,0.006973,0.023295
WSJ_20130322_159,E19,E22,1,0.000005,0.997845,0.000422,0.001728
WSJ_20130322_159,E20,E26,1,0.175240,0.412954,0.090018,0.321789
WSJ_20130322_159,E22,E26,0,0.975162,0.000505,0.005198,0.019135
WSJ_20130322_159,E26,E29,0,0.984690,0.000152,0.002954,0.012204
WSJ_20130322_159,E26,E31,0,0.997083,0.000008,0.000508,0.002401
WSJ_20130322_159,E26,E34,0,0.957188,0.001127,0.009167,0.032518
WSJ_20130322_159,E26,E37,0,0.995230,0.000024,0.000971,0.003775
WSJ_20130322_159,E29,E38,3,0.276091,0.276746,0.095712,0.351451
WSJ_20130322_159,E29,E39,1,0.000251,0.979155,0.004518,0.016076
WSJ_20130322_159,E29,E40,1,0.046628,0.653488,0.056230,0.243654
WSJ_20130322_159,E31,E38,1,0.064848,0.587475,0.073003,0.274674
WSJ_20130322_159,E31,E39,1,0.000087,0.987820,0.002454,0.009640
WSJ_20130322_159,E31,E40,1,0.005271,0.874719,0.022619,0.097391
WSJ_20130322_159,E34,E38,0,0.775362,0.018967,0.041052,0.164618
WSJ_20130322_159,E34,E39,1,0.003570,0.918416,0.018080,0.059934
WSJ_20130322_159,E34,E40,0,0.381922,0.195297,0.083587,0.339194
WSJ_20130322_159,E37,E38,1,0.032570,0.704704,0.057450,0.205276
WSJ_20130322_159,E37,E39,1,0.000083,0.989372,0.002303,0.008242
WSJ_20130322_159,E37,E40,1,0.002629,0.918073,0.016989,0.062309
WSJ_20130322_159,E38,E42,0,0.934041,0.001757,0.013073,0.051129
WSJ_20130322_159,E38,E44,1,0.001438,0.943480,0.013331,0.041751
WSJ_20130322_159,E39,E42,0,0.989984,0.000085,0.002163,0.007768
WSJ_20130322_159,E39,E44,1,0.056794,0.663687,0.070923,0.208596
WSJ_20130322_159,E40,E42,0,0.978039,0.000294,0.004505,0.017163
WSJ_20130322_159,E40,E44,1,0.008330,0.842618,0.032758,0.116294
WSJ_20130322_159,E42,E46,0,0.673484,0.035021,0.057599,0.233896
WSJ_20130322_159,E42,E47,0,0.374458,0.174362,0.093211,0.357969
WSJ_20130322_159,E42,E49,1,0.059517,0.606205,0.073428,0.260851
WSJ_20130322_159,E44,E46,0,0.996890,0.000010,0.000595,0.002504
WSJ_20130322_159,E44,E47,0,0.989781,0.000069,0.001938,0.008211
WSJ_20130322_159,E44,E49,0,0.980573,0.000267,0.004309,0.014852
WSJ_20130322_159,E46,E55,0,0.716127,0.030550,0.054536,0.198787
WSJ_20130322_159,E47,E55,0,0.953035,0.001475,0.010106,0.035384
WSJ_20130322_159,E49,E55,0,0.818009,0.018944,0.034339,0.128709
nyt_20130322_strange_computer,E8,E11,0,0.996484,0.000014,0.000680,0.002823
nyt_20130322_strange_computer,E14,E16,1,0.000158,0.984123,0.003503,0.012216
nyt_20130322_strange_computer,E19,E22,0,0.793459,0.021753,0.041051,0.143736
nyt_20130322_strange_computer,E19,E23,0,0.334704,0.273549,0.094864,0.296883
nyt_20130322_strange_computer,E22,E23,0,0.301506,0.301035,0.097689,0.299769
nyt_20130322_strange_computer,E6,E8,1,0.164369,0.492493,0.085888,0.257250
nyt_20130322_strange_computer,E6,E11,0,0.996121,0.000016,0.000753,0.003109
nyt_20130322_strange_computer,E8,E14,0,0.996754,0.000014,0.000685,0.002547
nyt_20130322_strange_computer,E8,E16,0,0.817762,0.022828,0.040992,0.118418
nyt_20130322_strange_computer,E11,E14,0,0.703002,0.043955,0.063289,0.189755
nyt_20130322_strange_computer,E11,E16,1,0.001291,0.949289,0.012561,0.036859
nyt_20130322_strange_computer,E14,E19,3,0.317795,0.245465,0.098620,0.338119
nyt_20130322_strange_computer,E14,E22,0,0.483621,0.134072,0.091403,0.290903
nyt_20130322_strange_computer,E14,E23,1,0.042030,0.709320,0.062778,0.185872
nyt_20130322_strange_computer,E16,E19,0,0.978130,0.000315,0.004834,0.016721
nyt_20130322_strange_computer,E16,E22,0,0.982386,0.000213,0.003838,0.013563
nyt_20130322_strange_computer,E16,E23,0,0.964316,0.000772,0.008240,0.026671
nyt_20130322_strange_computer,E19,E24,0,0.845168,0.016387,0.034281,0.104165
nyt_20130322_strange_computer,E22,E24,0,0.707756,0.054304,0.060079,0.177861
nyt_20130322_strange_computer,E23,E24,0,0.836422,0.016394,0.036583,0.110601
CNN_20130321_821,E4,E5,0,0.507663,0.140928,0.096655,0.254754
CNN_20130321_821,E5,E8,0,0.766522,0.031993,0.045527,0.155958
CNN_20130321_821,E8,E1000,0,0.756327,0.029505,0.049195,0.164973
CNN_20130321_821,E1002,E20,0,0.840475,0.009411,0.034748,0.115366
nyt_20130321_cyprus,E2,E5,1,0.007218,0.883864,0.029771,0.079147
nyt_20130321_cyprus,E7,E2009,1,0.014679,0.813074,0.039784,0.132463
nyt_20130321_cyprus,E13,E15,0,0.817392,0.012666,0.037999,0.131943
nyt_20130321_cyprus,E22,E23,1,0.127279,0.465320,0.083009,0.324392
nyt_20130321_cyprus,E22,E24,1,0.000014,0.996101,0.000783,0.003101
nyt_20130321_cyprus,E23,E24,1,0.000195,0.982932,0.003910,0.012964
nyt_20130321_cyprus,E33,E35,0,0.708665,0.049789,0.057332,0.184214
nyt_20130321_cyprus,E41,E42,1,0.002717,0.924750,0.017234,0.055299
nyt_20130321_cyprus,E46,E47,0,0.601116,0.122233,0.064368,0.212282
nyt_20130321_cyprus,E48,E51,0,0.992321,0.000058,0.001687,0.005935
nyt_20130321_cyprus,E2,E7,0,0.936260,0.002425,0.015070,0.046245
nyt_20130321_cyprus,E2,E2009,0,0.542813,0.098933,0.085815,0.272439
nyt_20130321_cyprus,E5,E7,0,0.995001,0.000032,0.001116,0.003852
nyt_20130321_cyprus,E5,E2009,0,0.975466,0.000424,0.005716,0.018393
nyt_20130321_cyprus,E7,E9,1,0.000184,0.983501,0.003756,0.012559
nyt_20130321_cyprus,E2009,E9,1,0.010535,0.851300,0.034123,0.104042
nyt_20130321_cyprus,E10,E13,0,0.953889,0.001643,0.010314,0.034154
nyt_20130321_cyprus,E10,E15,0,0.985067,0.000166,0.003240,0.011526
nyt_20130321_cyprus,E13,E21,0,0.958770,0.001063,0.009725,0.030443
nyt_20130321_cyprus,E15,E21,0,0.910186,0.004130,0.020113,0.065572
nyt_20130321_cyprus,E21,E22,0,0.820806,0.014893,0.034108,0.130193
nyt_20130321_cyprus,E21,E23,3,0.277116,0.284896,0.092760,0.345227
nyt_20130321_cyprus,E21,E24,1,0.000020,0.995518,0.000939,0.003524
nyt_20130321_cyprus,E22,E25,1,0.000459,0.971272,0.006589,0.021679
nyt_20130321_cyprus,E23,E25,1,0.029323,0.752421,0.051699,0.166557
nyt_20130321_cyprus,E24,E25,0,0.950677,0.002005,0.011268,0.036050
nyt_20130321_cyprus,E33,E36,0,0.551948,0.092348,0.082157,0.273547
nyt_20130321_cyprus,E35,E36,3,0.220607,0.335474,0.092141,0.351779
nyt_20130321_cyprus,E36,E41,0,0.967347,0.000594,0.006685,0.025374
nyt_20130321_cyprus,E36,E42,1,0.031526,0.745025,0.052772,0.170677
nyt_20130321_cyprus,E46,E48,1,0.012395,0.849864,0.033173,0.104568
nyt_20130321_cyprus,E46,E51,0,0.988287,0.000122,0.002599,0.008991
nyt_20130321_cyprus,E47,E48,1,0.007092,0.899728,0.022731,0.070450
nyt_20130321_cyprus,E47,E51,0,0.985719,0.000192,0.003147,0.010942
nyt_20130321_cyprus,E48,E57,1,0.002164,0.936237,0.016043,0.045557
nyt_20130321_cyprus,E51,E57,1,0.000008,0.997136,0.000552,0.002303
bbc_20130322_1353,E1,E5,1,0.000736,0.960606,0.008661,0.029996
bbc_20130322_1353,E8,E10,1,0.000095,0.989491,0.002423,0.007991
bbc_20130322_1353,E15,E16,1,0.000871,0.960667,0.009446,0.029016
bbc_20130322_1353,E19,E20,1,0.000273,0.985556,0.003989,0.010182
bbc_20130322_1353,E19,E21,1,0.003118,0.944813,0.014533,0.037536
bbc_20130322_1353,E20,E21,1,0.216933,0.481081,0.074650,0.227335
bbc_20130322_1353,E23,E25,1,0.112079,0.561991,0.074258,0.251672
bbc_20130322_1353,E23,E26,1,0.001223,0.955223,0.010317,0.033237
bbc_20130322_1353,E23,E27,1,0.000027,0.994734,0.001131,0.004108
bbc_20130322_1353,E25,E26,1,0.000965,0.961894,0.008146,0.028995
bbc_20130322_1353,E25,E27,1,0.000014,0.996263,0.000774,0.002948
bbc_20130322_1353,E26,E27,1,0.000125,0.987593,0.002897,0.009386
bbc_20130322_1353,E28,E29,1,0.000148,0.985683,0.003236,0.010934
bbc_20130322_1353,E28,E31,1,0.000586,0.970784,0.006850,0.021780
bbc_20130322_1353,E29,E31,1,0.126727,0.606191,0.061051,0.206031
bbc_20130322_1353,E33,E34,0,0.878508,0.010285,0.024937,0.086270
bbc_20130322_1353,E35,E36,0,0.654764,0.054156,0.068167,0.222912
bbc_20130322_1353,E35,E37,1,0.000336,0.976097,0.005600,0.017966
bbc_20130322_1353,E36,E37,1,0.000124,0.987723,0.002952,0.009201
bbc_20130322_1353,E1,E8,0,0.530542,0.108501,0.076566,0.284392
bbc_20130322_1353,E1,E10,1,0.000054,0.991989,0.001744,0.006213
bbc_20130322_1353,E5,E8,0,0.985853,0.000156,0.003001,0.010989
bbc_20130322_1353,E5,E10,1,0.004291,0.928099,0.016406,0.051204
bbc_20130322_1353,E8,E11,0,0.778375,0.020664,0.040193,0.160768
bbc_20130322_1353,E10,E11,0,0.998133,0.000005,0.000370,0.001492
bbc_20130322_1353,E11,E13,1,0.004804,0.891328,0.023262,0.080606
bbc_20130322_1353,E13,E15,0,0.979074,0.000392,0.005367,0.015167
bbc_20130322_1353,E13,E16,0,0.741176,0.057120,0.053698,0.148005
bbc_20130322_1353,E15,E17,1,0.001595,0.940883,0.013317,0.044206
bbc_20130322_1353,E16,E17,1,0.155637,0.454518,0.087095,0.302750
bbc_20130322_1353,E17,E19,1,0.109267,0.590487,0.068389,0.231857
bbc_20130322_1353,E17,E20,1,0.000115,0.987888,0.002805,0.009192
bbc_20130322_1353,E17,E21,1,0.000413,0.974385,0.006145,0.019056
bbc_20130322_1353,E19,E23,0,0.790715,0.031541,0.041920,0.135823
bbc_20130322_1353,E19,E25,0,0.910948,0.006512,0.018483,0.064056
bbc_20130322_1353,E19,E26,1,0.139018,0.565146,0.074564,0.221272
bbc_20130322_1353,E19,E27,1,0.000234,0.985181,0.003965,0.010620
bbc_20130322_1353,E20,E23,0,0.984191,0.000201,0.003178,0.012430
bbc_20130322_1353,E20,E25,0,0.987412,0.000177,0.002736,0.009674
bbc_20130322_1353,E20,E26,0,0.872211,0.014314,0.025254,0.088221
bbc_20130322_1353,E20,E27,1,0.016144,0.872120,0.027666,0.084070
bbc_20130322_1353,E21,E23,0,0.972558,0.000742,0.006162,0.020539
bbc_20130322_1353,E21,E25,0,0.975290,0.000550,0.004897,0.019263
bbc_20130322_1353,E21,E26,0,0.774049,0.042427,0.041695,0.141829
bbc_20130322_1353,E21,E27,1,0.005112,0.930056,0.016375,0.048457
bbc_20130322_1353,E23,E28,0,0.472268,0.166189,0.083114,0.278430
bbc_20130322_1353,E23,E29,1,0.006811,0.902058,0.021989,0.069143
bbc_20130322_1353,E23,E31,1,0.005670,0.910522,0.019319,0.064489
bbc_20130322_1353,E25,E28,0,0.394598,0.249361,0.077020,0.279021
bbc_20130322_1353,E25,E29,1,0.005106,0.921145,0.016562,0.057188
bbc_20130322_1353,E25,E31,1,0.018979,0.844925,0.029562,0.106533
bbc_20130322_1353,E26,E28,0,0.878399,0.010757,0.024636,0.086209
bbc_20130322_1353,E26,E29,1,0.129176,0.562304,0.069821,0.238699
bbc_20130322_1353,E26,E31,1,0.269797,0.380104,0.077983,0.272117
bbc_20130322_1353,E27,E28,0,0.991785,0.000077,0.001850,0.006288
bbc_20130322_1353,E27,E29,0,0.839347,0.026288,0.031596,0.102769
bbc_20130322_1353,E27,E31,0,0.921331,0.006848,0.016351,0.055470
bbc_20130322_1353,E28,E33,1,0.001422,0.950296,0.011060,0.037222
bbc_20130322_1353,E28,E34,1,0.065516,0.655474,0.061717,0.217294
bbc_20130322_1353,E29,E33,0,0.665286,0.086190,0.054457,0.194068
bbc_20130322_1353,E29,E34,0,0.848690,0.017319,0.027754,0.106237
bbc_20130322_1353,E31,E33,0,0.582031,0.146401,0.059769,0.211799
bbc_20130322_1353,E31,E34,0,0.895045,0.010804,0.019417,0.074734
bbc_20130322_1353,E33,E35,0,0.989982,0.000077,0.002033,0.007908
bbc_20130322_1353,E33,E36,0,0.971466,0.000503,0.006177,0.021853
bbc_20130322_1353,E33,E37,1,0.022823,0.807429,0.046526,0.123222
bbc_20130322_1353,E34,E35,0,0.988742,0.000085,0.002109,0.009064
bbc_20130322_1353,E34,E36,0,0.987311,0.000112,0.002480,0.010097
bbc_20130322_1353,E34,E37,1,0.014362,0.839583,0.035074,0.110982
nyt_20130321_women_senate,E1000009,E2,1,0.031594,0.799827,0.043156,0.125423
nyt_20130321_women_senate,E4,E5,1,0.001083,0.959774,0.010533,0.028609
nyt_20130321_women_senate,E4,E6,1,0.122055,0.567333,0.075537,0.235075
nyt_20130321_women_senate,E5,E6,0,0.829053,0.023543,0.034321,0.113083
nyt_20130321_women_senate,E9,E10,0,0.982355,0.000249,0.003932,0.013464
nyt_20130321_women_senate,E11,E12,0,0.806548,0.032959,0.038749,0.121744
nyt_20130321_women_senate,E14,E15,1,0.037835,0.764941,0.052040,0.145185
nyt_20130321_women_senate,E16,E17,1,0.115847,0.541490,0.077953,0.264710
nyt_20130321_women_senate,E19,E20,1,0.001055,0.959087,0.010527,0.029332
nyt_20130321_women_senate,E19,E21,1,0.011011,0.851974,0.035318,0.101696
nyt_20130321_women_senate,E20,E21,0,0.451075,0.182593,0.092823,0.273509
nyt_20130321_women_senate,E23,E24,0,0.951528,0.001509,0.011902,0.035060
nyt_20130321_women_senate,E26,E27,0,0.934354,0.004433,0.018371,0.042841
nyt_20130321_women_senate,E26,E1000014,0,0.880360,0.010971,0.028385,0.080284
nyt_20130321_women_senate,E27,E1000014,1,0.076708,0.649278,0.082850,0.191165
nyt_20130321_women_senate,E37,E1000015,1,0.195504,0.394121,0.105747,0.304627
nyt_20130321_women_senate,E40,E41,0,0.938779,0.002207,0.013150,0.045864
nyt_20130321_women_senate,E40,E42,0,0.644551,0.072504,0.066165,0.216781
nyt_20130321_women_senate,E41,E42,1,0.138763,0.499899,0.087756,0.273582
nyt_20130321_women_senate,E43,E47,0,0.980322,0.000251,0.004017,0.015411
nyt_20130321_women_senate,E43,E48,0,0.958157,0.001100,0.008827,0.031916
nyt_20130321_women_senate,E47,E48,0,0.356319,0.240459,0.089443,0.313778
nyt_20130321_women_senate,E49,E50,0,0.833057,0.016540,0.034122,0.116280
nyt_20130321_women_senate,E49,E53,1,0.002812,0.940495,0.014126,0.042567
nyt_20130321_women_senate,E50,E53,1,0.000575,0.973871,0.006384,0.019171
nyt_20130321_women_senate,E1000009,E4,0,0.742261,0.048787,0.050716,0.158235
nyt_20130321_women_senate,E1000009,E5,1,0.001350,0.957997,0.011127,0.029526
nyt_20130321_women_senate,E1000009,E6,1,0.072620,0.704335,0.059706,0.163339
nyt_20130321_women_senate,E2,E4,0,0.963842,0.001020,0.008062,0.027075
nyt_20130321_women_senate,E2,E5,1,0.040957,0.757456,0.051771,0.149816
nyt_20130321_women_senate,E2,E6,0,0.720896,0.058264,0.050161,0.170679
nyt_20130321_women_senate,E4,E7,0,0.851770,0.016952,0.034357,0.096921
nyt_20130321_women_senate,E5,E7,0,0.987223,0.000171,0.003128,0.009478
nyt_20130321_women_senate,E6,E7,0,0.965742,0.001363,0.008177,0.024717
nyt_20130321_women_senate,E7,E8,1,0.000208,0.983955,0.003868,0.011970
nyt_20130321_women_senate,E8,E9,0,0.933669,0.003768,0.013952,0.048611
nyt_20130321_women_senate,E8,E10,0,0.998004,0.000006,0.000401,0.001589
nyt_20130321_women_senate,E11,E1000012,0,0.661385,0.080544,0.061874,0.196196
nyt_20130321_women_senate,E12,E1000012,1,0.081629,0.651371,0.062873,0.204127
nyt_20130321_women_senate,E14,E16,0,0.970630,0.000814,0.007199,0.021357
nyt_20130321_women_senate,E14,E17,0,0.934347,0.002981,0.014430,0.048242
nyt_20130321_women_senate,E15,E16,0,0.969326,0.000645,0.006790,0.023239
nyt_20130321_women_senate,E15,E17,0,0.935884,0.002515,0.014061,0.047541
nyt_20130321_women_senate,E16,E19,1,0.070941,0.639437,0.070842,0.218780
nyt_20130321_women_senate,E16,E20,1,0.000271,0.979977,0.004752,0.015000
nyt_20130321_women_senate,E16,E21,1,0.001688,0.946270,0.014190,0.037852
nyt_20130321_women_senate,E17,E19,1,0.293130,0.314185,0.096453,0.296232
nyt_20130321_women_senate,E17,E20,1,0.000718,0.966252,0.008448,0.024582
nyt_20130321_women_senate,E17,E21,1,0.011898,0.846910,0.035132,0.106059
nyt_20130321_women_senate,E19,E22,1,0.103842,0.579888,0.075373,0.240896
nyt_20130321_women_senate,E20,E22,0,0.750263,0.040467,0.048853,0.160417
nyt_20130321_women_senate,E21,E22,0,0.777976,0.030045,0.046496,0.145482
nyt_20130321_women_senate,E22,E23,0,0.880508,0.010311,0.026045,0.083137
nyt_20130321_women_senate,E22,E24,0,0.994925,0.000029,0.001082,0.003963
nyt_20130321_women_senate,E23,E25,0,0.789460,0.020764,0.044046,0.145730
nyt_20130321_women_senate,E24,E25,1,0.127056,0.490580,0.085369,0.296994
nyt_20130321_women_senate,E25,E26,1,0.000138,0.986093,0.003182,0.010588
nyt_20130321_women_senate,E25,E27,1,0.004690,0.908912,0.025643,0.060756
nyt_20130321_women_senate,E25,E1000014,1,0.002488,0.925839,0.018278,0.053395
nyt_20130321_women_senate,E26,E29,0,0.873814,0.010427,0.028832,0.086927
nyt_20130321_women_senate,E27,E29,1,0.142195,0.494785,0.106446,0.256574
nyt_20130321_women_senate,E1000014,E29,1,0.183596,0.424799,0.100680,0.290925
nyt_20130321_women_senate,E29,E36,0,0.991055,0.000075,0.001976,0.006895
nyt_20130321_women_senate,E36,E37,0,0.658176,0.048875,0.061132,0.231817
nyt_20130321_women_senate,E36,E1000015,0,0.318627,0.262297,0.108706,0.310370
nyt_20130321_women_senate,E37,E40,1,0.000338,0.974950,0.005598,0.019115
nyt_20130321_women_senate,E37,E41,1,0.060672,0.624295,0.072084,0.242949
nyt_20130321_women_senate,E37,E42,1,0.001096,0.950954,0.011496,0.036454
nyt_20130321_women_senate,E1000015,E40,1,0.008389,0.873405,0.032448,0.085757
nyt_20130321_women_senate,E1000015,E41,0,0.597607,0.082562,0.083472,0.236360
nyt_20130321_women_senate,E1000015,E42,1,0.047896,0.687926,0.073114,0.191065
nyt_20130321_women_senate,E40,E43,0,0.685348,0.058135,0.056864,0.199653
nyt_20130321_women_senate,E40,E47,0,0.961563,0.000789,0.007590,0.030058
nyt_20130321_women_senate,E40,E48,0,0.917851,0.003605,0.016679,0.061865
nyt_20130321_women_senate,E41,E43,1,0.162890,0.467457,0.085179,0.284473
nyt_20130321_women_senate,E41,E47,0,0.788062,0.021090,0.039717,0.151131
nyt_20130321_women_senate,E41,E48,0,0.610522,0.078409,0.068688,0.242380
nyt_20130321_women_senate,E42,E43,0,0.629386,0.092174,0.066100,0.212340
nyt_20130321_women_senate,E42,E47,0,0.954064,0.001283,0.009579,0.035073
nyt_20130321_women_senate,E42,E48,0,0.901903,0.006206,0.020918,0.070972
nyt_20130321_women_senate,E43,E49,0,0.819704,0.023771,0.036671,0.119854
nyt_20130321_women_senate,E43,E50,0,0.937759,0.002548,0.013076,0.046618
nyt_20130321_women_senate,E43,E53,1,0.009720,0.895651,0.023409,0.071221
nyt_20130321_women_senate,E47,E49,1,0.106221,0.580285,0.073513,0.239981
nyt_20130321_women_senate,E47,E50,0,0.381423,0.230186,0.086605,0.301787
nyt_20130321_women_senate,E47,E53,1,0.000103,0.989451,0.002523,0.007923
nyt_20130321_women_senate,E48,E49,0,0.410277,0.174966,0.090556,0.324200
nyt_20130321_women_senate,E48,E50,0,0.716324,0.033706,0.051829,0.198141
nyt_20130321_women_senate,E48,E53,1,0.000671,0.966043,0.007814,0.025472
bbc_20130322_1150,E1,E2,0,0.981524,0.000435,0.004480,0.013561
bbc_20130322_1150,E6,E7,1,0.005235,0.878549,0.027864,0.088351
bbc_20130322_1150,E8,E10,1,0.004444,0.919730,0.020818,0.055008
bbc_20130322_1150,E8,E11,1,0.034466,0.741527,0.062670,0.161337
bbc_20130322_1150,E10,E11,0,0.490616,0.160442,0.095598,0.253344
bbc_20130322_1150,E14,E15,1,0.010532,0.849500,0.032277,0.107691
bbc_20130322_1150,E14,E17,1,0.003700,0.917323,0.019230,0.059746
bbc_20130322_1150,E15,E17,1,0.271951,0.322381,0.095673,0.309996
bbc_20130322_1150,E19,E20,0,0.456938,0.176641,0.085188,0.281233
bbc_20130322_1150,E19,E21,0,0.830343,0.015796,0.033673,0.120188
bbc_20130322_1150,E20,E21,0,0.815824,0.020665,0.036191,0.127319
bbc_20130322_1150,E23,E24,1,0.142600,0.451708,0.097556,0.308136
bbc_20130322_1150,E29,E30,0,0.995197,0.000030,0.001138,0.003635
bbc_20130322_1150,E53,E35,0,0.997077,0.000010,0.000559,0.002355
bbc_20130322_1150,E39,E40,0,0.985211,0.000210,0.003644,0.010935
bbc_20130322_1150,E41,E42,1,0.000093,0.989875,0.002391,0.007641
bbc_20130322_1150,E41,E43,1,0.033707,0.763745,0.059750,0.142798
bbc_20130322_1150,E42,E43,0,0.950798,0.001805,0.012201,0.035195
bbc_20130322_1150,E1,E3,0,0.994388,0.000037,0.001216,0.004359
bbc_20130322_1150,E2,E3,0,0.756323,0.052809,0.047033,0.143835
bbc_20130322_1150,E3,E4,1,0.000776,0.967220,0.008330,0.023674
bbc_20130322_1150,E4,E6,0,0.997926,0.000005,0.000374,0.001695
bbc_20130322_1150,E4,E7,0,0.972318,0.000514,0.006083,0.021086
bbc_20130322_1150,E6,E8,1,0.000396,0.972925,0.006218,0.020460
bbc_20130322_1150,E6,E10,1,0.000046,0.993124,0.001594,0.005236
bbc_20130322_1150,E6,E11,1,0.000303,0.977137,0.005243,0.017318
bbc_20130322_1150,E7,E8,1,0.124186,0.549021,0.081266,0.245527
bbc_20130322_1150,E7,E10,1,0.002107,0.943481,0.014484,0.039927
bbc_20130322_1150,E7,E11,1,0.025844,0.778237,0.053740,0.142178
bbc_20130322_1150,E8,E12,0,0.785867,0.029203,0.046014,0.138915
bbc_20130322_1150,E10,E12,0,0.935461,0.002922,0.014976,0.046641
bbc_20130322_1150,E11,E12,0,0.787726,0.024426,0.048428,0.139420
bbc_20130322_1150,E12,E14,0,0.987895,0.000137,0.002832,0.009137
bbc_20130322_1150,E12,E15,0,0.952879,0.001377,0.010131,0.035613
bbc_20130322_1150,E12,E17,0,0.867042,0.010159,0.030175,0.092624
bbc_20130322_1150,E18,E19,0,0.952613,0.001450,0.011823,0.034114
bbc_20130322_1150,E18,E20,0,0.947330,0.001661,0.013383,0.037626
bbc_20130322_1150,E18,E21,0,0.990151,0.000096,0.002393,0.007360
bbc_20130322_1150,E19,E23,0,0.943562,0.001834,0.012449,0.042155
bbc_20130322_1150,E19,E24,0,0.423878,0.187571,0.088788,0.299764
bbc_20130322_1150,E20,E23,0,0.930923,0.002388,0.013250,0.053438
bbc_20130322_1150,E20,E24,1,0.282097,0.327091,0.089356,0.301456
bbc_20130322_1150,E21,E23,0,0.836548,0.011805,0.030484,0.121163
bbc_20130322_1150,E21,E24,1,0.068749,0.639608,0.067662,0.223980
bbc_20130322_1150,E28,E29,1,0.000018,0.996062,0.000925,0.002995
bbc_20130322_1150,E28,E30,1,0.061484,0.655474,0.060789,0.222253
bbc_20130322_1150,E29,E34,0,0.999283,0.000001,0.000136,0.000580
bbc_20130322_1150,E30,E34,0,0.970886,0.000579,0.006109,0.022426
bbc_20130322_1150,E34,E53,1,0.000508,0.971307,0.006844,0.021341
bbc_20130322_1150,E34,E35,0,0.939555,0.002438,0.012697,0.045310
bbc_20130322_1150,E53,E36,0,0.982613,0.000255,0.004095,0.013037
bbc_20130322_1150,E35,E36,1,0.038197,0.703027,0.063530,0.195245
bbc_20130322_1150,E36,E39,1,0.001268,0.948198,0.012190,0.038344
bbc_20130322_1150,E36,E40,1,0.008232,0.870022,0.030802,0.090945
bbc_20130322_1150,E39,E41,0,0.986017,0.000159,0.003102,0.010722
bbc_20130322_1150,E39,E42,1,0.068686,0.680710,0.073499,0.177106
bbc_20130322_1150,E39,E43,0,0.916652,0.005919,0.022231,0.055198
bbc_20130322_1150,E40,E41,0,0.875606,0.009781,0.025286,0.089327
bbc_20130322_1150,E40,E42,1,0.000721,0.962957,0.008800,0.027522
bbc_20130322_1150,E40,E43,1,0.047506,0.693855,0.062543,0.196096
bbc_20130322_1150,E41,E44,1,0.170505,0.542098,0.078439,0.208958
bbc_20130322_1150,E42,E44,0,0.993157,0.000051,0.001490,0.005302
bbc_20130322_1150,E43,E44,0,0.673955,0.076497,0.063723,0.185825
bbc_20130322_332,E1,E2,0,0.531252,0.100122,0.082170,0.286456
bbc_20130322_332,E1,E3,1,0.039402,0.712329,0.056763,0.191506
bbc_20130322_332,E1,E4,1,0.000022,0.995323,0.000999,0.003656
bbc_20130322_332,E2,E3,1,0.012933,0.837064,0.039547,0.110456
bbc_20130322_332,E2,E4,1,0.000024,0.994791,0.001099,0.004085
bbc_20130322_332,E3,E4,1,0.000065,0.991636,0.001937,0.006362
bbc_20130322_332,E12,E13,1,0.013717,0.791090,0.044380,0.150813
bbc_20130322_332,E17,E18,1,0.144547,0.456071,0.089320,0.310062
bbc_20130322_332,E22,E23,0,0.995351,0.000025,0.000990,0.003634
bbc_20130322_332,E27,E28,1,0.146648,0.474541,0.096978,0.281833
bbc_20130322_332,E27,E29,0,0.984624,0.000177,0.003345,0.011854
bbc_20130322_332,E28,E29,0,0.977309,0.000374,0.004907,0.017410
bbc_20130322_332,E31,E33,1,0.304720,0.340241,0.096359,0.258681
bbc_20130322_332,E31,E34,1,0.104201,0.625918,0.078626,0.191255
bbc_20130322_332,E31,E35,1,0.009953,0.882150,0.032231,0.075666
bbc_20130322_332,E33,E34,0,0.382286,0.306693,0.075814,0.235207
bbc_20130322_332,E33,E35,0,0.389432,0.307787,0.085265,0.217516
bbc_20130322_332,E34,E35,0,0.429055,0.289664,0.078817,0.202463
bbc_20130322_332,E37,E38,0,0.670507,0.042337,0.057761,0.229394
bbc_20130322_332,E37,E40,0,0.621122,0.057230,0.070091,0.251558
bbc_20130322_332,E38,E40,3,0.333183,0.225813,0.095243,0.345761
bbc_20130322_332,E1,E5,0,0.381790,0.165341,0.095113,0.357756
bbc_20130322_332,E2,E5,0,0.339915,0.221501,0.107754,0.330829
bbc_20130322_332,E3,E5,0,0.897013,0.006253,0.023512,0.073222
bbc_20130322_332,E4,E5,0,0.994532,0.000035,0.001208,0.004225
bbc_20130322_332,E5,E9,1,0.000273,0.978258,0.004865,0.016604
bbc_20130322_332,E9,E11,1,0.003769,0.911926,0.023465,0.060840
bbc_20130322_332,E11,E12,0,0.989762,0.000103,0.002370,0.007766
bbc_20130322_332,E11,E13,0,0.972874,0.000473,0.006236,0.020416
bbc_20130322_332,E12,E17,1,0.015331,0.802335,0.039381,0.142952
bbc_20130322_332,E12,E18,1,0.015147,0.797379,0.041068,0.146406
bbc_20130322_332,E13,E17,1,0.171060,0.414450,0.101279,0.313211
bbc_20130322_332,E13,E18,1,0.109170,0.482942,0.087658,0.320229
bbc_20130322_332,E17,E19,0,0.658548,0.045741,0.061490,0.234221
bbc_20130322_332,E18,E19,0,0.733316,0.027713,0.048825,0.190146
bbc_20130322_332,E19,E22,1,0.000540,0.965175,0.007781,0.026505
bbc_20130322_332,E19,E23,0,0.865147,0.008326,0.031999,0.094528
bbc_20130322_332,E22,E24,1,0.021364,0.793640,0.046113,0.138882
bbc_20130322_332,E23,E24,1,0.000097,0.988487,0.002550,0.008866
bbc_20130322_332,E27,E30,0,0.983200,0.000201,0.003650,0.012949
bbc_20130322_332,E28,E30,0,0.987220,0.000126,0.002725,0.009928
bbc_20130322_332,E29,E30,0,0.406064,0.205298,0.078250,0.310387
bbc_20130322_332,E30,E31,1,0.068784,0.635894,0.067393,0.227930
bbc_20130322_332,E30,E33,1,0.022940,0.813361,0.039998,0.123700
bbc_20130322_332,E30,E34,1,0.022142,0.835097,0.038530,0.104230
bbc_20130322_332,E30,E35,1,0.031583,0.791745,0.049635,0.127037
bbc_20130322_332,E31,E36,1,0.039035,0.741386,0.055225,0.164354
bbc_20130322_332,E33,E36,0,0.773151,0.045699,0.042494,0.138656
bbc_20130322_332,E34,E36,0,0.773585,0.053506,0.041095,0.131814
bbc_20130322_332,E35,E36,0,0.851459,0.025155,0.034043,0.089343
bbc_20130322_332,E36,E37,0,0.983677,0.000249,0.003878,0.012196
bbc_20130322_332,E36,E38,0,0.995513,0.000019,0.000848,0.003620
bbc_20130322_332,E36,E40,0,0.989805,0.000083,0.002114,0.007998
bbc_20130322_1600,E2,E5,0,0.943802,0.002031,0.011799,0.042368
bbc_20130322_1600,E6,E7,1,0.022788,0.852911,0.035178,0.089123
bbc_20130322_1600,E6,E8,0,0.976051,0.000589,0.006046,0.017314
bbc_20130322_1600,E6,E9,0,0.812609,0.039000,0.035668,0.112723
bbc_20130322_1600,E7,E8,0,0.995169,0.000031,0.001082,0.003718
bbc_20130322_1600,E7,E9,0,0.957750,0.002304,0.009184,0.030761
bbc_20130322_1600,E8,E9,1,0.009286,0.897286,0.020723,0.072706
bbc_20130322_1600,E10,E11,1,0.105765,0.601338,0.069491,0.223406
bbc_20130322_1600,E10,E12,0,0.719915,0.057376,0.051243,0.171466
bbc_20130322_1600,E11,E12,0,0.809073,0.029113,0.037352,0.124463
bbc_20130322_1600,E16,E20,1,0.128268,0.507256,0.075392,0.289085
bbc_20130322_1600,E21,E22,0,0.919908,0.005139,0.017247,0.057706
bbc_20130322_1600,E2,E6,0,0.734688,0.056920,0.053882,0.154510
bbc_20130322_1600,E2,E7,1,0.216850,0.465267,0.081654,0.236229
bbc_20130322_1600,E2,E8,0,0.990269,0.000107,0.002278,0.007346
bbc_20130322_1600,E2,E9,0,0.963460,0.001543,0.007934,0.027063
bbc_20130322_1600,E5,E6,1,0.080290,0.644382,0.063074,0.212254
bbc_20130322_1600,E5,E7,1,0.003374,0.938752,0.014652,0.043223
bbc_20130322_1600,E5,E8,0,0.924915,0.005372,0.016291,0.053422
bbc_20130322_1600,E5,E9,0,0.399945,0.272497,0.074759,0.252799
bbc_20130322_1600,E6,E10,1,0.252456,0.434586,0.079693,0.233265
bbc_20130322_1600,E6,E11,1,0.134646,0.558702,0.077994,0.228658
bbc_20130322_1600,E6,E12,0,0.367172,0.287855,0.085684,0.259289
bbc_20130322_1600,E7,E10,0,0.490585,0.222386,0.075018,0.212010
bbc_20130322_1600,E7,E11,0,0.563510,0.164771,0.072128,0.199591
bbc_20130322_1600,E7,E12,0,0.876886,0.013891,0.025448,0.083775
bbc_20130322_1600,E8,E10,1,0.000104,0.988995,0.002465,0.008436
bbc_20130322_1600,E8,E11,1,0.000129,0.987247,0.002876,0.009748
bbc_20130322_1600,E8,E12,1,0.001532,0.955422,0.009639,0.033407
bbc_20130322_1600,E9,E10,1,0.007672,0.914281,0.017812,0.060234
bbc_20130322_1600,E9,E11,1,0.008086,0.916024,0.019354,0.056536
bbc_20130322_1600,E9,E12,1,0.097176,0.660314,0.054659,0.187851
bbc_20130322_1600,E10,E13,0,0.980944,0.000309,0.003905,0.014843
bbc_20130322_1600,E11,E13,0,0.993050,0.000048,0.001434,0.005469
bbc_20130322_1600,E12,E13,0,0.985232,0.000194,0.003024,0.011550
bbc_20130322_1600,E13,E30,1,0.014415,0.826741,0.034186,0.124659
bbc_20130322_1600,E30,E14,0,0.872588,0.008903,0.025423,0.093086
bbc_20130322_1600,E14,E16,0,0.808831,0.018932,0.039771,0.132465
bbc_20130322_1600,E14,E20,0,0.772370,0.028906,0.044442,0.154283
bbc_20130322_1600,E16,E21,0,0.441251,0.181319,0.079041,0.298389
bbc_20130322_1600,E16,E22,0,0.646906,0.056797,0.056673,0.239624
bbc_20130322_1600,E20,E21,0,0.696489,0.047437,0.055272,0.200801
bbc_20130322_1600,E20,E22,0,0.907913,0.004907,0.019539,0.067641
bbc_20130322_1600,E21,E25,0,0.984207,0.000210,0.003522,0.012061
bbc_20130322_1600,E22,E25,0,0.875149,0.007637,0.022021,0.095193
WSJ_20130322_804,E1,E2002,0,0.903481,0.004276,0.019905,0.072338
WSJ_20130322_804,E11,E13,0,0.743518,0.024770,0.045314,0.186397
WSJ_20130322_804,E11,E14,1,0.099273,0.518728,0.078800,0.303199
WSJ_20130322_804,E13,E14,1,0.046922,0.672340,0.066265,0.214472
WSJ_20130322_804,E22,E23,1,0.173363,0.401521,0.096561,0.328555
WSJ_20130322_804,E25,E26,0,0.871933,0.007247,0.031478,0.089343
WSJ_20130322_804,E25,E30,0,0.985117,0.000172,0.003289,0.011423
WSJ_20130322_804,E26,E30,0,0.912160,0.003282,0.017068,0.067490
WSJ_20130322_804,E9,E11,3,0.269567,0.298321,0.092216,0.339896
WSJ_20130322_804,E9,E13,0,0.855243,0.008469,0.027687,0.108601
WSJ_20130322_804,E9,E14,1,0.210885,0.349704,0.093812,0.345598
WSJ_20130322_804,E11,E16,1,0.066766,0.601399,0.066715,0.265120
WSJ_20130322_804,E13,E16,1,0.031696,0.731857,0.054382,0.182065
WSJ_20130322_804,E14,E16,1,0.088935,0.556251,0.073694,0.281119
WSJ_20130322_804,E16,E17,0,0.990211,0.000074,0.001903,0.007813
WSJ_20130322_804,E17,E18,1,0.000471,0.973021,0.006709,0.019799
WSJ_20130322_804,E21,E22,0,0.746004,0.031967,0.049310,0.172719
WSJ_20130322_804,E21,E23,0,0.494155,0.129081,0.087312,0.289452
WSJ_20130322_804,E22,E25,3,0.303913,0.236761,0.099353,0.359973
WSJ_20130322_804,E22,E26,0,0.564380,0.070410,0.074560,0.290650
WSJ_20130322_804,E22,E30,0,0.828162,0.011335,0.032682,0.127821
WSJ_20130322_804,E23,E25,0,0.618407,0.067478,0.066527,0.247587
WSJ_20130322_804,E23,E26,0,0.785353,0.018225,0.039229,0.157192
WSJ_20130322_804,E23,E30,0,0.938011,0.001904,0.012972,0.047114
WSJ_20130322_804,E25,E33,0,0.987114,0.000121,0.002698,0.010068
WSJ_20130322_804,E26,E33,0,0.953970,0.000905,0.008822,0.036303
WSJ_20130322_804,E30,E33,0,0.616133,0.052032,0.064875,0.266960
WSJ_20130322_804,E33,E35,1,0.064960,0.616200,0.072883,0.245957
WSJ_20130318_731,E1,E2,1,0.002402,0.931073,0.017301,0.049224
WSJ_20130318_731,E1,E3,1,0.035392,0.730857,0.058871,0.174880
WSJ_20130318_731,E2,E3,0,0.314657,0.284799,0.092445,0.308098
WSJ_20130318_731,E11,E12,1,0.000735,0.964123,0.009177,0.025964
WSJ_20130318_731,E11,E13,1,0.129155,0.478620,0.097405,0.294820
WSJ_20130318_731,E12,E13,0,0.867932,0.007476,0.028747,0.095844
WSJ_20130318_731,E20,E21,0,0.979308,0.000265,0.004337,0.016091
WSJ_20130318_731,E20,E22,0,0.984179,0.000170,0.003283,0.012368
WSJ_20130318_731,E21,E22,0,0.865832,0.006760,0.026784,0.100624
WSJ_20130318_731,E9,E10,1,0.000237,0.981283,0.004417,0.014063
WSJ_20130318_731,E10,E11,0,0.999009,0.000002,0.000184,0.000806
WSJ_20130318_731,E10,E12,0,0.976824,0.000464,0.004791,0.017921
WSJ_20130318_731,E10,E13,0,0.991754,0.000064,0.001751,0.006431
WSJ_20130318_731,E11,E14,1,0.045875,0.661781,0.069797,0.222546
WSJ_20130318_731,E12,E14,0,0.739792,0.025527,0.050680,0.184000
WSJ_20130318_731,E13,E14,0,0.370225,0.180813,0.107181,0.341781
CNN_20130322_1003,E1,E2,1,0.000703,0.971230,0.008196,0.019871
CNN_20130322_1003,E1,E3,0,0.424552,0.259381,0.090480,0.225587
CNN_20130322_1003,E1,E5,0,0.982152,0.000330,0.003946,0.013572
CNN_20130322_1003,E2,E3,0,0.951653,0.002773,0.011749,0.033824
CNN_20130322_1003,E2,E5,0,0.997593,0.000008,0.000462,0.001937
CNN_20130322_1003,E3,E5,0,0.952034,0.002686,0.011064,0.034215
CNN_20130322_1003,E6,E7,1,0.002251,0.964473,0.011025,0.022251
CNN_20130322_1003,E9,E10,1,0.143499,0.599845,0.052977,0.203680
CNN_20130322_1003,E9,E11,1,0.000032,0.995076,0.001151,0.003740
CNN_20130322_1003,E9,E1000,1,0.000008,0.997621,0.000519,0.001852
CNN_20130322_1003,E10,E11,1,0.000261,0.987025,0.003072,0.009641
CNN_20130322_1003,E10,E1000,1,0.000023,0.996066,0.000928,0.002983
CNN_20130322_1003,E11,E1000,1,0.011526,0.904093,0.022287,0.062094
CNN_20130322_1003,E12,E13,0,0.537248,0.180253,0.073310,0.209188
CNN_20130322_1003,E12,E14,1,0.000916,0.972961,0.006986,0.019138
CNN_20130322_1003,E12,E15,1,0.000216,0.985883,0.003639,0.010262
CNN_20130322_1003,E13,E14,1,0.001441,0.966241,0.008689,0.023629
CNN_20130322_1003,E13,E15,1,0.000246,0.984955,0.003913,0.010887
CNN_20130322_1003,E14,E15,1,0.007797,0.922134,0.018505,0.051564
CNN_20130322_1003,E17,E19,1,0.001832,0.942637,0.014922,0.040608
CNN_20130322_1003,E17,E20,0,0.952650,0.001470,0.011485,0.034394
CNN_20130322_1003,E19,E20,0,0.994114,0.000042,0.001327,0.004518
CNN_20130322_1003,E23,E27,0,0.481823,0.171472,0.083709,0.262996
CNN_20130322_1003,E30,E31,1,0.002618,0.936140,0.017892,0.043350
CNN_20130322_1003,E30,E32,1,0.000117,0.988778,0.002709,0.008397
CNN_20130322_1003,E30,E33,1,0.000023,0.995625,0.001045,0.003306
CNN_20130322_1003,E31,E32,1,0.000236,0.982885,0.004214,0.012665
CNN_20130322_1003,E31,E33,1,0.000127,0.989139,0.002723,0.008012
CNN_20130322_1003,E32,E33,1,0.053005,0.764048,0.046484,0.136463
CNN_20130322_1003,E34,E36,1,0.000046,0.993133,0.001537,0.005284
CNN_20130322_1003,E40,E41,1,0.002224,0.958527,0.010730,0.028519
CNN_20130322_1003,E40,E42,1,0.001772,0.963502,0.010274,0.024452
CNN_20130322_1003,E41,E42,1,0.026536,0.859551,0.031196,0.082716
CNN_20130322_1003,E43,E44,0,0.602445,0.121968,0.063881,0.211705
CNN_20130322_1003,E45,E47,0,0.787745,0.025166,0.043871,0.143218
CNN_20130322_1003,E55,E57,0,0.957109,0.001526,0.009169,0.032196
CNN_20130322_1003,E1,E6,0,0.706131,0.074118,0.056636,0.163114
CNN_20130322_1003,E1,E7,1,0.078061,0.720828,0.065476,0.135635
CNN_20130322_1003,E2,E6,0,0.977612,0.000745,0.006084,0.015559
CNN_20130322_1003,E2,E7,0,0.820246,0.042049,0.043802,0.093904
CNN_20130322_1003,E3,E6,0,0.412562,0.282469,0.088784,0.216184
CNN_20130322_1003,E3,E7,1,0.017096,0.880887,0.033310,0.068707
CNN_20130322_1003,E5,E6,1,0.000358,0.982876,0.004641,0.012125
CNN_20130322_1003,E5,E7,1,0.000040,0.995015,0.001379,0.003566
CNN_20130322_1003,E6,E9,0,0.998919,0.000002,0.000213,0.000866
CNN_20130322_1003,E6,E10,0,0.997954,0.000008,0.000405,0.001634
CNN_20130322_1003,E6,E11,0,0.874923,0.022820,0.026221,0.076036
CNN_20130322_1003,E6,E1000,0,0.400236,0.322140,0.074995,0.202630
CNN_20130322_1003,E7,E9,0,0.999376,0.000001,0.000124,0.000499
CNN_20130322_1003,E7,E10,0,0.998945,0.000003,0.000228,0.000824
CNN_20130322_1003,E7,E11,0,0.959344,0.003440,0.011024,0.026191
CNN_20130322_1003,E7,E1000,0,0.758773,0.075716,0.051642,0.113868
CNN_20130322_1003,E9,E12,1,0.025397,0.841383,0.030610,0.102609
CNN_20130322_1003,E9,E13,1,0.019881,0.846445,0.030444,0.103229
CNN_20130322_1003,E9,E14,1,0.000045,0.994309,0.001458,0.004188
CNN_20130322_1003,E9,E15,1,0.000022,0.995928,0.000923,0.003127
CNN_20130322_1003,E10,E12,1,0.320841,0.395182,0.063444,0.220533
CNN_20130322_1003,E10,E13,1,0.266500,0.452010,0.068768,0.212722
CNN_20130322_1003,E10,E14,1,0.000490,0.982416,0.004261,0.012832
CNN_20130322_1003,E10,E15,1,0.000091,0.991695,0.002029,0.006185
CNN_20130322_1003,E11,E12,0,0.991997,0.000108,0.001812,0.006083
CNN_20130322_1003,E11,E13,0,0.990369,0.000152,0.002401,0.007077
CNN_20130322_1003,E11,E14,0,0.688510,0.110118,0.052683,0.148690
CNN_20130322_1003,E11,E15,0,0.379194,0.333365,0.074743,0.212698
CNN_20130322_1003,E1000,E12,0,0.997228,0.000014,0.000584,0.002174
CNN_20130322_1003,E1000,E13,0,0.996534,0.000022,0.000803,0.002640
CNN_20130322_1003,E1000,E14,0,0.924693,0.010218,0.017273,0.047816
CNN_20130322_1003,E1000,E15,0,0.806040,0.048257,0.038512,0.107192
CNN_20130322_1003,E12,E17,1,0.000346,0.979954,0.005092,0.014608
CNN_20130322_1003,E12,E19,1,0.000073,0.991955,0.001960,0.006012
CNN_20130322_1003,E12,E20,0,0.375903,0.300046,0.084358,0.239693
CNN_20130322_1003,E13,E17,1,0.000918,0.966579,0.008698,0.023806
CNN_20130322_1003,E13,E19,1,0.000141,0.988568,0.002892,0.008398
CNN_20130322_1003,E13,E20,0,0.651871,0.097020,0.062961,0.188147
CNN_20130322_1003,E14,E17,1,0.055608,0.751863,0.050845,0.141684
CNN_20130322_1003,E14,E19,1,0.004003,0.942857,0.014235,0.038904
CNN_20130322_1003,E14,E20,0,0.961258,0.001935,0.009511,0.027295
CNN_20130322_1003,E15,E17,1,0.192640,0.482254,0.083229,0.241876
CNN_20130322_1003,E15,E19,1,0.020448,0.850334,0.033554,0.095665
CNN_20130322_1003,E15,E20,0,0.980707,0.000417,0.004606,0.014271
CNN_20130322_1003,E17,E21,0,0.818277,0.020714,0.037984,0.123025
CNN_20130322_1003,E19,E21,0,0.990305,0.000100,0.002124,0.007470
CNN_20130322_1003,E20,E21,1,0.081617,0.675597,0.060493,0.182294
CNN_20130322_1003,E21,E23,1,0.301209,0.328814,0.099186,0.270790
CNN_20130322_1003,E21,E27,0,0.933353,0.004086,0.015343,0.047217
CNN_20130322_1003,E30,E34,0,0.850860,0.010608,0.030819,0.107713
CNN_20130322_1003,E30,E36,1,0.000830,0.966375,0.008685,0.024111
CNN_20130322_1003,E31,E34,0,0.978994,0.000279,0.004354,0.016373
CNN_20130322_1003,E31,E36,1,0.005234,0.918987,0.018848,0.056931
CNN_20130322_1003,E32,E34,0,0.997955,0.000006,0.000407,0.001632
CNN_20130322_1003,E32,E36,0,0.646920,0.099380,0.061279,0.192421
CNN_20130322_1003,E33,E34,0,0.998861,0.000002,0.000222,0.000914
CNN_20130322_1003,E33,E36,0,0.716467,0.096907,0.050442,0.136185
CNN_20130322_1003,E34,E38,1,0.087525,0.584897,0.076955,0.250622
CNN_20130322_1003,E36,E38,0,0.973799,0.000663,0.006232,0.019306
CNN_20130322_1003,E38,E40,0,0.446589,0.199081,0.096435,0.257895
CNN_20130322_1003,E38,E41,1,0.008938,0.900647,0.024246,0.066170
CNN_20130322_1003,E38,E42,1,0.006282,0.918009,0.021999,0.053710
CNN_20130322_1003,E40,E43,0,0.955298,0.001871,0.009402,0.033429
CNN_20130322_1003,E40,E44,0,0.965150,0.001507,0.008066,0.025276
CNN_20130322_1003,E41,E43,0,0.987172,0.000203,0.002596,0.010029
CNN_20130322_1003,E41,E44,0,0.990751,0.000130,0.002037,0.007082
CNN_20130322_1003,E42,E43,0,0.994351,0.000053,0.001350,0.004245
CNN_20130322_1003,E42,E44,0,0.995385,0.000039,0.001097,0.003480
CNN_20130322_1003,E43,E45,1,0.230051,0.365128,0.089344,0.315476
CNN_20130322_1003,E43,E47,0,0.719645,0.055045,0.050256,0.175054
CNN_20130322_1003,E44,E45,1,0.038231,0.744658,0.050228,0.166883
CNN_20130322_1003,E44,E47,1,0.247128,0.375833,0.078186,0.298854
CNN_20130322_1003,E45,E48,0,0.573710,0.102292,0.083343,0.240655
CNN_20130322_1003,E47,E48,1,0.263809,0.367313,0.081252,0.287626
CNN_20130322_1003,E48,E50,0,0.978089,0.000303,0.004511,0.017098
CNN_20130322_1003,E50,E51,1,0.008402,0.874245,0.025872,0.091481
CNN_20130322_1003,E51,E52,0,0.684063,0.048996,0.059957,0.206984
CNN_20130322_1003,E52,E53,0,0.981732,0.000258,0.004281,0.013729
CNN_20130322_1003,E53,E55,0,0.375111,0.221167,0.099726,0.303996
