WSJ_20130322_159,E5,E6,1,0.025816,0.756029,0.048731,0.169424
WSJ_20130322_159,E5,E10,0,0.723792,0.030513,0.051102,0.194593
WSJ_20130322_159,E5,E11,0,0.945367,0.001241,0.010858,0.042534
WSJ_20130322_159,E6,E10,0,0.660189,0.038283,0.060565,0.240963
WSJ_20130322_159,E6,E11,0,0.943116,0.001193,0.011452,0.044239
WSJ_20130322_159,E10,E11,0,0.701948,0.024279,0.053547,0.220225
WSJ_20130322_159,E12,E14,3,0.151155,0.320993,0.093560,0.434292
WSJ_20130322_159,E18,E19,0,0.848282,0.006930,0.029488,0.115300
WSJ_20130322_159,E20,E22,1,0.000179,0.978994,0.004607,0.016220
WSJ_20130322_159,E29,E31,0,0.948011,0.001041,0.009049,0.041899
WSJ_20130322_159,E29,E34,1,0.158687,0.419196,0.080676,0.341441
WSJ_20130322_159,E29,E37,0,0.984416,0.000120,0.003084,0.012379
WSJ_20130322_159,E31,E34,1,0.002241,0.906359,0.015672,0.075728
WSJ_20130322_159,E31,E37,0,0.824721,0.008821,0.029024,0.137433
WSJ_20130322_159,E34,E37,0,0.996787,0.000008,0.000628,0.002577
WSJ_20130322_159,E38,E39,1,0.000410,0.968722,0.007441,0.023428
WSJ_20130322_159,E38,E40,1,0.004751,0.870597,0.029123,0.095528
WSJ_20130322_159,E39,E40,1,0.118275,0.474066,0.096286,0.311373
WSJ_20130322_159,E42,E44,1,0.000266,0.965266,0.006441,0.028028
WSJ_20130322_159,E46,E47,1,0.001268,0.930540,0.015692,0.052500
WSJ_20130322_159,E46,E49,0,0.442255,0.104419,0.085773,0.367554
WSJ_20130322_159,E47,E49,0,0.809037,0.011723,0.032851,0.146388
WSJ_20130322_159,E1,E5,1,0.092789,0.518062,0.074161,0.314988
WSJ_20130322_159,E1,E6,1,0.001353,0.920041,0.015267,0.063339
WSJ_20130322_159,E1,E10,1,0.109173,0.413618,0.089180,0.388029
WSJ_20130322_159,E1,E11,0,0.580967,0.051787,0.067395,0.299850
WSJ_20130322_159,E5,E12,0,0.995665,0.000013,0.000809,0.003513
WSJ_20130322_159,E5,E14,0,0.912424,0.002754,0.016088,0.068734
WSJ_20130322_159,E6,E12,0,0.995082,0.000015,0.000920,0.003984
WSJ_20130322_159,E6,E14,0,0.943804,0.001094,0.010628,0.044474
WSJ_20130322_159,E10,E12,0,0.977775,0.000185,0.004161,0.017880
WSJ_20130322_159,E10,E14,0,0.755004,0.015229,0.042269,0.187497
WSJ_20130322_159,E11,E12,0,0.884291,0.003493,0.020104,0.092113
WSJ_20130322_159,E11,E14,3,0.275124,0.174246,0.096548,0.454082
WSJ_20130322_159,E12,E18,0,0.912607,0.002086,0.014958,0.070349
WSJ_20130322_159,E12,E19,0,0.826299,0.008703,0.031101,0.133897
WSJ_20130322_159,E14,E18,0,0.986886,0.000073,0.002391,0.010650
WSJ_20130322_159,E14,E19,0,0.967421,0.000421,0.006407,0.025751
WSJ_20130322_159,E18,E20,1,0.000740,0.937913,0.012210,0.049137
WSJ_20130322_159,E18,E22,1,0.000005,0.996710,0.000546,0.002738
WSJ_20130322_159,E19,E20,1,0.000360,0.963391,0.007408,0.028841
WSJ_20130322_159,E19,E22,1,0.000001,0.998686,0.000209,0.001104
WSJ_20130322_159,E20,E26,1,0.066721,0.622175,0.077043,0.234060
WSJ_20130322_159,E22,E26,0,0.842045,0.024495,0.033933,0.099527
WSJ_20130322_159,E26,E29,0,0.982077,0.000237,0.003998,0.013688
WSJ_20130322_159,E26,E31,0,0.998195,0.000003,0.000342,0.001460
WSJ_20130322_159,E26,E34,0,0.950559,0.001418,0.010663,0.037360
WSJ_20130322_159,E26,E37,0,0.997483,0.000006,0.000492,0.002019
WSJ_20130322_159,E29,E38,0,0.653389,0.039177,0.059967,0.247466
WSJ_20130322_159,E29,E39,1,0.003381,0.909774,0.019982,0.066863
WSJ_20130322_159,E29,E40,1,0.006457,0.851906,0.029038,0.112599
WSJ_20130322_159,E31,E38,1,0.038663,0.595559,0.063663,0.302115
WSJ_20130322_159,E31,E39,1,0.000068,0.986187,0.002655,0.011090
WSJ_20130322_159,E31,E40,1,0.000110,0.978694,0.003764,0.017432
WSJ_20130322_159,E34,E38,0,0.941353,0.001320,0.011840,0.045486
WSJ_20130322_159,E34,E39,1,0.108153,0.542838,0.082562,0.266448
WSJ_20130322_159,E34,E40,1,0.174803,0.375645,0.094610,0.354942
WSJ_20130322_159,E37,E38,1,0.027517,0.668175,0.059491,0.244817
WSJ_20130322_159,E37,E39,1,0.000083,0.985979,0.002874,0.011064
WSJ_20130322_159,E37,E40,1,0.000134,0.978558,0.004051,0.017257
WSJ_20130322_159,E38,E42,0,0.777926,0.012984,0.042453,0.166637
WSJ_20130322_159,E38,E44,1,0.049687,0.558746,0.074767,0.316800
WSJ_20130322_159,E39,E42,0,0.985811,0.000102,0.002992,0.011096
WSJ_20130322_159,E39,E44,0,0.385476,0.138850,0.097476,0.378198
WSJ_20130322_159,E40,E42,0,0.973139,0.000260,0.005369,0.021232
WSJ_20130322_159,E40,E44,3,0.266133,0.183197,0.103802,0.446868
WSJ_20130322_159,E42,E46,0,0.697245,0.021191,0.052189,0.229375
WSJ_20130322_159,E42,E47,3,0.135304,0.326811,0.096050,0.441835
WSJ_20130322_159,E42,E49,3,0.130064,0.343226,0.091877,0.434833
WSJ_20130322_159,E44,E46,0,0.993648,0.000021,0.001180,0.005152
WSJ_20130322_159,E44,E47,0,0.954653,0.000658,0.008724,0.035965
WSJ_20130322_159,E44,E49,0,0.973124,0.000274,0.005025,0.021578
WSJ_20130322_159,E46,E55,0,0.828693,0.011993,0.034099,0.125215
WSJ_20130322_159,E47,E55,0,0.974097,0.000321,0.005013,0.020569
WSJ_20130322_159,E49,E55,0,0.788183,0.015058,0.033533,0.163225
nyt_20130322_strange_computer,E8,E11,0,0.997505,0.000007,0.000520,0.001968
nyt_20130322_strange_computer,E14,E16,1,0.000777,0.954988,0.010925,0.033309
nyt_20130322_strange_computer,E19,E22,0,0.510658,0.117582,0.077431,0.294329
nyt_20130322_strange_computer,E19,E23,1,0.006136,0.881577,0.028097,0.084189
nyt_20130322_strange_computer,E22,E23,1,0.041261,0.709593,0.061295,0.187850
nyt_20130322_strange_computer,E6,E8,1,0.105692,0.610806,0.076482,0.207020
nyt_20130322_strange_computer,E6,E11,0,0.996144,0.000013,0.000807,0.003036
nyt_20130322_strange_computer,E8,E14,0,0.997851,0.000005,0.000443,0.001701
nyt_20130322_strange_computer,E8,E16,0,0.809080,0.025780,0.047094,0.118045
nyt_20130322_strange_computer,E11,E14,0,0.863712,0.007792,0.029413,0.099082
nyt_20130322_strange_computer,E11,E16,1,0.000831,0.955210,0.010929,0.033030
nyt_20130322_strange_computer,E14,E19,0,0.443093,0.128242,0.098386,0.330279
nyt_20130322_strange_computer,E14,E22,1,0.154414,0.382840,0.096276,0.366470
nyt_20130322_strange_computer,E14,E23,1,0.007271,0.854036,0.036237,0.102456
nyt_20130322_strange_computer,E16,E19,0,0.991661,0.000051,0.001889,0.006399
nyt_20130322_strange_computer,E16,E22,0,0.985391,0.000131,0.003366,0.011112
nyt_20130322_strange_computer,E16,E23,0,0.847953,0.011234,0.037282,0.103531
nyt_20130322_strange_computer,E19,E24,0,0.505287,0.128773,0.084004,0.281935
nyt_20130322_strange_computer,E22,E24,0,0.809971,0.020252,0.038554,0.131223
nyt_20130322_strange_computer,E23,E24,0,0.955218,0.001073,0.010968,0.032741
CNN_20130321_821,E4,E5,0,0.746056,0.023605,0.056216,0.174122
CNN_20130321_821,E5,E8,3,0.386781,0.127700,0.094652,0.390867
CNN_20130321_821,E8,E1000,0,0.837166,0.008785,0.033385,0.120664
CNN_20130321_821,E1002,E20,0,0.959155,0.000745,0.009965,0.030136
nyt_20130321_cyprus,E2,E5,1,0.022885,0.755930,0.053175,0.168010
nyt_20130321_cyprus,E7,E2009,1,0.005946,0.855357,0.028164,0.110533
nyt_20130321_cyprus,E13,E15,0,0.438553,0.115029,0.088676,0.357742
nyt_20130321_cyprus,E22,E23,1,0.055092,0.574167,0.071600,0.299141
nyt_20130321_cyprus,E22,E24,1,0.000010,0.995579,0.000785,0.003626
nyt_20130321_cyprus,E23,E24,1,0.000168,0.980743,0.004247,0.014843
nyt_20130321_cyprus,E33,E35,0,0.748856,0.026536,0.051497,0.173110
nyt_20130321_cyprus,E41,E42,1,0.004740,0.867841,0.028591,0.098828
nyt_20130321_cyprus,E46,E47,0,0.983266,0.000185,0.003184,0.013365
nyt_20130321_cyprus,E48,E51,0,0.983098,0.000159,0.003839,0.012903
nyt_20130321_cyprus,E2,E7,0,0.939637,0.001558,0.013333,0.045471
nyt_20130321_cyprus,E2,E2009,0,0.469940,0.115840,0.096538,0.317682
nyt_20130321_cyprus,E5,E7,0,0.990967,0.000058,0.002035,0.006940
nyt_20130321_cyprus,E5,E2009,0,0.897856,0.004812,0.022922,0.074410
nyt_20130321_cyprus,E7,E9,1,0.000107,0.984183,0.003289,0.012421
nyt_20130321_cyprus,E2009,E9,1,0.015439,0.812811,0.038683,0.133067
nyt_20130321_cyprus,E10,E13,0,0.995348,0.000019,0.001019,0.003614
nyt_20130321_cyprus,E10,E15,0,0.994942,0.000021,0.001073,0.003964
nyt_20130321_cyprus,E13,E21,0,0.634633,0.046923,0.067732,0.250712
nyt_20130321_cyprus,E15,E21,0,0.884385,0.004943,0.023022,0.087650
nyt_20130321_cyprus,E21,E22,0,0.825821,0.012316,0.033934,0.127929
nyt_20130321_cyprus,E21,E23,3,0.298444,0.215669,0.095668,0.390219
nyt_20130321_cyprus,E21,E24,1,0.000014,0.995169,0.000903,0.003914
nyt_20130321_cyprus,E22,E25,1,0.000752,0.950025,0.010685,0.038538
nyt_20130321_cyprus,E23,E25,1,0.097385,0.506574,0.090110,0.305931
nyt_20130321_cyprus,E24,E25,0,0.975663,0.000377,0.005890,0.018069
nyt_20130321_cyprus,E33,E36,0,0.632462,0.045078,0.067889,0.254571
nyt_20130321_cyprus,E35,E36,1,0.154151,0.385418,0.088514,0.371916
nyt_20130321_cyprus,E36,E41,0,0.980588,0.000186,0.004254,0.014971
nyt_20130321_cyprus,E36,E42,1,0.057658,0.607867,0.072533,0.261942
nyt_20130321_cyprus,E46,E48,1,0.197467,0.405783,0.088274,0.308477
nyt_20130321_cyprus,E46,E51,0,0.995008,0.000020,0.001068,0.003904
nyt_20130321_cyprus,E47,E48,1,0.000102,0.984096,0.003113,0.012689
nyt_20130321_cyprus,E47,E51,0,0.778482,0.022405,0.038764,0.160348
nyt_20130321_cyprus,E48,E57,1,0.002163,0.916551,0.018534,0.062751
nyt_20130321_cyprus,E51,E57,1,0.000029,0.991547,0.001557,0.006866
bbc_20130322_1353,E1,E5,1,0.000022,0.992888,0.001286,0.005804
bbc_20130322_1353,E8,E10,1,0.000306,0.976488,0.005353,0.017853
bbc_20130322_1353,E15,E16,1,0.000191,0.973679,0.005037,0.021093
bbc_20130322_1353,E19,E20,1,0.000155,0.987555,0.003257,0.009033
bbc_20130322_1353,E19,E21,1,0.000091,0.990066,0.002519,0.007324
bbc_20130322_1353,E20,E21,1,0.011985,0.897783,0.023062,0.067170
bbc_20130322_1353,E23,E25,1,0.014353,0.822551,0.034631,0.128465
bbc_20130322_1353,E23,E26,1,0.000300,0.975970,0.005567,0.018164
bbc_20130322_1353,E23,E27,1,0.000075,0.988993,0.002488,0.008444
bbc_20130322_1353,E25,E26,1,0.000855,0.965266,0.007263,0.026616
bbc_20130322_1353,E25,E27,1,0.000027,0.993788,0.001305,0.004880
bbc_20130322_1353,E26,E27,1,0.000871,0.965690,0.008020,0.025419
bbc_20130322_1353,E28,E29,1,0.000040,0.992130,0.001699,0.006130
bbc_20130322_1353,E28,E31,1,0.000126,0.984549,0.003404,0.011922
bbc_20130322_1353,E29,E31,1,0.288499,0.369811,0.077651,0.264039
bbc_20130322_1353,E33,E34,0,0.806609,0.020646,0.037501,0.135244
bbc_20130322_1353,E35,E36,1,0.159712,0.387001,0.091837,0.361450
bbc_20130322_1353,E35,E37,1,0.005130,0.878412,0.028082,0.088376
bbc_20130322_1353,E36,E37,1,0.000389,0.961964,0.007253,0.030394
bbc_20130322_1353,E1,E8,3,0.271118,0.188134,0.091951,0.448796
bbc_20130322_1353,E1,E10,1,0.000014,0.994709,0.000975,0.004302
bbc_20130322_1353,E5,E8,0,0.993745,0.000025,0.001237,0.004993
bbc_20130322_1353,E5,E10,1,0.060243,0.692904,0.059997,0.186857
bbc_20130322_1353,E8,E11,0,0.576624,0.055865,0.065423,0.302088
bbc_20130322_1353,E10,E11,0,0.993310,0.000033,0.001426,0.005231
bbc_20130322_1353,E11,E13,3,0.337239,0.171433,0.098131,0.393197
bbc_20130322_1353,E13,E15,0,0.994355,0.000024,0.001195,0.004426
bbc_20130322_1353,E13,E16,0,0.877495,0.006322,0.024604,0.091579
bbc_20130322_1353,E15,E17,1,0.000346,0.957629,0.007456,0.034570
bbc_20130322_1353,E16,E17,1,0.057794,0.517919,0.077669,0.346618
bbc_20130322_1353,E17,E19,0,0.331097,0.255954,0.093184,0.319766
bbc_20130322_1353,E17,E20,1,0.000148,0.983912,0.003804,0.012136
bbc_20130322_1353,E17,E21,1,0.000147,0.982851,0.003916,0.013086
bbc_20130322_1353,E19,E23,0,0.884292,0.009505,0.025986,0.080217
bbc_20130322_1353,E19,E25,0,0.861358,0.015281,0.026371,0.096990
bbc_20130322_1353,E19,E26,1,0.022875,0.830456,0.035371,0.111298
bbc_20130322_1353,E19,E27,1,0.008199,0.908885,0.021650,0.061266
bbc_20130322_1353,E20,E23,0,0.993480,0.000049,0.001511,0.004960
bbc_20130322_1353,E20,E25,0,0.988755,0.000150,0.002318,0.008776
bbc_20130322_1353,E20,E26,0,0.860339,0.022004,0.028225,0.089432
bbc_20130322_1353,E20,E27,0,0.377078,0.326781,0.073125,0.223017
bbc_20130322_1353,E21,E23,0,0.996423,0.000015,0.000814,0.002747
bbc_20130322_1353,E21,E25,0,0.995694,0.000024,0.000935,0.003347
bbc_20130322_1353,E21,E26,0,0.948714,0.003490,0.011979,0.035816
bbc_20130322_1353,E21,E27,0,0.699111,0.092504,0.053676,0.154708
bbc_20130322_1353,E23,E28,0,0.360511,0.225232,0.087368,0.326889
bbc_20130322_1353,E23,E29,1,0.003424,0.918430,0.018599,0.059547
bbc_20130322_1353,E23,E31,1,0.036397,0.746073,0.050125,0.167405
bbc_20130322_1353,E25,E28,0,0.801076,0.024936,0.034137,0.139850
bbc_20130322_1353,E25,E29,1,0.006593,0.905008,0.018681,0.069718
bbc_20130322_1353,E25,E31,1,0.048548,0.731289,0.044990,0.175173
bbc_20130322_1353,E26,E28,0,0.973939,0.000520,0.005504,0.020037
bbc_20130322_1353,E26,E29,1,0.212663,0.456316,0.076652,0.254369
bbc_20130322_1353,E26,E31,0,0.549524,0.144316,0.068434,0.237726
bbc_20130322_1353,E27,E28,0,0.994719,0.000029,0.001200,0.004052
bbc_20130322_1353,E27,E29,0,0.700848,0.079342,0.053872,0.165937
bbc_20130322_1353,E27,E31,0,0.893030,0.011340,0.022677,0.072953
bbc_20130322_1353,E28,E33,1,0.087204,0.581267,0.073120,0.258408
bbc_20130322_1353,E28,E34,3,0.280896,0.280457,0.082360,0.356287
bbc_20130322_1353,E29,E33,0,0.938197,0.003088,0.012796,0.045919
bbc_20130322_1353,E29,E34,0,0.989089,0.000084,0.002082,0.008744
bbc_20130322_1353,E31,E33,0,0.921402,0.006130,0.015844,0.056624
bbc_20130322_1353,E31,E34,0,0.977664,0.000432,0.004171,0.017733
bbc_20130322_1353,E33,E35,0,0.991597,0.000042,0.001742,0.006619
bbc_20130322_1353,E33,E36,0,0.994234,0.000024,0.001213,0.004529
bbc_20130322_1353,E33,E37,1,0.162028,0.372421,0.102501,0.363051
bbc_20130322_1353,E34,E35,0,0.991361,0.000041,0.001619,0.006979
bbc_20130322_1353,E34,E36,0,0.988514,0.000072,0.002158,0.009256
bbc_20130322_1353,E34,E37,3,0.231877,0.302728,0.090744,0.374651
nyt_20130321_women_senate,E1000009,E2,0,0.544788,0.105425,0.073107,0.276680
nyt_20130321_women_senate,E4,E5,1,0.000151,0.983611,0.003837,0.012401
nyt_20130321_women_senate,E4,E6,1,0.178145,0.421743,0.088758,0.311354
nyt_20130321_women_senate,E5,E6,0,0.950498,0.001455,0.011155,0.036892
nyt_20130321_women_senate,E9,E10,0,0.988603,0.000084,0.002519,0.008794
nyt_20130321_women_senate,E11,E12,0,0.901702,0.006490,0.023403,0.068406
nyt_20130321_women_senate,E14,E15,1,0.010382,0.851880,0.036932,0.100806
nyt_20130321_women_senate,E16,E17,1,0.162177,0.378693,0.090164,0.368966
nyt_20130321_women_senate,E19,E20,1,0.000376,0.973043,0.006580,0.020001
nyt_20130321_women_senate,E19,E21,1,0.002038,0.923852,0.018649,0.055461
nyt_20130321_women_senate,E20,E21,0,0.538269,0.097697,0.091175,0.272858
nyt_20130321_women_senate,E23,E24,0,0.947642,0.001244,0.012142,0.038973
nyt_20130321_women_senate,E26,E27,0,0.362206,0.240731,0.108564,0.288499
nyt_20130321_women_senate,E26,E1000014,0,0.315841,0.277811,0.108908,0.297441
nyt_20130321_women_senate,E27,E1000014,1,0.084594,0.573572,0.089113,0.252722
nyt_20130321_women_senate,E37,E1000015,3,0.144384,0.365696,0.097331,0.392589
nyt_20130321_women_senate,E40,E41,0,0.950476,0.000994,0.010308,0.038222
nyt_20130321_women_senate,E40,E42,0,0.802721,0.013313,0.037901,0.146065
nyt_20130321_women_senate,E41,E42,3,0.216892,0.276660,0.106287,0.400162
nyt_20130321_women_senate,E43,E47,0,0.990246,0.000065,0.002228,0.007461
nyt_20130321_women_senate,E43,E48,0,0.984060,0.000162,0.003858,0.011920
nyt_20130321_women_senate,E47,E48,0,0.380407,0.176811,0.105524,0.337258
nyt_20130321_women_senate,E49,E50,0,0.987655,0.000096,0.002785,0.009464
nyt_20130321_women_senate,E49,E53,1,0.002207,0.938167,0.015504,0.044122
nyt_20130321_women_senate,E50,E53,1,0.000030,0.992817,0.001472,0.005681
nyt_20130321_women_senate,E1000009,E4,0,0.911988,0.003443,0.018502,0.066067
nyt_20130321_women_senate,E1000009,E5,1,0.000207,0.981612,0.004477,0.013705
nyt_20130321_women_senate,E1000009,E6,1,0.196220,0.416574,0.085765,0.301441
nyt_20130321_women_senate,E2,E4,0,0.971206,0.000406,0.006078,0.022310
nyt_20130321_women_senate,E2,E5,1,0.000905,0.959607,0.009792,0.029696
nyt_20130321_women_senate,E2,E6,0,0.596828,0.090062,0.065871,0.247238
nyt_20130321_women_senate,E4,E7,0,0.894704,0.004367,0.021991,0.078938
nyt_20130321_women_senate,E5,E7,0,0.994412,0.000023,0.001180,0.004385
nyt_20130321_women_senate,E6,E7,0,0.975312,0.000329,0.005250,0.019109
nyt_20130321_women_senate,E7,E8,1,0.000425,0.965770,0.007048,0.026757
nyt_20130321_women_senate,E8,E9,0,0.966307,0.000825,0.007311,0.025557
nyt_20130321_women_senate,E8,E10,0,0.998607,0.000002,0.000262,0.001129
nyt_20130321_women_senate,E11,E1000012,0,0.831673,0.015071,0.036271,0.116985
nyt_20130321_women_senate,E12,E1000012,1,0.090993,0.564860,0.077964,0.266183
nyt_20130321_women_senate,E14,E16,0,0.974382,0.000349,0.005763,0.019506
nyt_20130321_women_senate,E14,E17,0,0.950389,0.001128,0.010915,0.037569
nyt_20130321_women_senate,E15,E16,0,0.985099,0.000136,0.003452,0.011313
nyt_20130321_women_senate,E15,E17,0,0.975738,0.000314,0.005715,0.018233
nyt_20130321_women_senate,E16,E19,3,0.320298,0.258445,0.098377,0.322881
nyt_20130321_women_senate,E16,E20,1,0.000140,0.981912,0.003837,0.014111
nyt_20130321_women_senate,E16,E21,1,0.000730,0.950779,0.010650,0.037842
nyt_20130321_women_senate,E17,E19,0,0.652841,0.061316,0.068148,0.217695
nyt_20130321_women_senate,E17,E20,1,0.000415,0.967678,0.007365,0.024543
nyt_20130321_women_senate,E17,E21,1,0.003741,0.887181,0.024615,0.084463
nyt_20130321_women_senate,E19,E22,1,0.093009,0.532008,0.081207,0.293775
nyt_20130321_women_senate,E20,E22,0,0.939860,0.001604,0.012828,0.045708
nyt_20130321_women_senate,E21,E22,0,0.942254,0.001440,0.012921,0.043385
nyt_20130321_women_senate,E22,E23,0,0.639936,0.050277,0.060070,0.249717
nyt_20130321_women_senate,E22,E24,0,0.988482,0.000080,0.002383,0.009054
nyt_20130321_women_senate,E23,E25,0,0.951214,0.000981,0.010444,0.037361
nyt_20130321_women_senate,E24,E25,0,0.490063,0.103906,0.080880,0.325151
nyt_20130321_women_senate,E25,E26,1,0.000189,0.981016,0.004459,0.014335
nyt_20130321_women_senate,E25,E27,1,0.001691,0.930272,0.016151,0.051886
nyt_20130321_women_senate,E25,E1000014,1,0.000752,0.951748,0.010816,0.036684
nyt_20130321_women_senate,E26,E29,0,0.395360,0.175828,0.116211,0.312601
nyt_20130321_women_senate,E27,E29,1,0.144303,0.408038,0.115041,0.332618
nyt_20130321_women_senate,E1000014,E29,1,0.090985,0.523134,0.098535,0.287345
nyt_20130321_women_senate,E29,E36,0,0.986416,0.000105,0.003055,0.010424
nyt_20130321_women_senate,E36,E37,0,0.554476,0.074801,0.075462,0.295260
nyt_20130321_women_senate,E36,E1000015,0,0.579790,0.064347,0.071887,0.283975
nyt_20130321_women_senate,E37,E40,1,0.000163,0.975311,0.004631,0.019895
nyt_20130321_women_senate,E37,E41,1,0.051193,0.530419,0.081620,0.336768
nyt_20130321_women_senate,E37,E42,1,0.001484,0.912744,0.016935,0.068837
nyt_20130321_women_senate,E1000015,E40,1,0.002455,0.901396,0.019251,0.076898
nyt_20130321_women_senate,E1000015,E41,0,0.503460,0.075643,0.082046,0.338851
nyt_20130321_women_senate,E1000015,E42,1,0.070307,0.500853,0.082894,0.345946
nyt_20130321_women_senate,E40,E43,3,0.273832,0.306286,0.098272,0.321610
nyt_20130321_women_senate,E40,E47,0,0.946659,0.001223,0.011630,0.040488
nyt_20130321_women_senate,E40,E48,0,0.899814,0.004176,0.021863,0.074148
nyt_20130321_women_senate,E41,E43,1,0.009498,0.843779,0.035198,0.111524
nyt_20130321_women_senate,E41,E47,0,0.605178,0.055049,0.075715,0.264058
nyt_20130321_women_senate,E41,E48,0,0.408078,0.146825,0.102854,0.342242
nyt_20130321_women_senate,E42,E43,1,0.089195,0.579110,0.080685,0.251010
nyt_20130321_women_senate,E42,E47,0,0.877336,0.005891,0.026580,0.090193
nyt_20130321_women_senate,E42,E48,0,0.772736,0.020913,0.048353,0.157997
nyt_20130321_women_senate,E43,E49,0,0.954139,0.001275,0.011328,0.033257
nyt_20130321_women_senate,E43,E50,0,0.997710,0.000005,0.000446,0.001839
nyt_20130321_women_senate,E43,E53,1,0.021049,0.825035,0.040606,0.113310
nyt_20130321_women_senate,E47,E49,1,0.092386,0.548100,0.086964,0.272550
nyt_20130321_women_senate,E47,E50,0,0.947800,0.001142,0.011032,0.040025
nyt_20130321_women_senate,E47,E53,1,0.000051,0.990970,0.002000,0.006980
nyt_20130321_women_senate,E48,E49,0,0.622225,0.066300,0.076876,0.234599
nyt_20130321_women_senate,E48,E50,0,0.989767,0.000065,0.002241,0.007927
nyt_20130321_women_senate,E48,E53,1,0.000389,0.972871,0.006791,0.019949
bbc_20130322_1150,E1,E2,0,0.978768,0.000434,0.005833,0.014965
bbc_20130322_1150,E6,E7,1,0.004415,0.863102,0.028570,0.103914
bbc_20130322_1150,E8,E10,1,0.014554,0.840771,0.040205,0.104470
bbc_20130322_1150,E8,E11,0,0.581335,0.094725,0.092839,0.231101
bbc_20130322_1150,E10,E11,0,0.662963,0.076848,0.073087,0.187103
bbc_20130322_1150,E14,E15,1,0.041066,0.687229,0.059477,0.212228
bbc_20130322_1150,E14,E17,0,0.348764,0.219727,0.087509,0.344000
bbc_20130322_1150,E15,E17,0,0.851581,0.011430,0.030005,0.106984
bbc_20130322_1150,E19,E20,1,0.185886,0.379348,0.101028,0.333738
bbc_20130322_1150,E19,E21,0,0.710244,0.033532,0.058002,0.198223
bbc_20130322_1150,E20,E21,0,0.820346,0.015722,0.034094,0.129838
bbc_20130322_1150,E23,E24,1,0.010189,0.819758,0.041202,0.128852
bbc_20130322_1150,E29,E30,0,0.996058,0.000015,0.000856,0.003072
bbc_20130322_1150,E53,E35,0,0.998501,0.000002,0.000277,0.001220
bbc_20130322_1150,E39,E40,0,0.941518,0.001505,0.011988,0.044989
bbc_20130322_1150,E41,E42,1,0.000219,0.982622,0.004552,0.012607
bbc_20130322_1150,E41,E43,0,0.539121,0.137561,0.095959,0.227358
bbc_20130322_1150,E42,E43,0,0.990332,0.000082,0.002400,0.007187
bbc_20130322_1150,E1,E3,0,0.994855,0.000027,0.001198,0.003920
bbc_20130322_1150,E2,E3,0,0.762132,0.038888,0.050072,0.148908
bbc_20130322_1150,E3,E4,1,0.000391,0.975545,0.006462,0.017602
bbc_20130322_1150,E4,E6,0,0.998068,0.000003,0.000366,0.001562
bbc_20130322_1150,E4,E7,0,0.976436,0.000311,0.005570,0.017683
bbc_20130322_1150,E6,E8,1,0.000117,0.983103,0.003525,0.013255
bbc_20130322_1150,E6,E10,1,0.000150,0.981597,0.004037,0.014216
bbc_20130322_1150,E6,E11,1,0.000937,0.950751,0.012075,0.036238
bbc_20130322_1150,E7,E8,1,0.046992,0.715466,0.059319,0.178223
bbc_20130322_1150,E7,E10,1,0.068592,0.666393,0.068761,0.196254
bbc_20130322_1150,E7,E11,0,0.453544,0.186964,0.098562,0.260930
bbc_20130322_1150,E8,E12,0,0.881074,0.008777,0.028968,0.081181
bbc_20130322_1150,E10,E12,0,0.908492,0.005406,0.022085,0.064017
bbc_20130322_1150,E11,E12,0,0.705280,0.050901,0.067340,0.176479
bbc_20130322_1150,E12,E14,0,0.936152,0.001802,0.014989,0.047057
bbc_20130322_1150,E12,E15,0,0.960631,0.000887,0.010100,0.028382
bbc_20130322_1150,E12,E17,0,0.984835,0.000144,0.003611,0.011410
bbc_20130322_1150,E18,E19,0,0.914442,0.003070,0.020815,0.061673
bbc_20130322_1150,E18,E20,0,0.908210,0.003683,0.023515,0.064592
bbc_20130322_1150,E18,E21,0,0.962384,0.000644,0.008798,0.028174
bbc_20130322_1150,E19,E23,0,0.961892,0.000605,0.008179,0.029324
bbc_20130322_1150,E19,E24,1,0.229435,0.336560,0.105635,0.328370
bbc_20130322_1150,E20,E23,0,0.954882,0.000812,0.009158,0.035148
bbc_20130322_1150,E20,E24,1,0.056683,0.630145,0.071625,0.241547
bbc_20130322_1150,E21,E23,0,0.825855,0.009154,0.031980,0.133010
bbc_20130322_1150,E21,E24,1,0.017138,0.773245,0.045995,0.163621
bbc_20130322_1150,E28,E29,1,0.000004,0.997715,0.000427,0.001854
bbc_20130322_1150,E28,E30,1,0.027552,0.732505,0.050735,0.189209
bbc_20130322_1150,E29,E34,0,0.999510,0.000000,0.000084,0.000405
bbc_20130322_1150,E30,E34,0,0.978081,0.000243,0.004722,0.016954
bbc_20130322_1150,E34,E53,1,0.000161,0.980936,0.004172,0.014731
bbc_20130322_1150,E34,E35,0,0.961241,0.000692,0.007946,0.030122
bbc_20130322_1150,E53,E36,0,0.995337,0.000016,0.000952,0.003694
bbc_20130322_1150,E35,E36,1,0.092110,0.482463,0.083551,0.341877
bbc_20130322_1150,E36,E39,1,0.000558,0.955681,0.009490,0.034270
bbc_20130322_1150,E36,E40,1,0.018859,0.728332,0.051637,0.201172
bbc_20130322_1150,E39,E41,0,0.988973,0.000087,0.002599,0.008342
bbc_20130322_1150,E39,E42,1,0.010653,0.858522,0.035511,0.095314
bbc_20130322_1150,E39,E43,0,0.958103,0.001208,0.010335,0.030354
bbc_20130322_1150,E40,E41,0,0.869274,0.009198,0.026165,0.095363
bbc_20130322_1150,E40,E42,1,0.000079,0.987631,0.002670,0.009620
bbc_20130322_1150,E40,E43,1,0.246328,0.345578,0.091132,0.316962
bbc_20130322_1150,E41,E44,0,0.522905,0.173392,0.096085,0.207618
bbc_20130322_1150,E42,E44,0,0.996427,0.000014,0.000812,0.002747
bbc_20130322_1150,E43,E44,0,0.517747,0.147593,0.088916,0.245744
bbc_20130322_332,E1,E2,0,0.476892,0.109798,0.086148,0.327162
bbc_20130322_332,E1,E3,1,0.017284,0.765354,0.044603,0.172759
bbc_20130322_332,E1,E4,1,0.000004,0.997355,0.000442,0.002199
bbc_20130322_332,E2,E3,1,0.007652,0.836909,0.034259,0.121180
bbc_20130322_332,E2,E4,1,0.000011,0.995535,0.000820,0.003634
bbc_20130322_332,E3,E4,1,0.000060,0.990562,0.002158,0.007220
bbc_20130322_332,E12,E13,1,0.011494,0.791897,0.043459,0.153150
bbc_20130322_332,E17,E18,1,0.021619,0.747389,0.053918,0.177075
bbc_20130322_332,E22,E23,0,0.995573,0.000017,0.000953,0.003457
bbc_20130322_332,E27,E28,1,0.095576,0.576227,0.087974,0.240222
bbc_20130322_332,E27,E29,0,0.991166,0.000065,0.002072,0.006697
bbc_20130322_332,E28,E29,0,0.992947,0.000043,0.001635,0.005376
bbc_20130322_332,E31,E33,1,0.000632,0.960775,0.009351,0.029242
bbc_20130322_332,E31,E34,1,0.012495,0.838960,0.037315,0.111230
bbc_20130322_332,E31,E35,1,0.037491,0.725411,0.056516,0.180583
bbc_20130322_332,E33,E34,0,0.503638,0.173972,0.074903,0.247488
bbc_20130322_332,E33,E35,0,0.481891,0.180572,0.075592,0.261945
bbc_20130322_332,E34,E35,0,0.592164,0.124500,0.064355,0.218982
bbc_20130322_332,E37,E38,0,0.850415,0.008574,0.027946,0.113064
bbc_20130322_332,E37,E40,0,0.434679,0.121799,0.086831,0.356691
bbc_20130322_332,E38,E40,0,0.470846,0.119636,0.082646,0.326873
bbc_20130322_332,E1,E5,0,0.419387,0.139898,0.087994,0.352721
bbc_20130322_332,E2,E5,0,0.559414,0.076624,0.078379,0.285583
bbc_20130322_332,E3,E5,0,0.937441,0.002119,0.013860,0.046580
bbc_20130322_332,E4,E5,0,0.995511,0.000017,0.000961,0.003510
bbc_20130322_332,E5,E9,1,0.000972,0.943390,0.012394,0.043244
bbc_20130322_332,E9,E11,1,0.037691,0.732542,0.063731,0.166037
bbc_20130322_332,E11,E12,0,0.988584,0.000098,0.002753,0.008564
bbc_20130322_332,E11,E13,0,0.900685,0.004210,0.023810,0.071295
bbc_20130322_332,E12,E17,1,0.008617,0.840632,0.033110,0.117641
bbc_20130322_332,E12,E18,1,0.001096,0.939314,0.012767,0.046823
bbc_20130322_332,E13,E17,1,0.119630,0.439509,0.101211,0.339651
bbc_20130322_332,E13,E18,1,0.035540,0.665226,0.069369,0.229865
bbc_20130322_332,E17,E19,0,0.875104,0.005721,0.026784,0.092391
bbc_20130322_332,E18,E19,0,0.944229,0.001346,0.012787,0.041638
bbc_20130322_332,E19,E22,1,0.000925,0.947638,0.012273,0.039164
bbc_20130322_332,E19,E23,0,0.949670,0.001245,0.012757,0.036329
bbc_20130322_332,E22,E24,1,0.056385,0.671224,0.064237,0.208154
bbc_20130322_332,E23,E24,1,0.000065,0.988364,0.002377,0.009194
bbc_20130322_332,E27,E30,0,0.985918,0.000147,0.003404,0.010531
bbc_20130322_332,E28,E30,0,0.986593,0.000138,0.003285,0.009984
bbc_20130322_332,E29,E30,3,0.284180,0.313160,0.084790,0.317870
bbc_20130322_332,E30,E31,0,0.518562,0.118421,0.078046,0.284971
bbc_20130322_332,E30,E33,1,0.111340,0.549222,0.076708,0.262730
bbc_20130322_332,E30,E34,1,0.108876,0.572630,0.072041,0.246453
bbc_20130322_332,E30,E35,1,0.082435,0.615580,0.066246,0.235739
bbc_20130322_332,E31,E36,1,0.157124,0.515646,0.083750,0.243479
bbc_20130322_332,E33,E36,0,0.718556,0.058326,0.052786,0.170332
bbc_20130322_332,E34,E36,0,0.787077,0.038743,0.041681,0.132499
bbc_20130322_332,E35,E36,0,0.827866,0.030654,0.033586,0.107894
bbc_20130322_332,E36,E37,0,0.997422,0.000006,0.000515,0.002057
bbc_20130322_332,E36,E38,0,0.996687,0.000009,0.000676,0.002628
bbc_20130322_332,E36,E40,0,0.991152,0.000052,0.001921,0.006875
bbc_20130322_1600,E2,E5,0,0.871738,0.009216,0.026495,0.092550
bbc_20130322_1600,E6,E7,1,0.010096,0.896219,0.030211,0.063473
bbc_20130322_1600,E6,E8,0,0.997027,0.000009,0.000643,0.002321
bbc_20130322_1600,E6,E9,0,0.870593,0.012475,0.031149,0.085783
bbc_20130322_1600,E7,E8,0,0.998901,0.000002,0.000217,0.000880
bbc_20130322_1600,E7,E9,0,0.994537,0.000040,0.001350,0.004073
bbc_20130322_1600,E8,E9,1,0.040692,0.749028,0.047696,0.162585
bbc_20130322_1600,E10,E11,0,0.643167,0.071326,0.062641,0.222866
bbc_20130322_1600,E10,E12,0,0.932231,0.002482,0.013713,0.051574
bbc_20130322_1600,E11,E12,0,0.900308,0.004891,0.019609,0.075192
bbc_20130322_1600,E16,E20,1,0.092931,0.559894,0.076919,0.270256
bbc_20130322_1600,E21,E22,0,0.889562,0.005764,0.021999,0.082676
bbc_20130322_1600,E2,E6,0,0.527177,0.137731,0.086550,0.248542
bbc_20130322_1600,E2,E7,1,0.070334,0.690408,0.067978,0.171280
bbc_20130322_1600,E2,E8,0,0.996221,0.000013,0.000806,0.002960
bbc_20130322_1600,E2,E9,0,0.986850,0.000149,0.003144,0.009857
bbc_20130322_1600,E5,E6,1,0.174155,0.503557,0.078583,0.243705
bbc_20130322_1600,E5,E7,1,0.003402,0.936663,0.016112,0.043824
bbc_20130322_1600,E5,E8,0,0.992199,0.000058,0.001748,0.005995
bbc_20130322_1600,E5,E9,0,0.929704,0.004569,0.014954,0.050773
bbc_20130322_1600,E6,E10,1,0.008194,0.885168,0.028252,0.078387
bbc_20130322_1600,E6,E11,1,0.049533,0.703189,0.061462,0.185816
bbc_20130322_1600,E6,E12,0,0.666130,0.063928,0.069487,0.200455
bbc_20130322_1600,E7,E10,0,0.652535,0.093900,0.067337,0.186228
bbc_20130322_1600,E7,E11,0,0.832372,0.019213,0.036164,0.112252
bbc_20130322_1600,E7,E12,0,0.978709,0.000328,0.005134,0.015830
bbc_20130322_1600,E8,E10,1,0.000022,0.993857,0.001194,0.004927
bbc_20130322_1600,E8,E11,1,0.000079,0.986269,0.002674,0.010978
bbc_20130322_1600,E8,E12,1,0.001492,0.936116,0.012035,0.050357
bbc_20130322_1600,E9,E10,1,0.001416,0.954331,0.009658,0.034595
bbc_20130322_1600,E9,E11,1,0.014115,0.839566,0.029694,0.116626
bbc_20130322_1600,E9,E12,1,0.206041,0.398251,0.078580,0.317129
bbc_20130322_1600,E10,E13,0,0.996928,0.000009,0.000641,0.002421
bbc_20130322_1600,E11,E13,0,0.996463,0.000012,0.000742,0.002784
bbc_20130322_1600,E12,E13,0,0.993451,0.000033,0.001423,0.005093
bbc_20130322_1600,E13,E30,1,0.015200,0.806135,0.037207,0.141458
bbc_20130322_1600,E30,E14,0,0.949990,0.001297,0.010662,0.038051
bbc_20130322_1600,E14,E16,0,0.939788,0.002111,0.014332,0.043770
bbc_20130322_1600,E14,E20,0,0.524488,0.102894,0.091644,0.280974
bbc_20130322_1600,E16,E21,1,0.101953,0.541634,0.075707,0.280706
bbc_20130322_1600,E16,E22,0,0.888481,0.005562,0.020583,0.085374
bbc_20130322_1600,E20,E21,3,0.289189,0.282331,0.095710,0.332770
bbc_20130322_1600,E20,E22,0,0.931780,0.002225,0.014431,0.051565
bbc_20130322_1600,E21,E25,0,0.992253,0.000038,0.001592,0.006116
bbc_20130322_1600,E22,E25,0,0.968396,0.000422,0.005774,0.025408
WSJ_20130322_804,E1,E2002,0,0.957206,0.000840,0.009527,0.032427
WSJ_20130322_804,E11,E13,0,0.852600,0.006224,0.027100,0.114076
WSJ_20130322_804,E11,E14,1,0.007501,0.835284,0.034865,0.122350
WSJ_20130322_804,E13,E14,1,0.001492,0.920936,0.016877,0.060695
WSJ_20130322_804,E22,E23,3,0.201992,0.281222,0.098334,0.418453
WSJ_20130322_804,E25,E26,0,0.928229,0.002271,0.018553,0.050948
WSJ_20130322_804,E25,E30,0,0.997095,0.000008,0.000589,0.002308
WSJ_20130322_804,E26,E30,0,0.981284,0.000182,0.004105,0.014429
WSJ_20130322_804,E9,E11,0,0.386807,0.148514,0.096580,0.368099
WSJ_20130322_804,E9,E13,0,0.952213,0.000801,0.009392,0.037593
WSJ_20130322_804,E9,E14,1,0.063012,0.571468,0.080935,0.284585
WSJ_20130322_804,E11,E16,1,0.052523,0.602973,0.065653,0.278851
WSJ_20130322_804,E13,E16,1,0.008520,0.809317,0.034265,0.147898
WSJ_20130322_804,E14,E16,3,0.163392,0.369452,0.094285,0.372870
WSJ_20130322_804,E16,E17,0,0.989797,0.000055,0.001997,0.008151
WSJ_20130322_804,E17,E18,1,0.000092,0.984199,0.003127,0.012582
WSJ_20130322_804,E21,E22,0,0.866207,0.006632,0.027107,0.100054
WSJ_20130322_804,E21,E23,0,0.766124,0.018751,0.041894,0.173231
WSJ_20130322_804,E22,E25,0,0.452145,0.105191,0.098945,0.343719
WSJ_20130322_804,E22,E26,0,0.658437,0.035250,0.065020,0.241294
WSJ_20130322_804,E22,E30,0,0.933494,0.001644,0.014166,0.050696
WSJ_20130322_804,E23,E25,0,0.632095,0.045324,0.067117,0.255464
WSJ_20130322_804,E23,E26,0,0.798015,0.012773,0.037593,0.151619
WSJ_20130322_804,E23,E30,0,0.962056,0.000594,0.007587,0.029763
WSJ_20130322_804,E25,E33,0,0.987727,0.000088,0.002735,0.009450
WSJ_20130322_804,E26,E33,0,0.970271,0.000373,0.006492,0.022864
WSJ_20130322_804,E30,E33,3,0.301781,0.161679,0.105954,0.430586
WSJ_20130322_804,E33,E35,1,0.066505,0.557178,0.088686,0.287630
WSJ_20130318_731,E1,E2,1,0.002004,0.925270,0.018858,0.053868
WSJ_20130318_731,E1,E3,1,0.032887,0.715726,0.068259,0.183128
WSJ_20130318_731,E2,E3,1,0.037287,0.710279,0.062699,0.189736
WSJ_20130318_731,E11,E12,1,0.000537,0.956108,0.009272,0.034083
WSJ_20130318_731,E11,E13,1,0.018373,0.769870,0.053222,0.158534
WSJ_20130318_731,E12,E13,0,0.570685,0.073532,0.084920,0.270864
WSJ_20130318_731,E20,E21,0,0.997901,0.000004,0.000402,0.001693
WSJ_20130318_731,E20,E22,0,0.996591,0.000010,0.000686,0.002714
WSJ_20130318_731,E21,E22,0,0.560714,0.058809,0.077790,0.302687
WSJ_20130318_731,E9,E10,1,0.001273,0.947314,0.013428,0.037985
WSJ_20130318_731,E10,E11,0,0.997777,0.000005,0.000448,0.001770
WSJ_20130318_731,E10,E12,0,0.959116,0.001418,0.009454,0.030012
WSJ_20130318_731,E10,E13,0,0.991430,0.000063,0.002039,0.006468
WSJ_20130318_731,E11,E14,1,0.049155,0.590376,0.094390,0.266079
WSJ_20130318_731,E12,E14,0,0.727308,0.025189,0.057433,0.190069
WSJ_20130318_731,E13,E14,0,0.407646,0.154780,0.110892,0.326682
CNN_20130322_1003,E1,E2,1,0.000381,0.976689,0.006285,0.016645
CNN_20130322_1003,E1,E3,0,0.383366,0.242950,0.094466,0.279218
CNN_20130322_1003,E1,E5,0,0.942212,0.002455,0.012803,0.042530
CNN_20130322_1003,E2,E3,0,0.968369,0.001015,0.008187,0.022428
CNN_20130322_1003,E2,E5,0,0.997172,0.000009,0.000621,0.002197
CNN_20130322_1003,E3,E5,0,0.932193,0.003778,0.014531,0.049498
CNN_20130322_1003,E6,E7,1,0.014450,0.897784,0.025342,0.062424
CNN_20130322_1003,E9,E10,1,0.090996,0.722006,0.042676,0.144323
CNN_20130322_1003,E9,E11,1,0.001609,0.963027,0.008488,0.026876
CNN_20130322_1003,E9,E1000,1,0.000037,0.994079,0.001419,0.004465
CNN_20130322_1003,E10,E11,1,0.010255,0.913177,0.018820,0.057748
CNN_20130322_1003,E10,E1000,1,0.000218,0.987207,0.003134,0.009441
CNN_20130322_1003,E11,E1000,1,0.008628,0.902009,0.023940,0.065423
CNN_20130322_1003,E12,E13,1,0.107177,0.612032,0.071476,0.209316
CNN_20130322_1003,E12,E14,1,0.000134,0.987087,0.003180,0.009599
CNN_20130322_1003,E12,E15,1,0.000242,0.981420,0.004574,0.013764
CNN_20130322_1003,E13,E14,1,0.002365,0.949134,0.012460,0.036041
CNN_20130322_1003,E13,E15,1,0.005229,0.920094,0.019077,0.055601
CNN_20130322_1003,E14,E15,1,0.072399,0.716250,0.053433,0.157917
CNN_20130322_1003,E17,E19,1,0.002408,0.926958,0.019591,0.051043
CNN_20130322_1003,E17,E20,0,0.978438,0.000271,0.005341,0.015950
CNN_20130322_1003,E19,E20,0,0.998210,0.000004,0.000358,0.001428
CNN_20130322_1003,E23,E27,0,0.767128,0.032713,0.045537,0.154622
CNN_20130322_1003,E30,E31,1,0.000579,0.964110,0.008927,0.026383
CNN_20130322_1003,E30,E32,1,0.000046,0.991055,0.001898,0.007001
CNN_20130322_1003,E30,E33,1,0.000006,0.997344,0.000535,0.002114
CNN_20130322_1003,E31,E32,1,0.000202,0.981280,0.004555,0.013963
CNN_20130322_1003,E31,E33,1,0.000036,0.993473,0.001524,0.004967
CNN_20130322_1003,E32,E33,1,0.003530,0.933633,0.017259,0.045579
CNN_20130322_1003,E34,E36,1,0.000167,0.982336,0.003955,0.013542
CNN_20130322_1003,E40,E41,1,0.000157,0.987473,0.003307,0.009064
CNN_20130322_1003,E40,E42,1,0.000113,0.990002,0.002693,0.007192
CNN_20130322_1003,E41,E42,1,0.012244,0.909244,0.021270,0.057242
CNN_20130322_1003,E43,E44,0,0.573290,0.107192,0.070607,0.248910
CNN_20130322_1003,E45,E47,0,0.742438,0.033080,0.051338,0.173145
CNN_20130322_1003,E55,E57,0,0.981632,0.000250,0.003959,0.014159
CNN_20130322_1003,E1,E6,0,0.659629,0.099047,0.065326,0.175998
CNN_20130322_1003,E1,E7,0,0.352333,0.342610,0.087427,0.217630
CNN_20130322_1003,E2,E6,0,0.985484,0.000340,0.004021,0.010154
CNN_20130322_1003,E2,E7,0,0.963937,0.002187,0.010161,0.023716
CNN_20130322_1003,E3,E6,0,0.720871,0.075575,0.054694,0.148860
CNN_20130322_1003,E3,E7,1,0.315813,0.390103,0.082817,0.211267
CNN_20130322_1003,E5,E6,1,0.004633,0.936724,0.014175,0.044468
CNN_20130322_1003,E5,E7,1,0.000506,0.980597,0.004803,0.014094
CNN_20130322_1003,E6,E9,0,0.994374,0.000068,0.001417,0.004141
CNN_20130322_1003,E6,E10,0,0.981104,0.000830,0.004686,0.013380
CNN_20130322_1003,E6,E11,0,0.823151,0.038417,0.037834,0.100598
CNN_20130322_1003,E6,E1000,1,0.206090,0.520372,0.076047,0.197490
CNN_20130322_1003,E7,E9,0,0.996440,0.000031,0.000916,0.002613
CNN_20130322_1003,E7,E10,0,0.990793,0.000237,0.002450,0.006520
CNN_20130322_1003,E7,E11,0,0.909573,0.012819,0.022320,0.055289
CNN_20130322_1003,E7,E1000,0,0.390224,0.331589,0.081336,0.196851
CNN_20130322_1003,E9,E12,1,0.040774,0.802996,0.037157,0.119073
CNN_20130322_1003,E9,E13,1,0.017298,0.869529,0.026776,0.086398
CNN_20130322_1003,E9,E14,1,0.000068,0.992220,0.001781,0.005931
CNN_20130322_1003,E9,E15,1,0.000195,0.985842,0.003182,0.010781
CNN_20130322_1003,E10,E12,1,0.191943,0.557502,0.061116,0.189439
CNN_20130322_1003,E10,E13,1,0.095154,0.694543,0.051037,0.159265
CNN_20130322_1003,E10,E14,1,0.000467,0.981735,0.004220,0.013578
CNN_20130322_1003,E10,E15,1,0.001346,0.966544,0.007512,0.024598
CNN_20130322_1003,E11,E12,0,0.945450,0.003964,0.013781,0.036804
CNN_20130322_1003,E11,E13,0,0.907435,0.009708,0.022459,0.060399
CNN_20130322_1003,E11,E14,1,0.177034,0.544397,0.073774,0.204794
CNN_20130322_1003,E11,E15,1,0.329831,0.346050,0.084792,0.239327
CNN_20130322_1003,E1000,E12,0,0.991853,0.000116,0.002212,0.005818
CNN_20130322_1003,E1000,E13,0,0.987613,0.000245,0.003438,0.008703
CNN_20130322_1003,E1000,E14,0,0.790501,0.051639,0.044521,0.113339
CNN_20130322_1003,E1000,E15,0,0.872039,0.019436,0.030267,0.078258
CNN_20130322_1003,E12,E17,1,0.000448,0.971969,0.007096,0.020487
CNN_20130322_1003,E12,E19,1,0.000037,0.992865,0.001604,0.005494
CNN_20130322_1003,E12,E20,0,0.809725,0.022429,0.040056,0.127789
CNN_20130322_1003,E13,E17,1,0.034270,0.773631,0.051356,0.140743
CNN_20130322_1003,E13,E19,1,0.000370,0.977827,0.005626,0.016177
CNN_20130322_1003,E13,E20,0,0.975666,0.000475,0.005775,0.018084
CNN_20130322_1003,E14,E17,0,0.423350,0.253659,0.086981,0.236009
CNN_20130322_1003,E14,E19,1,0.011783,0.889833,0.025544,0.072840
CNN_20130322_1003,E14,E20,0,0.995737,0.000021,0.000981,0.003261
CNN_20130322_1003,E15,E17,0,0.338414,0.301254,0.094931,0.265401
CNN_20130322_1003,E15,E19,1,0.007510,0.901769,0.023037,0.067684
CNN_20130322_1003,E15,E20,0,0.994187,0.000032,0.001332,0.004449
CNN_20130322_1003,E17,E21,0,0.833168,0.019188,0.041001,0.106643
CNN_20130322_1003,E19,E21,0,0.991960,0.000102,0.002123,0.005814
CNN_20130322_1003,E20,E21,1,0.007048,0.904208,0.021623,0.067121
CNN_20130322_1003,E21,E23,0,0.676618,0.073812,0.062173,0.187397
CNN_20130322_1003,E21,E27,0,0.960160,0.001204,0.009635,0.029001
CNN_20130322_1003,E30,E34,0,0.899224,0.005219,0.024837,0.070720
CNN_20130322_1003,E30,E36,1,0.005096,0.906539,0.021942,0.066423
CNN_20130322_1003,E31,E34,0,0.983369,0.000193,0.003928,0.012511
CNN_20130322_1003,E31,E36,1,0.140369,0.547570,0.074918,0.237142
CNN_20130322_1003,E32,E34,0,0.997640,0.000006,0.000487,0.001867
CNN_20130322_1003,E32,E36,0,0.940283,0.003186,0.014378,0.042153
CNN_20130322_1003,E33,E34,0,0.999220,0.000001,0.000150,0.000630
CNN_20130322_1003,E33,E36,0,0.986265,0.000317,0.003569,0.009849
CNN_20130322_1003,E34,E38,1,0.043291,0.648707,0.065272,0.242729
CNN_20130322_1003,E36,E38,0,0.928791,0.003414,0.014914,0.052881
CNN_20130322_1003,E38,E40,0,0.653215,0.070426,0.073644,0.202714
CNN_20130322_1003,E38,E41,1,0.003041,0.939034,0.015941,0.041984
CNN_20130322_1003,E38,E42,1,0.001726,0.956790,0.011794,0.029689
CNN_20130322_1003,E40,E43,0,0.962425,0.001029,0.008364,0.028182
CNN_20130322_1003,E40,E44,0,0.952702,0.002049,0.010745,0.034503
CNN_20130322_1003,E41,E43,0,0.996037,0.000018,0.000889,0.003056
CNN_20130322_1003,E41,E44,0,0.995590,0.000028,0.001031,0.003350
CNN_20130322_1003,E42,E43,0,0.997556,0.000008,0.000537,0.001899
CNN_20130322_1003,E42,E44,0,0.997493,0.000010,0.000581,0.001916
CNN_20130322_1003,E43,E45,0,0.624718,0.053155,0.071897,0.250230
CNN_20130322_1003,E43,E47,0,0.743406,0.036079,0.047442,0.173074
CNN_20130322_1003,E44,E45,0,0.349092,0.229201,0.093264,0.328442
CNN_20130322_1003,E44,E47,0,0.436190,0.210888,0.075187,0.277735
CNN_20130322_1003,E45,E48,0,0.765178,0.027202,0.050428,0.157192
CNN_20130322_1003,E47,E48,0,0.608977,0.096907,0.066323,0.227793
CNN_20130322_1003,E48,E50,0,0.959004,0.000902,0.009578,0.030516
CNN_20130322_1003,E50,E51,1,0.001938,0.927419,0.014650,0.055993
CNN_20130322_1003,E51,E52,0,0.687987,0.032688,0.056513,0.222812
CNN_20130322_1003,E52,E53,0,0.987348,0.000092,0.002803,0.009757
CNN_20130322_1003,E53,E55,1,0.007275,0.858646,0.031544,0.102535
