WSJ_20130322_159,E5,E6,1,0.007181,0.895153,0.025368,0.072299
WSJ_20130322_159,E5,E10,0,0.385840,0.243791,0.089646,0.280722
WSJ_20130322_159,E5,E11,0,0.830962,0.021151,0.033917,0.113970
WSJ_20130322_159,E6,E10,0,0.605153,0.085859,0.070373,0.238615
WSJ_20130322_159,E6,E11,0,0.954057,0.001418,0.009484,0.035042
WSJ_20130322_159,E10,E11,0,0.762125,0.023067,0.044491,0.170318
WSJ_20130322_159,E12,E14,1,0.075571,0.475401,0.073116,0.375913
WSJ_20130322_159,E18,E19,0,0.550350,0.094731,0.075090,0.279829
WSJ_20130322_159,E20,E22,1,0.000286,0.976420,0.005626,0.017667
WSJ_20130322_159,E29,E31,0,0.926153,0.002001,0.011592,0.060254
WSJ_20130322_159,E29,E34,3,0.347928,0.192092,0.075892,0.384088
WSJ_20130322_159,E29,E37,0,0.943285,0.001948,0.009863,0.044903
WSJ_20130322_159,E31,E34,1,0.035079,0.638070,0.056788,0.270063
WSJ_20130322_159,E31,E37,0,0.648362,0.048669,0.055809,0.247160
WSJ_20130322_159,E34,E37,0,0.984664,0.000178,0.002953,0.012205
WSJ_20130322_159,E38,E39,1,0.002445,0.918724,0.018860,0.059972
WSJ_20130322_159,E38,E40,1,0.034897,0.635184,0.063081,0.266838
WSJ_20130322_159,E39,E40,0,0.557967,0.062895,0.069056,0.310083
WSJ_20130322_159,E42,E44,1,0.001639,0.936301,0.012693,0.049367
WSJ_20130322_159,E46,E47,1,0.000762,0.965162,0.008907,0.025168
WSJ_20130322_159,E46,E49,1,0.011238,0.831212,0.036538,0.121012
WSJ_20130322_159,E47,E49,0,0.672689,0.071080,0.051972,0.204259
WSJ_20130322_159,E1,E5,1,0.013258,0.816150,0.039297,0.131295
WSJ_20130322_159,E1,E6,1,0.003983,0.886750,0.026375,0.082892
WSJ_20130322_159,E1,E10,1,0.054033,0.591136,0.080745,0.274087
WSJ_20130322_159,E1,E11,3,0.344133,0.192148,0.098718,0.365000
WSJ_20130322_159,E5,E12,0,0.993216,0.000046,0.001304,0.005433
WSJ_20130322_159,E5,E14,0,0.875396,0.006864,0.021368,0.096372
WSJ_20130322_159,E6,E12,0,0.996095,0.000014,0.000649,0.003242
WSJ_20130322_159,E6,E14,0,0.967150,0.000445,0.005427,0.026978
WSJ_20130322_159,E10,E12,0,0.980078,0.000206,0.003748,0.015967
WSJ_20130322_159,E10,E14,0,0.748383,0.015984,0.039329,0.196304
WSJ_20130322_159,E11,E12,0,0.953915,0.000887,0.008583,0.036615
WSJ_20130322_159,E11,E14,0,0.446687,0.090823,0.074388,0.388102
WSJ_20130322_159,E12,E18,0,0.966437,0.000437,0.005941,0.027185
WSJ_20130322_159,E12,E19,0,0.512636,0.097718,0.075967,0.313679
WSJ_20130322_159,E14,E18,0,0.987289,0.000086,0.002156,0.010469
WSJ_20130322_159,E14,E19,0,0.947402,0.001480,0.009619,0.041498
WSJ_20130322_159,E18,E20,1,0.001968,0.919421,0.018434,0.060176
WSJ_20130322_159,E18,E22,1,0.000009,0.996001,0.000766,0.003224
WSJ_20130322_159,E19,E20,1,0.006538,0.864403,0.028189,0.100869
WSJ_20130322_159,E19,E22,1,0.000010,0.996113,0.000784,0.003092
WSJ_20130322_159,E20,E26,1,0.013751,0.848585,0.033666,0.103998
WSJ_20130322_159,E22,E26,0,0.918636,0.009169,0.018217,0.053978
WSJ_20130322_159,E26,E29,0,0.974325,0.000454,0.004816,0.020405
WSJ_20130322_159,E26,E31,0,0.996335,0.000013,0.000616,0.003036
WSJ_20130322_159,E26,E34,0,0.964676,0.000694,0.006637,0.027993
WSJ_20130322_159,E26,E37,0,0.996619,0.000016,0.000638,0.002726
WSJ_20130322_159,E29,E38,0,0.555816,0.089167,0.064111,0.290906
WSJ_20130322_159,E29,E39,1,0.002441,0.922501,0.015433,0.059625
WSJ_20130322_159,E29,E40,1,0.023090,0.689234,0.047804,0.239872
WSJ_20130322_159,E31,E38,1,0.074754,0.510942,0.077024,0.337279
WSJ_20130322_159,E31,E39,1,0.000235,0.974006,0.005324,0.020435
WSJ_20130322_159,E31,E40,1,0.001618,0.903786,0.016681,0.077915
WSJ_20130322_159,E34,E38,0,0.619572,0.063870,0.062509,0.254049
WSJ_20130322_159,E34,E39,1,0.004201,0.898595,0.021657,0.075548
WSJ_20130322_159,E34,E40,1,0.038847,0.605838,0.063856,0.291459
WSJ_20130322_159,E37,E38,1,0.068938,0.602589,0.064220,0.264253
WSJ_20130322_159,E37,E39,1,0.000124,0.984251,0.003392,0.012234
WSJ_20130322_159,E37,E40,1,0.000939,0.936220,0.011442,0.051399
WSJ_20130322_159,E38,E42,0,0.976184,0.000285,0.004480,0.019052
WSJ_20130322_159,E38,E44,1,0.067081,0.553973,0.068662,0.310284
WSJ_20130322_159,E39,E42,0,0.995915,0.000015,0.000687,0.003383
WSJ_20130322_159,E39,E44,0,0.795329,0.018335,0.034389,0.151948
WSJ_20130322_159,E40,E42,0,0.987412,0.000075,0.002083,0.010430
WSJ_20130322_159,E40,E44,0,0.469311,0.081555,0.074681,0.374454
WSJ_20130322_159,E42,E46,3,0.325703,0.196260,0.086725,0.391312
WSJ_20130322_159,E42,E47,3,0.176402,0.342063,0.086595,0.394940
WSJ_20130322_159,E42,E49,1,0.075992,0.606351,0.062201,0.255457
WSJ_20130322_159,E44,E46,0,0.984735,0.000110,0.002478,0.012677
WSJ_20130322_159,E44,E47,0,0.917217,0.002152,0.012342,0.068288
WSJ_20130322_159,E44,E49,0,0.864587,0.006270,0.020564,0.108579
WSJ_20130322_159,E46,E55,0,0.817885,0.019098,0.035187,0.127830
WSJ_20130322_159,E47,E55,0,0.975206,0.000518,0.004695,0.019581
WSJ_20130322_159,E49,E55,0,0.931436,0.003793,0.012147,0.052624
nyt_20130322_strange_computer,E8,E11,0,0.996309,0.000027,0.000819,0.002844
nyt_20130322_strange_computer,E14,E16,1,0.000136,0.984650,0.003660,0.011554
nyt_20130322_strange_computer,E19,E22,0,0.422772,0.153567,0.087614,0.336047
nyt_20130322_strange_computer,E19,E23,1,0.039435,0.694306,0.056614,0.209645
nyt_20130322_strange_computer,E22,E23,1,0.222904,0.351229,0.092685,0.333182
nyt_20130322_strange_computer,E6,E8,1,0.199371,0.457814,0.098390,0.244424
nyt_20130322_strange_computer,E6,E11,0,0.993684,0.000054,0.001357,0.004905
nyt_20130322_strange_computer,E8,E14,0,0.996633,0.000020,0.000703,0.002644
nyt_20130322_strange_computer,E8,E16,0,0.770080,0.049106,0.052183,0.128631
nyt_20130322_strange_computer,E11,E14,0,0.821697,0.017044,0.036430,0.124829
nyt_20130322_strange_computer,E11,E16,1,0.000443,0.972101,0.007001,0.020454
nyt_20130322_strange_computer,E14,E19,0,0.451114,0.170561,0.095644,0.282681
nyt_20130322_strange_computer,E14,E22,1,0.033335,0.664531,0.064777,0.237356
nyt_20130322_strange_computer,E14,E23,1,0.003694,0.898125,0.022339,0.075841
nyt_20130322_strange_computer,E16,E19,0,0.967650,0.000751,0.007287,0.024312
nyt_20130322_strange_computer,E16,E22,0,0.956164,0.001077,0.009142,0.033617
nyt_20130322_strange_computer,E16,E23,0,0.852536,0.011936,0.028412,0.107117
nyt_20130322_strange_computer,E19,E24,0,0.849636,0.013593,0.030514,0.106258
nyt_20130322_strange_computer,E22,E24,0,0.912323,0.005033,0.019003,0.063642
nyt_20130322_strange_computer,E23,E24,0,0.961231,0.001032,0.008280,0.029457
CNN_20130321_821,E4,E5,3,0.215818,0.285464,0.104057,0.394662
CNN_20130321_821,E5,E8,0,0.839360,0.008831,0.027223,0.124587
CNN_20130321_821,E8,E1000,0,0.851709,0.006273,0.028554,0.113464
CNN_20130321_821,E1002,E20,0,0.728232,0.027023,0.058971,0.185774
nyt_20130321_cyprus,E2,E5,0,0.576284,0.099397,0.073204,0.251116
nyt_20130321_cyprus,E7,E2009,0,0.430026,0.180870,0.086292,0.302812
nyt_20130321_cyprus,E13,E15,0,0.479477,0.132122,0.084540,0.303860
nyt_20130321_cyprus,E22,E23,1,0.186190,0.379295,0.074682,0.359833
nyt_20130321_cyprus,E22,E24,1,0.000013,0.995946,0.000865,0.003175
nyt_20130321_cyprus,E23,E24,1,0.000141,0.984616,0.003457,0.011786
nyt_20130321_cyprus,E33,E35,0,0.893496,0.009494,0.022132,0.074878
nyt_20130321_cyprus,E41,E42,1,0.013368,0.801733,0.041160,0.143739
nyt_20130321_cyprus,E46,E47,0,0.932087,0.004442,0.013103,0.050368
nyt_20130321_cyprus,E48,E51,0,0.980382,0.000228,0.003817,0.015572
nyt_20130321_cyprus,E2,E7,0,0.970452,0.000626,0.006466,0.022456
nyt_20130321_cyprus,E2,E2009,0,0.968027,0.000841,0.007823,0.023310
nyt_20130321_cyprus,E5,E7,0,0.980504,0.000279,0.003806,0.015410
nyt_20130321_cyprus,E5,E2009,0,0.977537,0.000422,0.004932,0.017108
nyt_20130321_cyprus,E7,E9,1,0.001116,0.949861,0.011201,0.037822
nyt_20130321_cyprus,E2009,E9,1,0.003737,0.916259,0.020373,0.059631
nyt_20130321_cyprus,E10,E13,0,0.976046,0.000619,0.005483,0.017852
nyt_20130321_cyprus,E10,E15,0,0.968254,0.000721,0.006057,0.024968
nyt_20130321_cyprus,E13,E21,0,0.853513,0.012792,0.030996,0.102699
nyt_20130321_cyprus,E15,E21,0,0.896414,0.005118,0.019067,0.079401
nyt_20130321_cyprus,E21,E22,0,0.889863,0.007057,0.020305,0.082776
nyt_20130321_cyprus,E21,E23,0,0.428819,0.153893,0.075668,0.341620
nyt_20130321_cyprus,E21,E24,1,0.000033,0.993249,0.001511,0.005207
nyt_20130321_cyprus,E22,E25,1,0.000212,0.977435,0.004779,0.017575
nyt_20130321_cyprus,E23,E25,1,0.012915,0.813208,0.033872,0.140004
nyt_20130321_cyprus,E24,E25,0,0.921582,0.003901,0.016865,0.057652
nyt_20130321_cyprus,E33,E36,0,0.544754,0.105705,0.068188,0.281353
nyt_20130321_cyprus,E35,E36,1,0.092782,0.540778,0.072819,0.293620
nyt_20130321_cyprus,E36,E41,0,0.972239,0.000472,0.005634,0.021655
nyt_20130321_cyprus,E36,E42,0,0.381499,0.204471,0.083006,0.331024
nyt_20130321_cyprus,E46,E48,0,0.337785,0.303943,0.089632,0.268640
nyt_20130321_cyprus,E46,E51,0,0.991488,0.000092,0.001853,0.006568
nyt_20130321_cyprus,E47,E48,1,0.035868,0.721158,0.049182,0.193792
nyt_20130321_cyprus,E47,E51,0,0.962084,0.000882,0.006660,0.030374
nyt_20130321_cyprus,E48,E57,1,0.000518,0.970932,0.007548,0.021002
nyt_20130321_cyprus,E51,E57,1,0.000007,0.997427,0.000566,0.002000
bbc_20130322_1353,E1,E5,1,0.000354,0.974016,0.006357,0.019274
bbc_20130322_1353,E8,E10,1,0.000236,0.978438,0.005050,0.016276
bbc_20130322_1353,E15,E16,1,0.004846,0.892565,0.021362,0.081226
bbc_20130322_1353,E19,E20,1,0.000462,0.982858,0.004837,0.011843
bbc_20130322_1353,E19,E21,1,0.001798,0.960790,0.011033,0.026379
bbc_20130322_1353,E20,E21,1,0.038179,0.820989,0.040596,0.100236
bbc_20130322_1353,E23,E25,0,0.526761,0.139443,0.074238,0.259558
bbc_20130322_1353,E23,E26,1,0.013967,0.851344,0.033446,0.101243
bbc_20130322_1353,E23,E27,1,0.000068,0.990888,0.002275,0.006769
bbc_20130322_1353,E25,E26,1,0.001013,0.961960,0.009156,0.027871
bbc_20130322_1353,E25,E27,1,0.000023,0.995337,0.001126,0.003514
bbc_20130322_1353,E26,E27,1,0.000464,0.977081,0.006361,0.016095
bbc_20130322_1353,E28,E29,1,0.000186,0.984843,0.003981,0.010990
bbc_20130322_1353,E28,E31,1,0.000173,0.985864,0.003740,0.010223
bbc_20130322_1353,E29,E31,0,0.417964,0.272141,0.087707,0.222188
bbc_20130322_1353,E33,E34,0,0.913967,0.006484,0.020355,0.059195
bbc_20130322_1353,E35,E36,1,0.063266,0.692083,0.065970,0.178682
bbc_20130322_1353,E35,E37,1,0.001185,0.960414,0.011100,0.027302
bbc_20130322_1353,E36,E37,1,0.001004,0.955503,0.010233,0.033260
bbc_20130322_1353,E1,E8,0,0.714804,0.024067,0.045413,0.215716
bbc_20130322_1353,E1,E10,1,0.001053,0.956114,0.010391,0.032442
bbc_20130322_1353,E5,E8,0,0.993892,0.000030,0.001070,0.005008
bbc_20130322_1353,E5,E10,0,0.329700,0.319757,0.087704,0.262839
bbc_20130322_1353,E8,E11,0,0.757685,0.015458,0.036945,0.189911
bbc_20130322_1353,E10,E11,0,0.992781,0.000039,0.001259,0.005921
bbc_20130322_1353,E11,E13,3,0.255039,0.199212,0.092043,0.453707
bbc_20130322_1353,E13,E15,0,0.942069,0.002431,0.013427,0.042073
bbc_20130322_1353,E13,E16,0,0.755418,0.042140,0.046064,0.156378
bbc_20130322_1353,E15,E17,1,0.010279,0.820422,0.033575,0.135724
bbc_20130322_1353,E16,E17,3,0.189305,0.304865,0.088339,0.417491
bbc_20130322_1353,E17,E19,1,0.061484,0.693106,0.057699,0.187710
bbc_20130322_1353,E17,E20,1,0.000098,0.988838,0.002764,0.008299
bbc_20130322_1353,E17,E21,1,0.000112,0.987343,0.003107,0.009439
bbc_20130322_1353,E19,E23,0,0.864508,0.015739,0.028374,0.091380
bbc_20130322_1353,E19,E25,0,0.980299,0.000444,0.004192,0.015065
bbc_20130322_1353,E19,E26,0,0.804799,0.033664,0.038702,0.122836
bbc_20130322_1353,E19,E27,1,0.001211,0.961140,0.009856,0.027792
bbc_20130322_1353,E20,E23,0,0.987511,0.000196,0.002771,0.009523
bbc_20130322_1353,E20,E25,0,0.994480,0.000046,0.001173,0.004301
bbc_20130322_1353,E20,E26,0,0.906085,0.009678,0.019700,0.064537
bbc_20130322_1353,E20,E27,1,0.105564,0.662825,0.060171,0.171441
bbc_20130322_1353,E21,E23,0,0.985391,0.000255,0.003458,0.010896
bbc_20130322_1353,E21,E25,0,0.992498,0.000080,0.001678,0.005744
bbc_20130322_1353,E21,E26,0,0.879584,0.014802,0.026456,0.079157
bbc_20130322_1353,E21,E27,1,0.078738,0.708065,0.059082,0.154114
bbc_20130322_1353,E23,E28,0,0.858055,0.010003,0.029417,0.102525
bbc_20130322_1353,E23,E29,1,0.037303,0.744665,0.056171,0.161860
bbc_20130322_1353,E23,E31,1,0.084703,0.656872,0.067516,0.190909
bbc_20130322_1353,E25,E28,0,0.428112,0.211217,0.085195,0.275476
bbc_20130322_1353,E25,E29,1,0.005946,0.913607,0.021299,0.059148
bbc_20130322_1353,E25,E31,1,0.031288,0.809349,0.042156,0.117207
bbc_20130322_1353,E26,E28,0,0.945090,0.002252,0.012614,0.040045
bbc_20130322_1353,E26,E29,0,0.352313,0.305920,0.091735,0.250031
bbc_20130322_1353,E26,E31,0,0.683243,0.086245,0.061943,0.168569
bbc_20130322_1353,E27,E28,0,0.988220,0.000149,0.002656,0.008975
bbc_20130322_1353,E27,E29,0,0.884777,0.011833,0.027320,0.076070
bbc_20130322_1353,E27,E31,0,0.958161,0.001974,0.010572,0.029294
bbc_20130322_1353,E28,E33,1,0.046300,0.746255,0.053814,0.153631
bbc_20130322_1353,E28,E34,0,0.512679,0.186016,0.071746,0.229558
bbc_20130322_1353,E29,E33,0,0.923910,0.006678,0.017882,0.051530
bbc_20130322_1353,E29,E34,0,0.984442,0.000308,0.003755,0.011496
bbc_20130322_1353,E31,E33,0,0.819693,0.038717,0.037879,0.103711
bbc_20130322_1353,E31,E34,0,0.971997,0.001213,0.006668,0.020122
bbc_20130322_1353,E33,E35,0,0.980710,0.000301,0.004089,0.014901
bbc_20130322_1353,E33,E36,0,0.994087,0.000038,0.001139,0.004736
bbc_20130322_1353,E33,E37,0,0.723528,0.049042,0.052590,0.174840
bbc_20130322_1353,E34,E35,0,0.973942,0.000465,0.004980,0.020613
bbc_20130322_1353,E34,E36,0,0.989164,0.000089,0.001993,0.008754
bbc_20130322_1353,E34,E37,0,0.422633,0.177063,0.082190,0.318115
nyt_20130321_women_senate,E1000009,E2,0,0.847421,0.026252,0.030834,0.095493
nyt_20130321_women_senate,E4,E5,1,0.000126,0.988778,0.003046,0.008050
nyt_20130321_women_senate,E4,E6,1,0.104820,0.631867,0.065555,0.197758
nyt_20130321_women_senate,E5,E6,0,0.966902,0.001211,0.007739,0.024149
nyt_20130321_women_senate,E9,E10,0,0.994750,0.000033,0.001023,0.004195
nyt_20130321_women_senate,E11,E12,0,0.861802,0.019039,0.032639,0.086520
nyt_20130321_women_senate,E14,E15,1,0.004761,0.912782,0.021912,0.060545
nyt_20130321_women_senate,E16,E17,1,0.213373,0.377357,0.074151,0.335119
nyt_20130321_women_senate,E19,E20,1,0.001069,0.962604,0.009855,0.026472
nyt_20130321_women_senate,E19,E21,1,0.066798,0.649770,0.063612,0.219820
nyt_20130321_women_senate,E20,E21,0,0.817009,0.019871,0.033501,0.129619
nyt_20130321_women_senate,E23,E24,0,0.953018,0.001655,0.010199,0.035127
nyt_20130321_women_senate,E26,E27,0,0.956135,0.002180,0.012577,0.029108
nyt_20130321_women_senate,E26,E1000014,0,0.947011,0.003238,0.015911,0.033840
nyt_20130321_women_senate,E27,E1000014,1,0.097981,0.598187,0.085587,0.218244
nyt_20130321_women_senate,E37,E1000015,1,0.144461,0.407404,0.087246,0.360889
nyt_20130321_women_senate,E40,E41,0,0.970520,0.000550,0.005671,0.023259
nyt_20130321_women_senate,E40,E42,0,0.922377,0.003314,0.014557,0.059752
nyt_20130321_women_senate,E41,E42,3,0.328561,0.226907,0.083852,0.360680
nyt_20130321_women_senate,E43,E47,0,0.993106,0.000047,0.001298,0.005549
nyt_20130321_women_senate,E43,E48,0,0.971676,0.000655,0.006417,0.021252
nyt_20130321_women_senate,E47,E48,0,0.313411,0.291387,0.100872,0.294331
nyt_20130321_women_senate,E49,E50,0,0.935987,0.002691,0.013931,0.047391
nyt_20130321_women_senate,E49,E53,1,0.002964,0.932995,0.016570,0.047470
nyt_20130321_women_senate,E50,E53,1,0.000156,0.985833,0.003607,0.010404
nyt_20130321_women_senate,E1000009,E4,0,0.965036,0.001642,0.008191,0.025131
nyt_20130321_women_senate,E1000009,E5,1,0.000283,0.985037,0.004481,0.010200
nyt_20130321_women_senate,E1000009,E6,0,0.456717,0.258550,0.077252,0.207482
nyt_20130321_women_senate,E2,E4,0,0.964173,0.001217,0.007383,0.027228
nyt_20130321_women_senate,E2,E5,1,0.000750,0.970418,0.007941,0.020892
nyt_20130321_women_senate,E2,E6,0,0.534744,0.160359,0.070266,0.234631
nyt_20130321_women_senate,E4,E7,0,0.964031,0.001288,0.007491,0.027191
nyt_20130321_women_senate,E5,E7,0,0.997802,0.000008,0.000406,0.001784
nyt_20130321_women_senate,E6,E7,0,0.993390,0.000057,0.001373,0.005180
nyt_20130321_women_senate,E7,E8,1,0.000168,0.984788,0.003780,0.011264
nyt_20130321_women_senate,E8,E9,0,0.954638,0.001224,0.008671,0.035466
nyt_20130321_women_senate,E8,E10,0,0.998883,0.000002,0.000178,0.000937
nyt_20130321_women_senate,E11,E1000012,0,0.866740,0.018919,0.030289,0.084052
nyt_20130321_women_senate,E12,E1000012,0,0.389391,0.277014,0.081079,0.252515
nyt_20130321_women_senate,E14,E16,0,0.975426,0.000501,0.004785,0.019288
nyt_20130321_women_senate,E14,E17,0,0.959711,0.001082,0.007770,0.031437
nyt_20130321_women_senate,E15,E16,0,0.993907,0.000039,0.001158,0.004897
nyt_20130321_women_senate,E15,E17,0,0.990530,0.000076,0.001812,0.007582
nyt_20130321_women_senate,E16,E19,1,0.197893,0.414535,0.078651,0.308921
nyt_20130321_women_senate,E16,E20,1,0.000097,0.987089,0.002824,0.009990
nyt_20130321_women_senate,E16,E21,1,0.007254,0.859412,0.024107,0.109228
nyt_20130321_women_senate,E17,E19,0,0.547485,0.118786,0.069358,0.264371
nyt_20130321_women_senate,E17,E20,1,0.000591,0.967051,0.007366,0.024992
nyt_20130321_women_senate,E17,E21,1,0.051274,0.649309,0.055403,0.244013
nyt_20130321_women_senate,E19,E22,1,0.105142,0.590369,0.069220,0.235269
nyt_20130321_women_senate,E20,E22,0,0.877357,0.011314,0.023092,0.088238
nyt_20130321_women_senate,E21,E22,0,0.596730,0.076901,0.060326,0.266043
nyt_20130321_women_senate,E22,E23,0,0.906466,0.006104,0.016604,0.070826
nyt_20130321_women_senate,E22,E24,0,0.996434,0.000018,0.000667,0.002882
nyt_20130321_women_senate,E23,E25,0,0.891251,0.006059,0.021603,0.081087
nyt_20130321_women_senate,E24,E25,0,0.350506,0.231937,0.084557,0.333000
nyt_20130321_women_senate,E25,E26,1,0.000489,0.972840,0.007463,0.019209
nyt_20130321_women_senate,E25,E27,1,0.047747,0.690329,0.064690,0.197234
nyt_20130321_women_senate,E25,E1000014,1,0.010343,0.857246,0.035102,0.097308
nyt_20130321_women_senate,E26,E29,0,0.848638,0.018933,0.039635,0.092794
nyt_20130321_women_senate,E27,E29,1,0.132538,0.498102,0.091752,0.277609
nyt_20130321_women_senate,E1000014,E29,1,0.265046,0.329112,0.104410,0.301432
nyt_20130321_women_senate,E29,E36,0,0.989225,0.000084,0.002057,0.008634
nyt_20130321_women_senate,E36,E37,0,0.715024,0.040729,0.052331,0.191915
nyt_20130321_women_senate,E36,E1000015,0,0.411179,0.153157,0.084309,0.351355
nyt_20130321_women_senate,E37,E40,1,0.000191,0.981649,0.004297,0.013863
nyt_20130321_women_senate,E37,E41,1,0.050821,0.653291,0.060916,0.234972
nyt_20130321_women_senate,E37,E42,1,0.002622,0.916800,0.017480,0.063098
nyt_20130321_women_senate,E1000015,E40,1,0.003318,0.909014,0.018630,0.069038
nyt_20130321_women_senate,E1000015,E41,3,0.363824,0.177175,0.082871,0.376130
nyt_20130321_women_senate,E1000015,E42,1,0.113154,0.466889,0.077325,0.342632
nyt_20130321_women_senate,E40,E43,0,0.808343,0.021531,0.034363,0.135763
nyt_20130321_women_senate,E40,E47,0,0.993651,0.000035,0.001145,0.005169
nyt_20130321_women_senate,E40,E48,0,0.977261,0.000374,0.005107,0.017258
nyt_20130321_women_senate,E41,E43,1,0.120791,0.502500,0.073467,0.303243
nyt_20130321_women_senate,E41,E47,0,0.954856,0.000910,0.008161,0.036073
nyt_20130321_women_senate,E41,E48,0,0.784564,0.018997,0.043138,0.153301
nyt_20130321_women_senate,E42,E43,0,0.357397,0.240400,0.082251,0.319953
nyt_20130321_women_senate,E42,E47,0,0.981233,0.000217,0.003600,0.014950
nyt_20130321_women_senate,E42,E48,0,0.913105,0.003837,0.019314,0.063743
nyt_20130321_women_senate,E43,E49,0,0.818201,0.022308,0.032966,0.126525
nyt_20130321_women_senate,E43,E50,0,0.986964,0.000148,0.002532,0.010356
nyt_20130321_women_senate,E43,E53,1,0.006832,0.906702,0.020809,0.065657
nyt_20130321_women_senate,E47,E49,1,0.025156,0.782528,0.043279,0.149037
nyt_20130321_women_senate,E47,E50,0,0.616313,0.083453,0.062410,0.237824
nyt_20130321_women_senate,E47,E53,1,0.000041,0.993040,0.001648,0.005272
nyt_20130321_women_senate,E48,E49,1,0.200795,0.362694,0.097619,0.338892
nyt_20130321_women_senate,E48,E50,0,0.871200,0.007207,0.025351,0.096242
nyt_20130321_women_senate,E48,E53,1,0.000308,0.976727,0.005771,0.017194
bbc_20130322_1150,E1,E2,0,0.927615,0.012577,0.021040,0.038768
bbc_20130322_1150,E6,E7,1,0.009099,0.822367,0.037585,0.130950
bbc_20130322_1150,E8,E10,1,0.012850,0.862116,0.041701,0.083332
bbc_20130322_1150,E8,E11,0,0.565576,0.117867,0.089956,0.226600
bbc_20130322_1150,E10,E11,0,0.883494,0.015126,0.029928,0.071452
bbc_20130322_1150,E14,E15,1,0.048529,0.714816,0.056195,0.180461
bbc_20130322_1150,E14,E17,1,0.244390,0.375287,0.083273,0.297050
bbc_20130322_1150,E15,E17,0,0.695541,0.067205,0.050453,0.186801
bbc_20130322_1150,E19,E20,1,0.280740,0.327872,0.094095,0.297293
bbc_20130322_1150,E19,E21,0,0.644526,0.058298,0.061231,0.235945
bbc_20130322_1150,E20,E21,0,0.732978,0.040730,0.048466,0.177825
bbc_20130322_1150,E23,E24,0,0.580117,0.085631,0.084976,0.249277
bbc_20130322_1150,E29,E30,0,0.990830,0.000121,0.002156,0.006893
bbc_20130322_1150,E53,E35,0,0.996665,0.000020,0.000696,0.002619
bbc_20130322_1150,E39,E40,0,0.884289,0.007044,0.023802,0.084865
bbc_20130322_1150,E41,E42,1,0.000560,0.978538,0.006945,0.013957
bbc_20130322_1150,E41,E43,0,0.495765,0.229382,0.097050,0.177803
bbc_20130322_1150,E42,E43,0,0.990984,0.000146,0.002348,0.006522
bbc_20130322_1150,E1,E3,0,0.995972,0.000041,0.000984,0.003003
bbc_20130322_1150,E2,E3,0,0.938382,0.006917,0.015677,0.039024
bbc_20130322_1150,E3,E4,1,0.000442,0.976593,0.006524,0.016441
bbc_20130322_1150,E4,E6,0,0.997690,0.000008,0.000412,0.001891
bbc_20130322_1150,E4,E7,0,0.980073,0.000373,0.004686,0.014868
bbc_20130322_1150,E6,E8,1,0.000275,0.976401,0.005710,0.017614
bbc_20130322_1150,E6,E10,1,0.000081,0.989488,0.002609,0.007822
bbc_20130322_1150,E6,E11,1,0.001795,0.934260,0.016469,0.047476
bbc_20130322_1150,E7,E8,1,0.042746,0.681647,0.071585,0.204022
bbc_20130322_1150,E7,E10,1,0.005417,0.901392,0.027178,0.066013
bbc_20130322_1150,E7,E11,0,0.382755,0.207144,0.101580,0.308522
bbc_20130322_1150,E8,E12,0,0.847386,0.015245,0.038168,0.099201
bbc_20130322_1150,E10,E12,0,0.901928,0.009833,0.026440,0.061799
bbc_20130322_1150,E11,E12,1,0.194954,0.441306,0.101314,0.262425
bbc_20130322_1150,E12,E14,0,0.968523,0.001043,0.008589,0.021845
bbc_20130322_1150,E12,E15,0,0.978175,0.000518,0.005532,0.015775
bbc_20130322_1150,E12,E17,0,0.983392,0.000295,0.003946,0.012366
bbc_20130322_1150,E18,E19,0,0.956373,0.000976,0.009596,0.033055
bbc_20130322_1150,E18,E20,0,0.958245,0.001367,0.010795,0.029594
bbc_20130322_1150,E18,E21,0,0.983927,0.000208,0.003480,0.012384
bbc_20130322_1150,E19,E23,0,0.813372,0.015164,0.033392,0.138073
bbc_20130322_1150,E19,E24,3,0.264640,0.301902,0.107901,0.325556
bbc_20130322_1150,E20,E23,0,0.739561,0.030755,0.045922,0.183763
bbc_20130322_1150,E20,E24,0,0.329488,0.280638,0.101180,0.288694
bbc_20130322_1150,E21,E23,0,0.653558,0.054154,0.056305,0.235983
bbc_20130322_1150,E21,E24,1,0.198136,0.420961,0.095375,0.285527
bbc_20130322_1150,E28,E29,1,0.000099,0.987917,0.002928,0.009056
bbc_20130322_1150,E28,E30,1,0.155966,0.479598,0.077590,0.286846
bbc_20130322_1150,E29,E34,0,0.997688,0.000011,0.000453,0.001848
bbc_20130322_1150,E30,E34,0,0.948974,0.002450,0.009960,0.038616
bbc_20130322_1150,E34,E53,1,0.000334,0.976316,0.005896,0.017455
bbc_20130322_1150,E34,E35,0,0.956624,0.001577,0.008258,0.033540
bbc_20130322_1150,E53,E36,0,0.971522,0.000725,0.006894,0.020859
bbc_20130322_1150,E35,E36,1,0.006150,0.886225,0.023816,0.083809
bbc_20130322_1150,E36,E39,1,0.000235,0.978237,0.005072,0.016456
bbc_20130322_1150,E36,E40,1,0.001199,0.941881,0.013308,0.043612
bbc_20130322_1150,E39,E41,0,0.993807,0.000067,0.001472,0.004654
bbc_20130322_1150,E39,E42,1,0.311523,0.341891,0.107316,0.239270
bbc_20130322_1150,E39,E43,0,0.988649,0.000175,0.002784,0.008391
bbc_20130322_1150,E40,E41,0,0.974856,0.000605,0.006322,0.018218
bbc_20130322_1150,E40,E42,1,0.008474,0.879523,0.032690,0.079314
bbc_20130322_1150,E40,E43,0,0.900337,0.006718,0.023522,0.069422
bbc_20130322_1150,E41,E44,0,0.754846,0.072980,0.060762,0.111413
bbc_20130322_1150,E42,E44,0,0.993444,0.000099,0.001748,0.004709
bbc_20130322_1150,E43,E44,1,0.309129,0.385048,0.094664,0.211158
bbc_20130322_332,E1,E2,0,0.784750,0.022031,0.039094,0.154125
bbc_20130322_332,E1,E3,0,0.433272,0.210376,0.083785,0.272567
bbc_20130322_332,E1,E4,1,0.000039,0.993459,0.001609,0.004893
bbc_20130322_332,E2,E3,1,0.129954,0.517024,0.090940,0.262082
bbc_20130322_332,E2,E4,1,0.000018,0.995611,0.001031,0.003340
bbc_20130322_332,E3,E4,1,0.000048,0.993648,0.001694,0.004610
bbc_20130322_332,E12,E13,1,0.098253,0.493087,0.079229,0.329430
bbc_20130322_332,E17,E18,1,0.080311,0.565942,0.073180,0.280567
bbc_20130322_332,E22,E23,0,0.993524,0.000042,0.001256,0.005177
bbc_20130322_332,E27,E28,1,0.177012,0.533320,0.091478,0.198190
bbc_20130322_332,E27,E29,0,0.993240,0.000065,0.001475,0.005221
bbc_20130322_332,E28,E29,0,0.992372,0.000078,0.001664,0.005886
bbc_20130322_332,E31,E33,1,0.016808,0.851606,0.042567,0.089020
bbc_20130322_332,E31,E34,1,0.231926,0.476936,0.099873,0.191265
bbc_20130322_332,E31,E35,0,0.341076,0.329704,0.107664,0.221557
bbc_20130322_332,E33,E34,0,0.634999,0.157764,0.070050,0.137187
bbc_20130322_332,E33,E35,0,0.853791,0.026200,0.037585,0.082424
bbc_20130322_332,E34,E35,0,0.726817,0.090644,0.059916,0.122624
bbc_20130322_332,E37,E38,0,0.890776,0.005378,0.022712,0.081134
bbc_20130322_332,E37,E40,0,0.783010,0.018505,0.040518,0.157967
bbc_20130322_332,E38,E40,0,0.379311,0.218138,0.091005,0.311545
bbc_20130322_332,E1,E5,0,0.750548,0.036472,0.043864,0.169115
bbc_20130322_332,E2,E5,0,0.854033,0.010875,0.029804,0.105288
bbc_20130322_332,E3,E5,0,0.922985,0.004656,0.016743,0.055616
bbc_20130322_332,E4,E5,0,0.995638,0.000028,0.000893,0.003441
bbc_20130322_332,E5,E9,1,0.000443,0.968653,0.007499,0.023405
bbc_20130322_332,E9,E11,1,0.121612,0.501935,0.107796,0.268656
bbc_20130322_332,E11,E12,0,0.973224,0.000586,0.006529,0.019662
bbc_20130322_332,E11,E13,0,0.976670,0.000449,0.005499,0.017382
bbc_20130322_332,E12,E17,1,0.001525,0.934956,0.014101,0.049418
bbc_20130322_332,E12,E18,1,0.001080,0.944312,0.011777,0.042830
bbc_20130322_332,E13,E17,1,0.015045,0.803877,0.037808,0.143269
bbc_20130322_332,E13,E18,1,0.016886,0.783619,0.040287,0.159208
bbc_20130322_332,E17,E19,0,0.812929,0.011472,0.031503,0.144096
bbc_20130322_332,E18,E19,0,0.862793,0.006856,0.023944,0.106408
bbc_20130322_332,E19,E22,1,0.014847,0.793248,0.049286,0.142619
bbc_20130322_332,E19,E23,0,0.901564,0.004097,0.020428,0.073911
bbc_20130322_332,E22,E24,0,0.440815,0.177887,0.091744,0.289553
bbc_20130322_332,E23,E24,1,0.000342,0.972122,0.005964,0.021572
bbc_20130322_332,E27,E30,0,0.950380,0.003290,0.013470,0.032860
bbc_20130322_332,E28,E30,0,0.968228,0.001280,0.008377,0.022115
bbc_20130322_332,E29,E30,0,0.687743,0.081818,0.057971,0.172468
bbc_20130322_332,E30,E31,0,0.744920,0.046428,0.053716,0.154937
bbc_20130322_332,E30,E33,1,0.014218,0.874702,0.034858,0.076221
bbc_20130322_332,E30,E34,1,0.090048,0.696404,0.067558,0.145990
bbc_20130322_332,E30,E35,1,0.316238,0.339698,0.100374,0.243690
bbc_20130322_332,E31,E36,1,0.068814,0.694749,0.073563,0.162873
bbc_20130322_332,E33,E36,0,0.907655,0.011714,0.024024,0.056607
bbc_20130322_332,E34,E36,0,0.867248,0.027021,0.032907,0.072825
bbc_20130322_332,E35,E36,0,0.746259,0.077716,0.055983,0.120041
bbc_20130322_332,E36,E37,0,0.986668,0.000206,0.003148,0.009978
bbc_20130322_332,E36,E38,0,0.988984,0.000133,0.002459,0.008424
bbc_20130322_332,E36,E40,0,0.984547,0.000232,0.003517,0.011705
bbc_20130322_1600,E2,E5,0,0.965367,0.000928,0.007356,0.026348
bbc_20130322_1600,E6,E7,1,0.034449,0.815794,0.048699,0.101059
bbc_20130322_1600,E6,E8,0,0.993349,0.000079,0.001570,0.005002
bbc_20130322_1600,E6,E9,0,0.927743,0.008031,0.016997,0.047229
bbc_20130322_1600,E7,E8,0,0.997892,0.000012,0.000452,0.001644
bbc_20130322_1600,E7,E9,0,0.975804,0.000946,0.005563,0.017687
bbc_20130322_1600,E8,E9,1,0.001851,0.956605,0.009246,0.032298
bbc_20130322_1600,E10,E11,0,0.846935,0.019991,0.034669,0.098404
bbc_20130322_1600,E10,E12,0,0.980274,0.000392,0.004606,0.014728
bbc_20130322_1600,E11,E12,0,0.921883,0.004515,0.015700,0.057902
bbc_20130322_1600,E16,E20,0,0.805003,0.018515,0.038028,0.138453
bbc_20130322_1600,E21,E22,0,0.912812,0.004331,0.017829,0.065028
bbc_20130322_1600,E2,E6,0,0.366324,0.279861,0.085712,0.268104
bbc_20130322_1600,E2,E7,1,0.064717,0.726760,0.057806,0.150717
bbc_20130322_1600,E2,E8,0,0.993330,0.000070,0.001513,0.005086
bbc_20130322_1600,E2,E9,0,0.891003,0.011815,0.021492,0.075691
bbc_20130322_1600,E5,E6,1,0.013768,0.858143,0.029503,0.098585
bbc_20130322_1600,E5,E7,1,0.002375,0.946907,0.013309,0.037409
bbc_20130322_1600,E5,E8,0,0.969423,0.001035,0.006365,0.023177
bbc_20130322_1600,E5,E9,1,0.313921,0.339618,0.070946,0.275515
bbc_20130322_1600,E6,E10,1,0.158362,0.574859,0.084341,0.182437
bbc_20130322_1600,E6,E11,0,0.836433,0.030694,0.037649,0.095224
bbc_20130322_1600,E6,E12,0,0.957754,0.002156,0.009680,0.030409
bbc_20130322_1600,E7,E10,0,0.837429,0.030023,0.038286,0.094262
bbc_20130322_1600,E7,E11,0,0.979231,0.000577,0.005196,0.014996
bbc_20130322_1600,E7,E12,0,0.993308,0.000073,0.001541,0.005078
bbc_20130322_1600,E8,E10,1,0.000084,0.990848,0.002348,0.006720
bbc_20130322_1600,E8,E11,1,0.005242,0.924677,0.016768,0.053312
bbc_20130322_1600,E8,E12,1,0.076444,0.692868,0.050705,0.179983
bbc_20130322_1600,E9,E10,1,0.021162,0.854775,0.031728,0.092335
bbc_20130322_1600,E9,E11,0,0.538371,0.181399,0.063917,0.216312
bbc_20130322_1600,E9,E12,0,0.877216,0.016179,0.022350,0.084255
bbc_20130322_1600,E10,E13,0,0.953044,0.002116,0.012229,0.032611
bbc_20130322_1600,E11,E13,0,0.839196,0.021197,0.035257,0.104350
bbc_20130322_1600,E12,E13,0,0.678841,0.077144,0.059106,0.184908
bbc_20130322_1600,E13,E30,0,0.339438,0.260830,0.104573,0.295159
bbc_20130322_1600,E30,E14,0,0.903716,0.005785,0.022090,0.068408
bbc_20130322_1600,E14,E16,0,0.560250,0.110644,0.086125,0.242981
bbc_20130322_1600,E14,E20,0,0.889952,0.004893,0.023914,0.081241
bbc_20130322_1600,E16,E21,0,0.395041,0.196926,0.095070,0.312963
bbc_20130322_1600,E16,E22,0,0.921975,0.003300,0.016416,0.058309
bbc_20130322_1600,E20,E21,0,0.425674,0.152566,0.092362,0.329398
bbc_20130322_1600,E20,E22,0,0.761315,0.022885,0.044186,0.171614
bbc_20130322_1600,E21,E25,0,0.985626,0.000163,0.002951,0.011260
bbc_20130322_1600,E22,E25,0,0.948543,0.001473,0.009801,0.040183
WSJ_20130322_804,E1,E2002,0,0.972629,0.000366,0.005125,0.021880
WSJ_20130322_804,E11,E13,0,0.623437,0.054736,0.058731,0.263096
WSJ_20130322_804,E11,E14,1,0.273133,0.326248,0.090963,0.309657
WSJ_20130322_804,E13,E14,3,0.321182,0.217028,0.085170,0.376619
WSJ_20130322_804,E22,E23,0,0.422865,0.132172,0.086994,0.357969
WSJ_20130322_804,E25,E26,0,0.916434,0.004921,0.021422,0.057223
WSJ_20130322_804,E25,E30,0,0.987512,0.000187,0.003019,0.009282
WSJ_20130322_804,E26,E30,0,0.961218,0.001049,0.008232,0.029502
WSJ_20130322_804,E9,E11,3,0.329395,0.230961,0.095873,0.343770
WSJ_20130322_804,E9,E13,0,0.635154,0.042766,0.055542,0.266539
WSJ_20130322_804,E9,E14,3,0.298765,0.276520,0.091455,0.333260
WSJ_20130322_804,E11,E16,0,0.345897,0.233481,0.088465,0.332156
WSJ_20130322_804,E13,E16,3,0.320899,0.189302,0.083167,0.406632
WSJ_20130322_804,E14,E16,0,0.358948,0.202788,0.082376,0.355888
WSJ_20130322_804,E16,E17,0,0.978093,0.000259,0.004002,0.017646
WSJ_20130322_804,E17,E18,1,0.000150,0.982595,0.003868,0.013387
WSJ_20130322_804,E21,E22,3,0.294862,0.236270,0.094670,0.374198
WSJ_20130322_804,E21,E23,0,0.542378,0.066126,0.074729,0.316766
WSJ_20130322_804,E22,E25,0,0.531561,0.099865,0.078172,0.290402
WSJ_20130322_804,E22,E26,0,0.572902,0.078289,0.071719,0.277091
WSJ_20130322_804,E22,E30,0,0.946429,0.001735,0.011239,0.040598
WSJ_20130322_804,E23,E25,0,0.586550,0.064120,0.067457,0.281873
WSJ_20130322_804,E23,E26,0,0.677594,0.039180,0.053272,0.229955
WSJ_20130322_804,E23,E30,0,0.942084,0.001688,0.011180,0.045049
WSJ_20130322_804,E25,E33,0,0.963120,0.000860,0.008771,0.027249
WSJ_20130322_804,E26,E33,0,0.892920,0.004273,0.019404,0.083403
WSJ_20130322_804,E30,E33,3,0.365353,0.155577,0.086766,0.392304
WSJ_20130322_804,E33,E35,1,0.019030,0.771051,0.046003,0.163917
WSJ_20130318_731,E1,E2,1,0.024454,0.785315,0.058349,0.131882
WSJ_20130318_731,E1,E3,1,0.219619,0.329001,0.126257,0.325124
WSJ_20130318_731,E2,E3,1,0.244246,0.352559,0.110389,0.292806
WSJ_20130318_731,E11,E12,1,0.003585,0.912685,0.018445,0.065285
WSJ_20130318_731,E11,E13,0,0.536894,0.116197,0.087287,0.259622
WSJ_20130318_731,E12,E13,0,0.938338,0.002501,0.013931,0.045230
WSJ_20130318_731,E20,E21,0,0.994207,0.000037,0.001138,0.004617
WSJ_20130318_731,E20,E22,0,0.986567,0.000172,0.002966,0.010295
WSJ_20130318_731,E21,E22,0,0.751052,0.031206,0.049272,0.168470
WSJ_20130318_731,E9,E10,1,0.002470,0.928329,0.019229,0.049971
WSJ_20130318_731,E10,E11,0,0.996090,0.000022,0.000755,0.003134
WSJ_20130318_731,E10,E12,0,0.988426,0.000147,0.002377,0.009050
WSJ_20130318_731,E10,E13,0,0.997518,0.000012,0.000494,0.001977
WSJ_20130318_731,E11,E14,3,0.263366,0.288987,0.101806,0.345841
WSJ_20130318_731,E12,E14,0,0.772486,0.019996,0.044692,0.162826
WSJ_20130318_731,E13,E14,0,0.600497,0.078809,0.077879,0.242815
CNN_20130322_1003,E1,E2,1,0.000563,0.982839,0.005813,0.010785
CNN_20130322_1003,E1,E3,0,0.753580,0.090027,0.050999,0.105394
CNN_20130322_1003,E1,E5,0,0.991691,0.000100,0.001897,0.006312
CNN_20130322_1003,E2,E3,0,0.986235,0.000634,0.004222,0.008910
CNN_20130322_1003,E2,E5,0,0.998300,0.000007,0.000333,0.001360
CNN_20130322_1003,E3,E5,0,0.932742,0.004741,0.013395,0.049122
CNN_20130322_1003,E6,E7,1,0.008087,0.952215,0.014561,0.025137
CNN_20130322_1003,E9,E10,1,0.092971,0.749350,0.041856,0.115823
CNN_20130322_1003,E9,E11,1,0.000034,0.996067,0.001155,0.002743
CNN_20130322_1003,E9,E1000,1,0.000021,0.996896,0.000883,0.002199
CNN_20130322_1003,E10,E11,1,0.000433,0.987497,0.003906,0.008164
CNN_20130322_1003,E10,E1000,1,0.000185,0.991703,0.002597,0.005514
CNN_20130322_1003,E11,E1000,1,0.180256,0.613904,0.067334,0.138507
CNN_20130322_1003,E12,E13,1,0.044344,0.795711,0.050268,0.109677
CNN_20130322_1003,E12,E14,1,0.000150,0.991233,0.002770,0.005847
CNN_20130322_1003,E12,E15,1,0.000227,0.986892,0.003914,0.008966
CNN_20130322_1003,E13,E14,1,0.001429,0.973661,0.008348,0.016561
CNN_20130322_1003,E13,E15,1,0.003866,0.946289,0.015253,0.034592
CNN_20130322_1003,E14,E15,1,0.172658,0.603032,0.067380,0.156930
CNN_20130322_1003,E17,E19,1,0.003234,0.929695,0.020805,0.046266
CNN_20130322_1003,E17,E20,0,0.957747,0.001297,0.009691,0.031264
CNN_20130322_1003,E19,E20,0,0.998479,0.000005,0.000288,0.001228
CNN_20130322_1003,E23,E27,1,0.145970,0.571630,0.071782,0.210618
CNN_20130322_1003,E30,E31,1,0.003836,0.930437,0.020489,0.045237
CNN_20130322_1003,E30,E32,1,0.000017,0.996141,0.000955,0.002888
CNN_20130322_1003,E30,E33,1,0.000014,0.997205,0.000757,0.002024
CNN_20130322_1003,E31,E32,1,0.000050,0.993525,0.001747,0.004679
CNN_20130322_1003,E31,E33,1,0.000038,0.995521,0.001299,0.003142
CNN_20130322_1003,E32,E33,1,0.083316,0.760210,0.054587,0.101886
CNN_20130322_1003,E34,E36,1,0.000012,0.997165,0.000720,0.002103
CNN_20130322_1003,E40,E41,1,0.001229,0.976361,0.007134,0.015276
CNN_20130322_1003,E40,E42,1,0.000143,0.991303,0.002644,0.005910
CNN_20130322_1003,E41,E42,1,0.005887,0.950864,0.014323,0.028926
CNN_20130322_1003,E43,E44,0,0.845440,0.019239,0.030668,0.104652
CNN_20130322_1003,E45,E47,1,0.106482,0.557257,0.086775,0.249486
CNN_20130322_1003,E55,E57,0,0.962500,0.001913,0.009631,0.025956
CNN_20130322_1003,E1,E6,0,0.805018,0.066533,0.045554,0.082895
CNN_20130322_1003,E1,E7,1,0.187439,0.612990,0.072155,0.127416
CNN_20130322_1003,E2,E6,0,0.985626,0.000729,0.004613,0.009032
CNN_20130322_1003,E2,E7,0,0.939619,0.010105,0.018132,0.032143
CNN_20130322_1003,E3,E6,1,0.156745,0.648393,0.065017,0.129844
CNN_20130322_1003,E3,E7,1,0.010485,0.926695,0.021538,0.041283
CNN_20130322_1003,E5,E6,1,0.005112,0.945708,0.015619,0.033561
CNN_20130322_1003,E5,E7,1,0.000292,0.987155,0.004036,0.008518
CNN_20130322_1003,E6,E9,0,0.995615,0.000085,0.001167,0.003132
CNN_20130322_1003,E6,E10,0,0.986218,0.000800,0.003489,0.009493
CNN_20130322_1003,E6,E11,1,0.033537,0.873977,0.030639,0.061847
CNN_20130322_1003,E6,E1000,1,0.014211,0.923689,0.020810,0.041290
CNN_20130322_1003,E7,E9,0,0.997876,0.000020,0.000527,0.001578
CNN_20130322_1003,E7,E10,0,0.995664,0.000086,0.001131,0.003120
CNN_20130322_1003,E7,E11,1,0.240690,0.563310,0.065133,0.130868
CNN_20130322_1003,E7,E1000,1,0.111226,0.736196,0.051417,0.101160
CNN_20130322_1003,E9,E12,1,0.032868,0.856762,0.033475,0.076894
CNN_20130322_1003,E9,E13,1,0.001957,0.964361,0.010149,0.023533
CNN_20130322_1003,E9,E14,1,0.000016,0.997557,0.000712,0.001715
CNN_20130322_1003,E9,E15,1,0.000035,0.995524,0.001248,0.003193
CNN_20130322_1003,E10,E12,0,0.482593,0.303721,0.064410,0.149275
CNN_20130322_1003,E10,E13,1,0.065691,0.785232,0.044701,0.104377
CNN_20130322_1003,E10,E14,1,0.000172,0.992838,0.002282,0.004708
CNN_20130322_1003,E10,E15,1,0.000574,0.983812,0.004700,0.010914
CNN_20130322_1003,E11,E12,0,0.989542,0.000313,0.002968,0.007177
CNN_20130322_1003,E11,E13,0,0.949691,0.004917,0.013565,0.031827
CNN_20130322_1003,E11,E14,1,0.212757,0.597851,0.063516,0.125876
CNN_20130322_1003,E11,E15,0,0.428285,0.324591,0.074483,0.172642
CNN_20130322_1003,E1000,E12,0,0.993093,0.000146,0.001932,0.004829
CNN_20130322_1003,E1000,E13,0,0.973100,0.001603,0.007670,0.017627
CNN_20130322_1003,E1000,E14,0,0.419072,0.377494,0.069320,0.134113
CNN_20130322_1003,E1000,E15,0,0.643403,0.154869,0.061688,0.140039
CNN_20130322_1003,E12,E17,1,0.000624,0.977069,0.007041,0.015266
CNN_20130322_1003,E12,E19,1,0.000065,0.992950,0.001963,0.005021
CNN_20130322_1003,E12,E20,0,0.795031,0.042745,0.040551,0.121673
CNN_20130322_1003,E13,E17,1,0.011881,0.896393,0.027622,0.064104
CNN_20130322_1003,E13,E19,1,0.000265,0.985103,0.004389,0.010243
CNN_20130322_1003,E13,E20,0,0.965944,0.001488,0.007585,0.024983
CNN_20130322_1003,E14,E17,1,0.347268,0.379934,0.080997,0.191800
CNN_20130322_1003,E14,E19,1,0.010893,0.911566,0.023707,0.053834
CNN_20130322_1003,E14,E20,0,0.995580,0.000038,0.000978,0.003403
CNN_20130322_1003,E15,E17,1,0.219366,0.495825,0.080481,0.204327
CNN_20130322_1003,E15,E19,1,0.005157,0.932808,0.018074,0.043961
CNN_20130322_1003,E15,E20,0,0.993572,0.000060,0.001380,0.004987
CNN_20130322_1003,E17,E21,0,0.355092,0.283770,0.099143,0.261995
CNN_20130322_1003,E19,E21,0,0.974828,0.001042,0.006917,0.017212
CNN_20130322_1003,E20,E21,1,0.001628,0.960989,0.010376,0.027007
CNN_20130322_1003,E21,E23,0,0.961255,0.002849,0.010354,0.025542
CNN_20130322_1003,E21,E27,0,0.898091,0.013375,0.024404,0.064130
CNN_20130322_1003,E30,E34,0,0.802594,0.026451,0.048234,0.122721
CNN_20130322_1003,E30,E36,1,0.000183,0.987796,0.003656,0.008365
CNN_20130322_1003,E31,E34,0,0.960646,0.001660,0.009762,0.027932
CNN_20130322_1003,E31,E36,1,0.000643,0.979865,0.006207,0.013285
CNN_20130322_1003,E32,E34,0,0.998326,0.000007,0.000345,0.001322
CNN_20130322_1003,E32,E36,0,0.771624,0.076340,0.050599,0.101438
CNN_20130322_1003,E33,E34,0,0.997582,0.000016,0.000549,0.001853
CNN_20130322_1003,E33,E36,0,0.431986,0.352315,0.074298,0.141402
CNN_20130322_1003,E34,E38,1,0.004975,0.907332,0.022735,0.064959
CNN_20130322_1003,E36,E38,0,0.964362,0.001552,0.008725,0.025361
CNN_20130322_1003,E38,E40,0,0.781222,0.048570,0.044630,0.125579
CNN_20130322_1003,E38,E41,1,0.022580,0.879723,0.031983,0.065714
CNN_20130322_1003,E38,E42,1,0.002305,0.961630,0.011610,0.024455
CNN_20130322_1003,E40,E43,0,0.926395,0.006434,0.015896,0.051275
CNN_20130322_1003,E40,E44,0,0.987987,0.000231,0.002631,0.009152
CNN_20130322_1003,E41,E43,0,0.986876,0.000340,0.003219,0.009565
CNN_20130322_1003,E41,E44,0,0.996921,0.000024,0.000686,0.002369
CNN_20130322_1003,E42,E43,0,0.994368,0.000062,0.001315,0.004254
CNN_20130322_1003,E42,E44,0,0.998256,0.000008,0.000357,0.001378
CNN_20130322_1003,E43,E45,1,0.213404,0.339967,0.107551,0.339078
CNN_20130322_1003,E43,E47,1,0.071326,0.674494,0.065769,0.188411
CNN_20130322_1003,E44,E45,1,0.030515,0.724108,0.057218,0.188158
CNN_20130322_1003,E44,E47,1,0.004363,0.918964,0.019120,0.057553
CNN_20130322_1003,E45,E48,0,0.543094,0.079979,0.085376,0.291551
CNN_20130322_1003,E47,E48,0,0.824448,0.019762,0.037138,0.118651
CNN_20130322_1003,E48,E50,0,0.915593,0.003821,0.018215,0.062371
CNN_20130322_1003,E50,E51,1,0.001238,0.949831,0.011341,0.037590
CNN_20130322_1003,E51,E52,0,0.740472,0.022897,0.045065,0.191566
CNN_20130322_1003,E52,E53,0,0.979504,0.000239,0.004117,0.016139
CNN_20130322_1003,E53,E55,1,0.024547,0.761144,0.054166,0.160143
