WSJ_20130322_159,E5,E6,1,0.002370,0.940043,0.015139,0.042448
WSJ_20130322_159,E5,E10,0,0.541280,0.128379,0.088323,0.242018
WSJ_20130322_159,E5,E11,0,0.762645,0.036820,0.049093,0.151443
WSJ_20130322_159,E6,E10,0,0.654714,0.056069,0.065738,0.223480
WSJ_20130322_159,E6,E11,0,0.881674,0.007693,0.024721,0.085913
WSJ_20130322_159,E10,E11,0,0.444384,0.155266,0.096762,0.303589
WSJ_20130322_159,E12,E14,1,0.019116,0.770134,0.043542,0.167209
WSJ_20130322_159,E18,E19,1,0.123304,0.444035,0.103911,0.328751
WSJ_20130322_159,E20,E22,1,0.000075,0.988614,0.002667,0.008644
WSJ_20130322_159,E29,E31,0,0.929229,0.002141,0.013376,0.055253
WSJ_20130322_159,E29,E34,1,0.008744,0.844052,0.031023,0.116181
WSJ_20130322_159,E29,E37,0,0.931475,0.002807,0.014671,0.051047
WSJ_20130322_159,E31,E34,1,0.000596,0.956039,0.008788,0.034576
WSJ_20130322_159,E31,E37,0,0.617424,0.061616,0.066929,0.254031
WSJ_20130322_159,E34,E37,0,0.993205,0.000047,0.001452,0.005296
WSJ_20130322_159,E38,E39,1,0.001274,0.938804,0.013792,0.046131
WSJ_20130322_159,E38,E40,1,0.010472,0.780353,0.042509,0.166666
WSJ_20130322_159,E39,E40,1,0.122235,0.484824,0.086641,0.306300
WSJ_20130322_159,E42,E44,1,0.000086,0.983584,0.002996,0.013335
WSJ_20130322_159,E46,E47,1,0.000945,0.944835,0.011530,0.042690
WSJ_20130322_159,E46,E49,1,0.043132,0.649602,0.062105,0.245161
WSJ_20130322_159,E47,E49,0,0.558072,0.088385,0.064290,0.289253
WSJ_20130322_159,E1,E5,1,0.005926,0.892577,0.025389,0.076108
WSJ_20130322_159,E1,E6,1,0.000426,0.970461,0.007208,0.021904
WSJ_20130322_159,E1,E10,1,0.059292,0.602750,0.080918,0.257039
WSJ_20130322_159,E1,E11,1,0.151087,0.424108,0.099783,0.325021
WSJ_20130322_159,E5,E12,0,0.982615,0.000281,0.004148,0.012957
WSJ_20130322_159,E5,E14,0,0.617965,0.090859,0.065527,0.225650
WSJ_20130322_159,E6,E12,0,0.983995,0.000176,0.003368,0.012461
WSJ_20130322_159,E6,E14,0,0.494275,0.123465,0.074489,0.307770
WSJ_20130322_159,E10,E12,0,0.928702,0.002683,0.016025,0.052590
WSJ_20130322_159,E10,E14,1,0.066669,0.587233,0.074002,0.272095
WSJ_20130322_159,E11,E12,0,0.809435,0.014530,0.038804,0.137231
WSJ_20130322_159,E11,E14,1,0.014141,0.773266,0.042988,0.169606
WSJ_20130322_159,E12,E18,0,0.974151,0.000276,0.004743,0.020830
WSJ_20130322_159,E12,E19,0,0.603666,0.076571,0.079563,0.240199
WSJ_20130322_159,E14,E18,0,0.995938,0.000011,0.000631,0.003420
WSJ_20130322_159,E14,E19,0,0.936523,0.002251,0.013944,0.047282
WSJ_20130322_159,E18,E20,1,0.000555,0.960372,0.009169,0.029903
WSJ_20130322_159,E18,E22,1,0.000008,0.996636,0.000695,0.002661
WSJ_20130322_159,E19,E20,1,0.000371,0.970954,0.007136,0.021538
WSJ_20130322_159,E19,E22,1,0.000009,0.996744,0.000699,0.002549
WSJ_20130322_159,E20,E26,1,0.013276,0.830855,0.039353,0.116516
WSJ_20130322_159,E22,E26,0,0.960014,0.001921,0.011066,0.026998
WSJ_20130322_159,E26,E29,0,0.986175,0.000143,0.002986,0.010697
WSJ_20130322_159,E26,E31,0,0.995432,0.000020,0.000854,0.003694
WSJ_20130322_159,E26,E34,0,0.769590,0.028991,0.048989,0.152430
WSJ_20130322_159,E26,E37,0,0.994068,0.000043,0.001325,0.004565
WSJ_20130322_159,E29,E38,0,0.447934,0.142074,0.085121,0.324871
WSJ_20130322_159,E29,E39,1,0.002341,0.925108,0.016572,0.055979
WSJ_20130322_159,E29,E40,1,0.002571,0.903278,0.019637,0.074514
WSJ_20130322_159,E31,E38,1,0.047355,0.600046,0.068380,0.284219
WSJ_20130322_159,E31,E39,1,0.000207,0.977623,0.004807,0.017362
WSJ_20130322_159,E31,E40,1,0.000314,0.967485,0.006330,0.025872
WSJ_20130322_159,E34,E38,0,0.961359,0.000854,0.008232,0.029555
WSJ_20130322_159,E34,E39,1,0.280215,0.325411,0.093153,0.301221
WSJ_20130322_159,E34,E40,3,0.216888,0.313317,0.099144,0.370651
WSJ_20130322_159,E37,E38,1,0.027566,0.701747,0.056620,0.214066
WSJ_20130322_159,E37,E39,1,0.000130,0.983865,0.003694,0.012311
WSJ_20130322_159,E37,E40,1,0.000199,0.976419,0.004896,0.018486
WSJ_20130322_159,E38,E42,0,0.933960,0.001673,0.013842,0.050525
WSJ_20130322_159,E38,E44,1,0.004363,0.862900,0.025461,0.107276
WSJ_20130322_159,E39,E42,0,0.988025,0.000111,0.002547,0.009317
WSJ_20130322_159,E39,E44,1,0.056113,0.646043,0.061330,0.236513
WSJ_20130322_159,E40,E42,0,0.981204,0.000153,0.003459,0.015184
WSJ_20130322_159,E40,E44,1,0.058405,0.517647,0.076484,0.347464
WSJ_20130322_159,E42,E46,3,0.165105,0.325908,0.097137,0.411850
WSJ_20130322_159,E42,E47,1,0.024764,0.695728,0.050585,0.228923
WSJ_20130322_159,E42,E49,1,0.133905,0.423747,0.079825,0.362523
WSJ_20130322_159,E44,E46,0,0.989861,0.000061,0.001857,0.008222
WSJ_20130322_159,E44,E47,0,0.917778,0.002705,0.014358,0.065159
WSJ_20130322_159,E44,E49,0,0.980466,0.000207,0.003530,0.015796
WSJ_20130322_159,E46,E55,0,0.672536,0.056127,0.063494,0.207843
WSJ_20130322_159,E47,E55,0,0.923454,0.003817,0.014916,0.057813
WSJ_20130322_159,E49,E55,0,0.878566,0.011243,0.022582,0.087608
nyt_20130322_strange_computer,E8,E11,0,0.995861,0.000023,0.000896,0.003220
nyt_20130322_strange_computer,E14,E16,1,0.000204,0.980838,0.004842,0.014115
nyt_20130322_strange_computer,E19,E22,0,0.793632,0.021937,0.043637,0.140794
nyt_20130322_strange_computer,E19,E23,1,0.022112,0.811139,0.045411,0.121338
nyt_20130322_strange_computer,E22,E23,1,0.031876,0.748657,0.059859,0.159608
nyt_20130322_strange_computer,E6,E8,1,0.216864,0.440598,0.095842,0.246696
nyt_20130322_strange_computer,E6,E11,0,0.997631,0.000008,0.000461,0.001900
nyt_20130322_strange_computer,E8,E14,0,0.996666,0.000017,0.000718,0.002599
nyt_20130322_strange_computer,E8,E16,1,0.266384,0.367153,0.106502,0.259961
nyt_20130322_strange_computer,E11,E14,0,0.776534,0.018393,0.047401,0.157672
nyt_20130322_strange_computer,E11,E16,1,0.000246,0.977700,0.005459,0.016595
nyt_20130322_strange_computer,E14,E19,3,0.275916,0.272167,0.111088,0.340829
nyt_20130322_strange_computer,E14,E22,0,0.439938,0.139560,0.106044,0.314458
nyt_20130322_strange_computer,E14,E23,1,0.006934,0.871602,0.033269,0.088194
nyt_20130322_strange_computer,E16,E19,0,0.986221,0.000162,0.003219,0.010399
nyt_20130322_strange_computer,E16,E22,0,0.987764,0.000116,0.002665,0.009455
nyt_20130322_strange_computer,E16,E23,0,0.904890,0.006195,0.024629,0.064287
nyt_20130322_strange_computer,E19,E24,0,0.854934,0.013371,0.031007,0.100688
nyt_20130322_strange_computer,E22,E24,0,0.817324,0.017039,0.039177,0.126460
nyt_20130322_strange_computer,E23,E24,0,0.896203,0.008179,0.024816,0.070802
CNN_20130321_821,E4,E5,1,0.063134,0.607240,0.076390,0.253235
CNN_20130321_821,E5,E8,0,0.877829,0.006622,0.025037,0.090512
CNN_20130321_821,E8,E1000,0,0.855859,0.006204,0.031853,0.106085
CNN_20130321_821,E1002,E20,0,0.842552,0.008582,0.035966,0.112900
nyt_20130321_cyprus,E2,E5,0,0.796689,0.032570,0.054482,0.116259
nyt_20130321_cyprus,E7,E2009,1,0.004458,0.887979,0.025081,0.082482
nyt_20130321_cyprus,E13,E15,0,0.846475,0.008054,0.030913,0.114558
nyt_20130321_cyprus,E22,E23,1,0.155793,0.395222,0.087121,0.361863
nyt_20130321_cyprus,E22,E24,1,0.000035,0.992630,0.001644,0.005690
nyt_20130321_cyprus,E23,E24,1,0.000304,0.973606,0.006038,0.020052
nyt_20130321_cyprus,E33,E35,0,0.710489,0.051640,0.057162,0.180710
nyt_20130321_cyprus,E41,E42,1,0.036847,0.699991,0.068142,0.195019
nyt_20130321_cyprus,E46,E47,0,0.988351,0.000123,0.002680,0.008846
nyt_20130321_cyprus,E48,E51,0,0.975579,0.000348,0.005387,0.018685
nyt_20130321_cyprus,E2,E7,0,0.918787,0.003620,0.020094,0.057499
nyt_20130321_cyprus,E2,E2009,0,0.728414,0.036861,0.062616,0.172110
nyt_20130321_cyprus,E5,E7,0,0.581755,0.088517,0.093599,0.236129
nyt_20130321_cyprus,E5,E2009,1,0.214302,0.362165,0.124519,0.299014
nyt_20130321_cyprus,E7,E9,1,0.000157,0.983540,0.004060,0.012244
nyt_20130321_cyprus,E2009,E9,1,0.018737,0.756354,0.058940,0.165969
nyt_20130321_cyprus,E10,E13,0,0.990050,0.000114,0.002435,0.007400
nyt_20130321_cyprus,E10,E15,0,0.992903,0.000046,0.001463,0.005588
nyt_20130321_cyprus,E13,E21,0,0.788424,0.023768,0.045835,0.141973
nyt_20130321_cyprus,E15,E21,0,0.707730,0.036064,0.057414,0.198792
nyt_20130321_cyprus,E21,E22,0,0.924533,0.003354,0.016132,0.055981
nyt_20130321_cyprus,E21,E23,0,0.500957,0.111772,0.077235,0.310036
nyt_20130321_cyprus,E21,E24,1,0.000084,0.988126,0.002791,0.009000
nyt_20130321_cyprus,E22,E25,1,0.000178,0.981376,0.004465,0.013982
nyt_20130321_cyprus,E23,E25,1,0.003478,0.895692,0.023155,0.077675
nyt_20130321_cyprus,E24,E25,0,0.890491,0.008470,0.029035,0.072004
nyt_20130321_cyprus,E33,E36,0,0.564876,0.082538,0.076075,0.276511
nyt_20130321_cyprus,E35,E36,3,0.332012,0.212272,0.087697,0.368018
nyt_20130321_cyprus,E36,E41,0,0.871658,0.005068,0.025239,0.098036
nyt_20130321_cyprus,E36,E42,1,0.074882,0.586483,0.076593,0.262041
nyt_20130321_cyprus,E46,E48,0,0.450635,0.161726,0.092226,0.295413
nyt_20130321_cyprus,E46,E51,0,0.987208,0.000134,0.002875,0.009784
nyt_20130321_cyprus,E47,E48,1,0.000424,0.969930,0.007314,0.022331
nyt_20130321_cyprus,E47,E51,0,0.609965,0.084982,0.077038,0.228015
nyt_20130321_cyprus,E48,E57,1,0.000185,0.980934,0.004573,0.014308
nyt_20130321_cyprus,E51,E57,1,0.000006,0.997349,0.000545,0.002101
bbc_20130322_1353,E1,E5,1,0.000092,0.988490,0.002894,0.008524
bbc_20130322_1353,E8,E10,1,0.000061,0.989967,0.002301,0.007671
bbc_20130322_1353,E15,E16,1,0.009122,0.808966,0.037275,0.144638
bbc_20130322_1353,E19,E20,1,0.000036,0.993720,0.001590,0.004654
bbc_20130322_1353,E19,E21,1,0.001033,0.965863,0.009654,0.023450
bbc_20130322_1353,E20,E21,1,0.078503,0.740970,0.059846,0.120682
bbc_20130322_1353,E23,E25,3,0.260862,0.275576,0.096891,0.366671
bbc_20130322_1353,E23,E26,1,0.016279,0.796989,0.043360,0.143373
bbc_20130322_1353,E23,E27,1,0.000883,0.958177,0.009823,0.031118
bbc_20130322_1353,E25,E26,1,0.000221,0.978778,0.004727,0.016274
bbc_20130322_1353,E25,E27,1,0.000019,0.994839,0.001127,0.004015
bbc_20130322_1353,E26,E27,1,0.000864,0.957139,0.009861,0.032136
bbc_20130322_1353,E28,E29,1,0.000049,0.991086,0.002037,0.006828
bbc_20130322_1353,E28,E31,1,0.000242,0.978150,0.005121,0.016487
bbc_20130322_1353,E29,E31,1,0.089868,0.661192,0.062791,0.186148
bbc_20130322_1353,E33,E34,0,0.949922,0.001394,0.011115,0.037569
bbc_20130322_1353,E35,E36,0,0.921091,0.005582,0.018217,0.055110
bbc_20130322_1353,E35,E37,1,0.002601,0.915258,0.018940,0.063201
bbc_20130322_1353,E36,E37,1,0.000667,0.956838,0.009116,0.033379
bbc_20130322_1353,E1,E8,0,0.499293,0.099311,0.084829,0.316567
bbc_20130322_1353,E1,E10,1,0.000085,0.988899,0.002758,0.008258
bbc_20130322_1353,E5,E8,0,0.992802,0.000050,0.001523,0.005625
bbc_20130322_1353,E5,E10,1,0.094451,0.637031,0.080954,0.187564
bbc_20130322_1353,E8,E11,3,0.224311,0.264452,0.098919,0.412319
bbc_20130322_1353,E10,E11,0,0.989173,0.000105,0.002430,0.008291
bbc_20130322_1353,E11,E13,1,0.125902,0.422465,0.100312,0.351321
bbc_20130322_1353,E13,E15,0,0.976451,0.000359,0.005354,0.017836
bbc_20130322_1353,E13,E16,0,0.890378,0.006110,0.023473,0.080039
bbc_20130322_1353,E15,E17,1,0.047135,0.588359,0.071092,0.293415
bbc_20130322_1353,E16,E17,3,0.185982,0.290022,0.101574,0.422421
bbc_20130322_1353,E17,E19,1,0.001563,0.942077,0.013918,0.042441
bbc_20130322_1353,E17,E20,1,0.000013,0.996271,0.000875,0.002841
bbc_20130322_1353,E17,E21,1,0.000056,0.991728,0.002118,0.006098
bbc_20130322_1353,E19,E23,0,0.960096,0.001076,0.008880,0.029948
bbc_20130322_1353,E19,E25,0,0.987222,0.000135,0.002676,0.009967
bbc_20130322_1353,E19,E26,0,0.360900,0.255173,0.089491,0.294436
bbc_20130322_1353,E19,E27,1,0.018755,0.820157,0.037917,0.123171
bbc_20130322_1353,E20,E23,0,0.995007,0.000038,0.001187,0.003767
bbc_20130322_1353,E20,E25,0,0.996280,0.000021,0.000832,0.002867
bbc_20130322_1353,E20,E26,0,0.949019,0.003130,0.012862,0.034989
bbc_20130322_1353,E20,E27,0,0.645017,0.113959,0.064644,0.176380
bbc_20130322_1353,E21,E23,0,0.986088,0.000282,0.003674,0.009956
bbc_20130322_1353,E21,E25,0,0.991306,0.000112,0.002195,0.006387
bbc_20130322_1353,E21,E26,0,0.788027,0.048332,0.046765,0.116876
bbc_20130322_1353,E21,E27,1,0.182696,0.549708,0.076579,0.191016
bbc_20130322_1353,E23,E28,0,0.793960,0.021704,0.041477,0.142859
bbc_20130322_1353,E23,E29,1,0.006314,0.899781,0.024542,0.069363
bbc_20130322_1353,E23,E31,1,0.054353,0.732023,0.053093,0.160530
bbc_20130322_1353,E25,E28,0,0.325489,0.267748,0.085727,0.321036
bbc_20130322_1353,E25,E29,1,0.000409,0.975428,0.005959,0.018204
bbc_20130322_1353,E25,E31,1,0.003088,0.938921,0.013948,0.044044
bbc_20130322_1353,E26,E28,0,0.886220,0.007083,0.023533,0.083164
bbc_20130322_1353,E26,E29,1,0.029634,0.786840,0.047129,0.136398
bbc_20130322_1353,E26,E31,1,0.184309,0.494579,0.080367,0.240746
bbc_20130322_1353,E27,E28,0,0.973442,0.000476,0.005698,0.020383
bbc_20130322_1353,E27,E29,1,0.260245,0.391177,0.088353,0.260225
bbc_20130322_1353,E27,E31,0,0.647541,0.102727,0.061648,0.188085
bbc_20130322_1353,E28,E33,1,0.017077,0.766007,0.045357,0.171559
bbc_20130322_1353,E28,E34,3,0.199787,0.345940,0.090107,0.364166
bbc_20130322_1353,E29,E33,0,0.747874,0.033995,0.047709,0.170422
bbc_20130322_1353,E29,E34,0,0.973089,0.000498,0.005640,0.020773
bbc_20130322_1353,E31,E33,0,0.725692,0.046979,0.050121,0.177208
bbc_20130322_1353,E31,E34,0,0.954540,0.001577,0.009276,0.034607
bbc_20130322_1353,E33,E35,0,0.993095,0.000055,0.001561,0.005289
bbc_20130322_1353,E33,E36,0,0.993641,0.000049,0.001450,0.004859
bbc_20130322_1353,E33,E37,0,0.968014,0.000627,0.007496,0.023863
bbc_20130322_1353,E34,E35,0,0.926399,0.003320,0.015535,0.054747
bbc_20130322_1353,E34,E36,0,0.985706,0.000156,0.003120,0.011018
bbc_20130322_1353,E34,E37,0,0.520422,0.107747,0.081150,0.290680
nyt_20130321_women_senate,E1000009,E2,0,0.808723,0.027973,0.035011,0.128293
nyt_20130321_women_senate,E4,E5,1,0.000115,0.985133,0.003387,0.011365
nyt_20130321_women_senate,E4,E6,1,0.165217,0.436583,0.080371,0.317829
nyt_20130321_women_senate,E5,E6,0,0.956816,0.001355,0.008605,0.033224
nyt_20130321_women_senate,E9,E10,0,0.993816,0.000044,0.001353,0.004788
nyt_20130321_women_senate,E11,E12,0,0.963372,0.000932,0.009652,0.026044
nyt_20130321_women_senate,E14,E15,1,0.095263,0.543149,0.091227,0.270360
nyt_20130321_women_senate,E16,E17,3,0.212455,0.336816,0.089947,0.360782
nyt_20130321_women_senate,E19,E20,1,0.000060,0.989714,0.002326,0.007900
nyt_20130321_women_senate,E19,E21,1,0.000397,0.969595,0.007139,0.022870
nyt_20130321_women_senate,E20,E21,0,0.470023,0.163125,0.090031,0.276821
nyt_20130321_women_senate,E23,E24,0,0.952130,0.001532,0.010947,0.035391
nyt_20130321_women_senate,E26,E27,0,0.889820,0.008734,0.028950,0.072495
nyt_20130321_women_senate,E26,E1000014,0,0.901493,0.006755,0.026931,0.064822
nyt_20130321_women_senate,E27,E1000014,1,0.058987,0.625786,0.084797,0.230430
nyt_20130321_women_senate,E37,E1000015,3,0.113996,0.380374,0.094488,0.411142
nyt_20130321_women_senate,E40,E41,0,0.981551,0.000212,0.003729,0.014508
nyt_20130321_women_senate,E40,E42,0,0.810384,0.024257,0.039920,0.125439
nyt_20130321_women_senate,E41,E42,1,0.073308,0.609998,0.074142,0.242552
nyt_20130321_women_senate,E43,E47,0,0.995238,0.000020,0.000867,0.003875
nyt_20130321_women_senate,E43,E48,0,0.987551,0.000104,0.002520,0.009825
nyt_20130321_women_senate,E47,E48,0,0.449847,0.121318,0.094733,0.334101
nyt_20130321_women_senate,E49,E50,0,0.965640,0.000688,0.006998,0.026675
nyt_20130321_women_senate,E49,E53,1,0.007860,0.885888,0.027110,0.079142
nyt_20130321_women_senate,E50,E53,1,0.000259,0.978248,0.005241,0.016252
nyt_20130321_women_senate,E1000009,E4,0,0.784330,0.035462,0.041162,0.139045
nyt_20130321_women_senate,E1000009,E5,1,0.000150,0.984698,0.003735,0.011417
nyt_20130321_women_senate,E1000009,E6,1,0.168955,0.495232,0.072377,0.263436
nyt_20130321_women_senate,E2,E4,0,0.848998,0.010341,0.027709,0.112951
nyt_20130321_women_senate,E2,E5,1,0.000462,0.965249,0.007386,0.026902
nyt_20130321_women_senate,E2,E6,0,0.513663,0.118617,0.069598,0.298122
nyt_20130321_women_senate,E4,E7,0,0.945451,0.001923,0.011717,0.040908
nyt_20130321_women_senate,E5,E7,0,0.997484,0.000009,0.000501,0.002005
nyt_20130321_women_senate,E6,E7,0,0.988077,0.000195,0.002679,0.009049
nyt_20130321_women_senate,E7,E8,1,0.000794,0.959050,0.009054,0.031102
nyt_20130321_women_senate,E8,E9,0,0.987515,0.000133,0.002821,0.009531
nyt_20130321_women_senate,E8,E10,0,0.999085,0.000002,0.000160,0.000753
nyt_20130321_women_senate,E11,E1000012,0,0.921574,0.003321,0.017625,0.057479
nyt_20130321_women_senate,E12,E1000012,1,0.205700,0.366835,0.093239,0.334226
nyt_20130321_women_senate,E14,E16,0,0.950151,0.001882,0.011554,0.036412
nyt_20130321_women_senate,E14,E17,0,0.948248,0.001556,0.011381,0.038815
nyt_20130321_women_senate,E15,E16,0,0.962575,0.000857,0.008705,0.027862
nyt_20130321_women_senate,E15,E17,0,0.960376,0.000787,0.008790,0.030047
nyt_20130321_women_senate,E16,E19,3,0.335948,0.226148,0.090003,0.347901
nyt_20130321_women_senate,E16,E20,1,0.000061,0.989138,0.002385,0.008416
nyt_20130321_women_senate,E16,E21,1,0.000538,0.962138,0.008445,0.028878
nyt_20130321_women_senate,E17,E19,0,0.556372,0.089299,0.073055,0.281275
nyt_20130321_women_senate,E17,E20,1,0.000146,0.982105,0.004004,0.013746
nyt_20130321_women_senate,E17,E21,1,0.001503,0.932437,0.014932,0.051127
nyt_20130321_women_senate,E19,E22,1,0.042241,0.679111,0.057971,0.220678
nyt_20130321_women_senate,E20,E22,0,0.932536,0.003080,0.013948,0.050436
nyt_20130321_women_senate,E21,E22,0,0.822458,0.014562,0.034140,0.128839
nyt_20130321_women_senate,E22,E23,0,0.921421,0.002872,0.014702,0.061006
nyt_20130321_women_senate,E22,E24,0,0.996087,0.000015,0.000724,0.003174
nyt_20130321_women_senate,E23,E25,0,0.928201,0.002154,0.015132,0.054513
nyt_20130321_women_senate,E24,E25,3,0.264818,0.227445,0.097497,0.410240
nyt_20130321_women_senate,E25,E26,1,0.000104,0.986727,0.003195,0.009974
nyt_20130321_women_senate,E25,E27,1,0.007454,0.851879,0.034083,0.106584
nyt_20130321_women_senate,E25,E1000014,1,0.007340,0.850097,0.034919,0.107644
nyt_20130321_women_senate,E26,E29,0,0.826721,0.017506,0.043198,0.112575
nyt_20130321_women_senate,E27,E29,1,0.052602,0.619748,0.084612,0.243038
nyt_20130321_women_senate,E1000014,E29,1,0.056537,0.611695,0.085656,0.246112
nyt_20130321_women_senate,E29,E36,0,0.986424,0.000135,0.002926,0.010515
nyt_20130321_women_senate,E36,E37,0,0.736078,0.023657,0.046307,0.193958
nyt_20130321_women_senate,E36,E1000015,0,0.411405,0.126156,0.087572,0.374868
nyt_20130321_women_senate,E37,E40,1,0.000063,0.987765,0.002487,0.009685
nyt_20130321_women_senate,E37,E41,1,0.016389,0.720128,0.047852,0.215631
nyt_20130321_women_senate,E37,E42,1,0.000675,0.955864,0.009991,0.033470
nyt_20130321_women_senate,E1000015,E40,1,0.000698,0.952205,0.009642,0.037455
nyt_20130321_women_senate,E1000015,E41,3,0.329266,0.153161,0.091926,0.425648
nyt_20130321_women_senate,E1000015,E42,1,0.009425,0.817739,0.037198,0.135638
nyt_20130321_women_senate,E40,E43,0,0.732135,0.038592,0.045540,0.183734
nyt_20130321_women_senate,E40,E47,0,0.992052,0.000050,0.001555,0.006343
nyt_20130321_women_senate,E40,E48,0,0.982309,0.000197,0.003768,0.013726
nyt_20130321_women_senate,E41,E43,1,0.046649,0.653850,0.057544,0.241958
nyt_20130321_women_senate,E41,E47,0,0.890892,0.004909,0.020272,0.083927
nyt_20130321_women_senate,E41,E48,0,0.787675,0.016199,0.041531,0.154595
nyt_20130321_women_senate,E42,E43,0,0.362455,0.269175,0.085883,0.282487
nyt_20130321_women_senate,E42,E47,0,0.981066,0.000307,0.004385,0.014242
nyt_20130321_women_senate,E42,E48,0,0.956773,0.001261,0.010671,0.031295
nyt_20130321_women_senate,E43,E49,1,0.164958,0.438911,0.087495,0.308635
nyt_20130321_women_senate,E43,E50,0,0.968924,0.000547,0.005911,0.024618
nyt_20130321_women_senate,E43,E53,1,0.006217,0.895796,0.023359,0.074627
nyt_20130321_women_senate,E47,E49,1,0.000260,0.976091,0.005554,0.018094
nyt_20130321_women_senate,E47,E50,1,0.166647,0.400797,0.088093,0.344463
nyt_20130321_women_senate,E47,E53,1,0.000025,0.994142,0.001328,0.004505
nyt_20130321_women_senate,E48,E49,1,0.001086,0.947486,0.012929,0.038499
nyt_20130321_women_senate,E48,E50,0,0.432039,0.148436,0.091485,0.328041
nyt_20130321_women_senate,E48,E53,1,0.000098,0.987634,0.003040,0.009228
bbc_20130322_1150,E1,E2,0,0.988315,0.000304,0.003405,0.007975
bbc_20130322_1150,E6,E7,1,0.028058,0.689182,0.063890,0.218870
bbc_20130322_1150,E8,E10,1,0.009336,0.888483,0.029408,0.072773
bbc_20130322_1150,E8,E11,0,0.745265,0.048675,0.064953,0.141108
bbc_20130322_1150,E10,E11,0,0.865946,0.013914,0.039108,0.081032
bbc_20130322_1150,E14,E15,1,0.017968,0.792625,0.041712,0.147695
bbc_20130322_1150,E14,E17,1,0.028560,0.744318,0.050069,0.177053
bbc_20130322_1150,E15,E17,3,0.310221,0.255526,0.097342,0.336911
bbc_20130322_1150,E19,E20,1,0.122768,0.448541,0.091056,0.337635
bbc_20130322_1150,E19,E21,0,0.961273,0.000809,0.008181,0.029737
bbc_20130322_1150,E20,E21,0,0.977401,0.000322,0.004574,0.017702
bbc_20130322_1150,E23,E24,1,0.249579,0.361358,0.110543,0.278520
bbc_20130322_1150,E29,E30,0,0.993227,0.000052,0.001513,0.005208
bbc_20130322_1150,E53,E35,0,0.999003,0.000003,0.000209,0.000785
bbc_20130322_1150,E39,E40,0,0.989358,0.000094,0.002316,0.008232
bbc_20130322_1150,E41,E42,1,0.000015,0.995791,0.000974,0.003221
bbc_20130322_1150,E41,E43,0,0.634398,0.097234,0.074894,0.193473
bbc_20130322_1150,E42,E43,0,0.995584,0.000037,0.001127,0.003252
bbc_20130322_1150,E1,E3,0,0.998179,0.000009,0.000442,0.001370
bbc_20130322_1150,E2,E3,0,0.911856,0.012289,0.021120,0.054735
bbc_20130322_1150,E3,E4,1,0.000929,0.963365,0.009495,0.026211
bbc_20130322_1150,E4,E6,0,0.998187,0.000005,0.000329,0.001478
bbc_20130322_1150,E4,E7,0,0.987591,0.000112,0.002629,0.009668
bbc_20130322_1150,E6,E8,1,0.000139,0.983543,0.003849,0.012469
bbc_20130322_1150,E6,E10,1,0.000041,0.992031,0.001806,0.006122
bbc_20130322_1150,E6,E11,1,0.000494,0.968593,0.008162,0.022751
bbc_20130322_1150,E7,E8,1,0.051151,0.693092,0.066048,0.189709
bbc_20130322_1150,E7,E10,1,0.003058,0.924123,0.020167,0.052651
bbc_20130322_1150,E7,E11,1,0.083782,0.606685,0.094859,0.214674
bbc_20130322_1150,E8,E12,0,0.884551,0.010680,0.027458,0.077310
bbc_20130322_1150,E10,E12,0,0.960492,0.001407,0.010547,0.027554
bbc_20130322_1150,E11,E12,0,0.459553,0.151231,0.110120,0.279096
bbc_20130322_1150,E12,E14,0,0.974005,0.000497,0.006501,0.018997
bbc_20130322_1150,E12,E15,0,0.840921,0.010302,0.034976,0.113801
bbc_20130322_1150,E12,E17,0,0.895859,0.004915,0.022810,0.076416
bbc_20130322_1150,E18,E19,0,0.898334,0.004158,0.021611,0.075897
bbc_20130322_1150,E18,E20,0,0.680523,0.042022,0.066697,0.210758
bbc_20130322_1150,E18,E21,0,0.971945,0.000453,0.006368,0.021234
bbc_20130322_1150,E19,E23,0,0.839703,0.011321,0.033740,0.115236
bbc_20130322_1150,E19,E24,1,0.171317,0.395816,0.110602,0.322265
bbc_20130322_1150,E20,E23,0,0.934084,0.002528,0.013685,0.049702
bbc_20130322_1150,E20,E24,0,0.484517,0.157512,0.092881,0.265091
bbc_20130322_1150,E21,E23,0,0.429955,0.166132,0.086965,0.316948
bbc_20130322_1150,E21,E24,1,0.015066,0.818706,0.042847,0.123381
bbc_20130322_1150,E28,E29,1,0.000023,0.994238,0.001276,0.004463
bbc_20130322_1150,E28,E30,1,0.030085,0.723482,0.053009,0.193423
bbc_20130322_1150,E29,E34,0,0.999223,0.000001,0.000146,0.000629
bbc_20130322_1150,E30,E34,0,0.982958,0.000290,0.003722,0.013030
bbc_20130322_1150,E34,E53,1,0.000108,0.987056,0.003194,0.009642
bbc_20130322_1150,E34,E35,0,0.944682,0.001865,0.011402,0.042050
bbc_20130322_1150,E53,E36,0,0.996884,0.000018,0.000717,0.002381
bbc_20130322_1150,E35,E36,1,0.012084,0.809801,0.039123,0.138993
bbc_20130322_1150,E36,E39,1,0.000532,0.964690,0.008616,0.026163
bbc_20130322_1150,E36,E40,1,0.097172,0.502438,0.093860,0.306530
bbc_20130322_1150,E39,E41,0,0.995578,0.000028,0.000990,0.003404
bbc_20130322_1150,E39,E42,1,0.006520,0.874323,0.031147,0.088010
bbc_20130322_1150,E39,E43,0,0.985115,0.000208,0.003673,0.011004
bbc_20130322_1150,E40,E41,0,0.906214,0.005246,0.021317,0.067223
bbc_20130322_1150,E40,E42,1,0.000210,0.980308,0.004933,0.014548
bbc_20130322_1150,E40,E43,0,0.568800,0.100715,0.084785,0.245701
bbc_20130322_1150,E41,E44,0,0.978573,0.000842,0.006724,0.013861
bbc_20130322_1150,E42,E44,0,0.997792,0.000013,0.000551,0.001644
bbc_20130322_1150,E43,E44,0,0.506038,0.210393,0.082052,0.201518
bbc_20130322_332,E1,E2,3,0.326302,0.244951,0.096948,0.331799
bbc_20130322_332,E1,E3,1,0.009051,0.836359,0.034675,0.119915
bbc_20130322_332,E1,E4,1,0.000005,0.997703,0.000477,0.001815
bbc_20130322_332,E2,E3,1,0.003001,0.901298,0.022252,0.073450
bbc_20130322_332,E2,E4,1,0.000006,0.997423,0.000542,0.002029
bbc_20130322_332,E3,E4,1,0.000049,0.992209,0.001943,0.005799
bbc_20130322_332,E12,E13,1,0.022039,0.714063,0.050250,0.213648
bbc_20130322_332,E17,E18,1,0.087434,0.581799,0.079110,0.251656
bbc_20130322_332,E22,E23,0,0.987750,0.000108,0.002555,0.009587
bbc_20130322_332,E27,E28,0,0.422848,0.135676,0.095280,0.346197
bbc_20130322_332,E27,E29,0,0.935765,0.001903,0.013151,0.049182
bbc_20130322_332,E28,E29,0,0.861773,0.007966,0.026212,0.104049
bbc_20130322_332,E31,E33,1,0.006188,0.902477,0.029170,0.062165
bbc_20130322_332,E31,E34,0,0.606388,0.127980,0.091406,0.174226
bbc_20130322_332,E31,E35,1,0.151468,0.451970,0.110639,0.285923
bbc_20130322_332,E33,E34,0,0.423091,0.265306,0.103133,0.208469
bbc_20130322_332,E33,E35,0,0.583151,0.125897,0.087946,0.203006
bbc_20130322_332,E34,E35,0,0.481941,0.200087,0.096174,0.221798
bbc_20130322_332,E37,E38,0,0.873630,0.003499,0.020539,0.102332
bbc_20130322_332,E37,E40,0,0.560222,0.044200,0.070124,0.325454
bbc_20130322_332,E38,E40,3,0.171896,0.292933,0.095221,0.439949
bbc_20130322_332,E1,E5,0,0.583449,0.063531,0.068292,0.284729
bbc_20130322_332,E2,E5,0,0.525440,0.078102,0.080104,0.316354
bbc_20130322_332,E3,E5,0,0.929122,0.002328,0.014556,0.053994
bbc_20130322_332,E4,E5,0,0.997464,0.000009,0.000510,0.002017
bbc_20130322_332,E5,E9,1,0.000028,0.992768,0.001502,0.005702
bbc_20130322_332,E9,E11,1,0.006496,0.872228,0.037150,0.084127
bbc_20130322_332,E11,E12,0,0.980692,0.000253,0.004345,0.014710
bbc_20130322_332,E11,E13,0,0.895807,0.003319,0.020975,0.079900
bbc_20130322_332,E12,E17,1,0.000254,0.975412,0.005478,0.018855
bbc_20130322_332,E12,E18,1,0.000567,0.959991,0.008667,0.030775
bbc_20130322_332,E13,E17,1,0.004485,0.865405,0.027013,0.103097
bbc_20130322_332,E13,E18,1,0.003698,0.877333,0.024281,0.094689
bbc_20130322_332,E17,E19,0,0.948281,0.001093,0.010253,0.040373
bbc_20130322_332,E18,E19,0,0.960742,0.000710,0.007968,0.030579
bbc_20130322_332,E19,E22,1,0.000538,0.962091,0.008758,0.028613
bbc_20130322_332,E19,E23,0,0.401004,0.175702,0.102125,0.321169
bbc_20130322_332,E22,E24,1,0.015668,0.792337,0.043635,0.148361
bbc_20130322_332,E23,E24,1,0.000045,0.991091,0.001952,0.006912
bbc_20130322_332,E27,E30,0,0.919526,0.003556,0.018954,0.057964
bbc_20130322_332,E28,E30,0,0.741546,0.032159,0.053393,0.172903
bbc_20130322_332,E29,E30,1,0.058750,0.629232,0.070581,0.241436
bbc_20130322_332,E30,E31,0,0.383244,0.208652,0.092663,0.315442
bbc_20130322_332,E30,E33,1,0.022655,0.803071,0.049647,0.124627
bbc_20130322_332,E30,E34,1,0.183142,0.472697,0.096653,0.247507
bbc_20130322_332,E30,E35,0,0.357532,0.243773,0.101112,0.297584
bbc_20130322_332,E31,E36,0,0.305531,0.295207,0.103511,0.295751
bbc_20130322_332,E33,E36,0,0.529320,0.156136,0.084095,0.230449
bbc_20130322_332,E34,E36,0,0.431099,0.239161,0.088962,0.240777
bbc_20130322_332,E35,E36,0,0.797675,0.034531,0.044702,0.123092
bbc_20130322_332,E36,E37,0,0.984622,0.000128,0.002956,0.012295
bbc_20130322_332,E36,E38,0,0.996220,0.000012,0.000640,0.003128
bbc_20130322_332,E36,E40,0,0.990834,0.000058,0.001769,0.007339
bbc_20130322_1600,E2,E5,0,0.798974,0.029182,0.041954,0.129891
bbc_20130322_1600,E6,E7,1,0.000887,0.965907,0.010292,0.022913
bbc_20130322_1600,E6,E8,0,0.990794,0.000126,0.002442,0.006639
bbc_20130322_1600,E6,E9,0,0.674361,0.089845,0.068707,0.167087
bbc_20130322_1600,E7,E8,0,0.998748,0.000005,0.000300,0.000947
bbc_20130322_1600,E7,E9,0,0.993908,0.000100,0.001793,0.004198
bbc_20130322_1600,E8,E9,1,0.003903,0.938091,0.014961,0.043045
bbc_20130322_1600,E10,E11,0,0.833129,0.026184,0.039363,0.101325
bbc_20130322_1600,E10,E12,0,0.990233,0.000126,0.002463,0.007178
bbc_20130322_1600,E11,E12,0,0.940137,0.003175,0.014832,0.041856
bbc_20130322_1600,E16,E20,1,0.108623,0.579755,0.079344,0.232278
bbc_20130322_1600,E21,E22,0,0.897577,0.007565,0.019846,0.075012
bbc_20130322_1600,E2,E6,0,0.594508,0.109394,0.076135,0.219963
bbc_20130322_1600,E2,E7,1,0.033193,0.792035,0.051049,0.123723
bbc_20130322_1600,E2,E8,0,0.993274,0.000056,0.001548,0.005122
bbc_20130322_1600,E2,E9,0,0.948701,0.003410,0.012519,0.035370
bbc_20130322_1600,E5,E6,0,0.518234,0.178938,0.077767,0.225062
bbc_20130322_1600,E5,E7,1,0.004932,0.929505,0.019388,0.046175
bbc_20130322_1600,E5,E8,0,0.990201,0.000135,0.002406,0.007258
bbc_20130322_1600,E5,E9,0,0.868331,0.022674,0.027837,0.081158
bbc_20130322_1600,E6,E10,1,0.007187,0.908891,0.027692,0.056230
bbc_20130322_1600,E6,E11,0,0.888584,0.012864,0.029709,0.068843
bbc_20130322_1600,E6,E12,0,0.951115,0.002001,0.013677,0.033207
bbc_20130322_1600,E7,E10,0,0.863462,0.025739,0.037342,0.073457
bbc_20130322_1600,E7,E11,0,0.983876,0.000389,0.004680,0.011055
bbc_20130322_1600,E7,E12,0,0.995585,0.000036,0.001098,0.003281
bbc_20130322_1600,E8,E10,1,0.000056,0.992157,0.002015,0.005773
bbc_20130322_1600,E8,E11,1,0.003676,0.925655,0.018154,0.052515
bbc_20130322_1600,E8,E12,1,0.145313,0.528509,0.079796,0.246382
bbc_20130322_1600,E9,E10,1,0.001286,0.964299,0.009895,0.024520
bbc_20130322_1600,E9,E11,1,0.205760,0.473037,0.083434,0.237769
bbc_20130322_1600,E9,E12,0,0.816172,0.028961,0.038138,0.116729
bbc_20130322_1600,E10,E13,0,0.987544,0.000238,0.003376,0.008842
bbc_20130322_1600,E11,E13,0,0.853793,0.019311,0.034280,0.092616
bbc_20130322_1600,E12,E13,0,0.542329,0.142634,0.082280,0.232756
bbc_20130322_1600,E13,E30,1,0.030179,0.754282,0.054616,0.160923
bbc_20130322_1600,E30,E14,0,0.895689,0.010266,0.025986,0.068059
bbc_20130322_1600,E14,E16,0,0.806827,0.030666,0.046121,0.116386
bbc_20130322_1600,E14,E20,0,0.717611,0.062910,0.065047,0.154432
bbc_20130322_1600,E16,E21,0,0.429030,0.209428,0.083075,0.278467
bbc_20130322_1600,E16,E22,0,0.941189,0.002898,0.012125,0.043788
bbc_20130322_1600,E20,E21,0,0.812771,0.019924,0.037139,0.130166
bbc_20130322_1600,E20,E22,0,0.980270,0.000322,0.004270,0.015138
bbc_20130322_1600,E21,E25,0,0.985143,0.000211,0.003156,0.011489
bbc_20130322_1600,E22,E25,0,0.946655,0.002083,0.010046,0.041216
WSJ_20130322_804,E1,E2002,0,0.924493,0.002884,0.015495,0.057128
WSJ_20130322_804,E11,E13,0,0.670877,0.037214,0.060086,0.231823
WSJ_20130322_804,E11,E14,1,0.014736,0.788763,0.042695,0.153806
WSJ_20130322_804,E13,E14,1,0.004132,0.874722,0.024546,0.096600
WSJ_20130322_804,E22,E23,1,0.024217,0.663907,0.061812,0.250063
WSJ_20130322_804,E25,E26,0,0.598353,0.061121,0.083126,0.257400
WSJ_20130322_804,E25,E30,0,0.995863,0.000021,0.000853,0.003263
WSJ_20130322_804,E26,E30,0,0.979932,0.000181,0.003804,0.016083
WSJ_20130322_804,E9,E11,3,0.279532,0.273311,0.101767,0.345390
WSJ_20130322_804,E9,E13,0,0.925664,0.002209,0.014988,0.057139
WSJ_20130322_804,E9,E14,1,0.113441,0.496518,0.085869,0.304172
WSJ_20130322_804,E11,E16,1,0.027198,0.694501,0.057717,0.220585
WSJ_20130322_804,E13,E16,1,0.006168,0.833024,0.030999,0.129809
WSJ_20130322_804,E14,E16,1,0.063383,0.613806,0.067704,0.255107
WSJ_20130322_804,E16,E17,0,0.985376,0.000144,0.002988,0.011493
WSJ_20130322_804,E17,E18,1,0.000125,0.982841,0.003748,0.013286
WSJ_20130322_804,E21,E22,0,0.770630,0.026772,0.048205,0.154393
WSJ_20130322_804,E21,E23,3,0.366786,0.169426,0.092312,0.371476
WSJ_20130322_804,E22,E25,1,0.032481,0.648524,0.070597,0.248398
WSJ_20130322_804,E22,E26,1,0.037122,0.586658,0.076380,0.299839
WSJ_20130322_804,E22,E30,0,0.819342,0.010034,0.035575,0.135049
WSJ_20130322_804,E23,E25,0,0.489074,0.106428,0.081682,0.322817
WSJ_20130322_804,E23,E26,0,0.548673,0.062069,0.071950,0.317308
WSJ_20130322_804,E23,E30,0,0.978072,0.000226,0.004122,0.017580
WSJ_20130322_804,E25,E33,0,0.972393,0.000452,0.006363,0.020792
WSJ_20130322_804,E26,E33,0,0.919829,0.001855,0.015043,0.063273
WSJ_20130322_804,E30,E33,3,0.168858,0.342727,0.098085,0.390329
WSJ_20130322_804,E33,E35,3,0.316020,0.247464,0.104400,0.332115
WSJ_20130318_731,E1,E2,1,0.000817,0.960750,0.010916,0.027517
WSJ_20130318_731,E1,E3,1,0.055732,0.622894,0.091943,0.229432
WSJ_20130318_731,E2,E3,1,0.174510,0.489401,0.095944,0.240144
WSJ_20130318_731,E11,E12,1,0.000902,0.946293,0.011641,0.041164
WSJ_20130318_731,E11,E13,1,0.047588,0.615315,0.081504,0.255592
WSJ_20130318_731,E12,E13,0,0.439931,0.136813,0.091120,0.332136
WSJ_20130318_731,E20,E21,0,0.999125,0.000002,0.000178,0.000696
WSJ_20130318_731,E20,E22,0,0.994665,0.000042,0.001258,0.004035
WSJ_20130318_731,E21,E22,3,0.270698,0.227107,0.115347,0.386847
WSJ_20130318_731,E9,E10,1,0.000768,0.957458,0.009992,0.031781
WSJ_20130318_731,E10,E11,0,0.998809,0.000002,0.000208,0.000981
WSJ_20130318_731,E10,E12,0,0.982840,0.000279,0.003566,0.013315
WSJ_20130318_731,E10,E13,0,0.996956,0.000012,0.000597,0.002434
WSJ_20130318_731,E11,E14,1,0.043806,0.647785,0.076115,0.232294
WSJ_20130318_731,E12,E14,0,0.687769,0.049949,0.067314,0.194968
WSJ_20130318_731,E13,E14,0,0.377362,0.210946,0.110177,0.301515
CNN_20130322_1003,E1,E2,1,0.000135,0.987714,0.003478,0.008673
CNN_20130322_1003,E1,E3,0,0.785405,0.046834,0.051362,0.116399
CNN_20130322_1003,E1,E5,0,0.946238,0.002987,0.012925,0.037850
CNN_20130322_1003,E2,E3,0,0.993811,0.000077,0.001727,0.004385
CNN_20130322_1003,E2,E5,0,0.997884,0.000010,0.000491,0.001615
CNN_20130322_1003,E3,E5,0,0.578241,0.135198,0.071340,0.215221
CNN_20130322_1003,E6,E7,1,0.000407,0.982093,0.005416,0.012084
CNN_20130322_1003,E9,E10,1,0.324822,0.390053,0.067604,0.217522
CNN_20130322_1003,E9,E11,1,0.000116,0.990323,0.002531,0.007029
CNN_20130322_1003,E9,E1000,1,0.000009,0.997103,0.000685,0.002203
CNN_20130322_1003,E10,E11,1,0.000624,0.978959,0.005282,0.015135
CNN_20130322_1003,E10,E1000,1,0.000018,0.995938,0.001001,0.003043
CNN_20130322_1003,E11,E1000,1,0.016406,0.876400,0.030266,0.076929
CNN_20130322_1003,E12,E13,1,0.004216,0.914374,0.023782,0.057628
CNN_20130322_1003,E12,E14,1,0.000032,0.994217,0.001462,0.004289
CNN_20130322_1003,E12,E15,1,0.000025,0.994576,0.001308,0.004091
CNN_20130322_1003,E13,E14,1,0.001165,0.969067,0.009742,0.020026
CNN_20130322_1003,E13,E15,1,0.000416,0.977902,0.006617,0.015066
CNN_20130322_1003,E14,E15,1,0.016319,0.873842,0.035192,0.074647
CNN_20130322_1003,E17,E19,1,0.000160,0.985384,0.003973,0.010482
CNN_20130322_1003,E17,E20,0,0.903421,0.005342,0.022154,0.069082
CNN_20130322_1003,E19,E20,0,0.998457,0.000006,0.000361,0.001176
CNN_20130322_1003,E23,E27,1,0.112358,0.567376,0.082952,0.237314
CNN_20130322_1003,E30,E31,1,0.003466,0.903358,0.024126,0.069049
CNN_20130322_1003,E30,E32,1,0.000096,0.987770,0.003039,0.009094
CNN_20130322_1003,E30,E33,1,0.000066,0.991102,0.002327,0.006505
CNN_20130322_1003,E31,E32,1,0.000096,0.987077,0.003038,0.009789
CNN_20130322_1003,E31,E33,1,0.000038,0.993471,0.001630,0.004861
CNN_20130322_1003,E32,E33,1,0.067327,0.745477,0.051939,0.135256
CNN_20130322_1003,E34,E36,1,0.000008,0.996742,0.000685,0.002565
CNN_20130322_1003,E40,E41,1,0.000410,0.979218,0.006109,0.014263
CNN_20130322_1003,E40,E42,1,0.000111,0.989660,0.002949,0.007281
CNN_20130322_1003,E41,E42,1,0.001497,0.969487,0.009072,0.019944
CNN_20130322_1003,E43,E44,0,0.897342,0.006188,0.020588,0.075882
CNN_20130322_1003,E45,E47,0,0.554544,0.086908,0.084044,0.274504
CNN_20130322_1003,E55,E57,0,0.991232,0.000075,0.001840,0.006853
CNN_20130322_1003,E1,E6,0,0.839020,0.035393,0.040969,0.084618
CNN_20130322_1003,E1,E7,1,0.026595,0.854911,0.040659,0.077835
CNN_20130322_1003,E2,E6,0,0.991080,0.000175,0.002709,0.006036
CNN_20130322_1003,E2,E7,0,0.875998,0.023816,0.034696,0.065490
CNN_20130322_1003,E3,E6,1,0.108226,0.665250,0.069123,0.157401
CNN_20130322_1003,E3,E7,1,0.000635,0.976955,0.007041,0.015369
CNN_20130322_1003,E5,E6,1,0.009360,0.912526,0.022527,0.055587
CNN_20130322_1003,E5,E7,1,0.000072,0.992269,0.002170,0.005489
CNN_20130322_1003,E6,E9,0,0.998200,0.000007,0.000395,0.001399
CNN_20130322_1003,E6,E10,0,0.998151,0.000008,0.000421,0.001419
CNN_20130322_1003,E6,E11,0,0.741693,0.077430,0.050459,0.130418
CNN_20130322_1003,E6,E1000,1,0.042448,0.788926,0.048635,0.119990
CNN_20130322_1003,E7,E9,0,0.999109,0.000003,0.000197,0.000691
CNN_20130322_1003,E7,E10,0,0.999156,0.000003,0.000193,0.000649
CNN_20130322_1003,E7,E11,0,0.914072,0.013783,0.021619,0.050526
CNN_20130322_1003,E7,E1000,1,0.259083,0.471488,0.083778,0.185650
CNN_20130322_1003,E9,E12,1,0.070220,0.735622,0.051441,0.142718
CNN_20130322_1003,E9,E13,1,0.000188,0.985315,0.004046,0.010451
CNN_20130322_1003,E9,E14,1,0.000005,0.998132,0.000442,0.001421
CNN_20130322_1003,E9,E15,1,0.000005,0.998040,0.000445,0.001510
CNN_20130322_1003,E10,E12,1,0.298931,0.420751,0.072518,0.207800
CNN_20130322_1003,E10,E13,1,0.001475,0.962688,0.010218,0.025619
CNN_20130322_1003,E10,E14,1,0.000012,0.996917,0.000777,0.002293
CNN_20130322_1003,E10,E15,1,0.000012,0.996703,0.000799,0.002486
CNN_20130322_1003,E11,E12,0,0.985612,0.000400,0.003801,0.010187
CNN_20130322_1003,E11,E13,0,0.584883,0.155419,0.077236,0.182463
CNN_20130322_1003,E11,E14,1,0.006386,0.932353,0.018833,0.042428
CNN_20130322_1003,E11,E15,1,0.002697,0.947711,0.014593,0.034999
CNN_20130322_1003,E1000,E12,0,0.997905,0.000015,0.000561,0.001520
CNN_20130322_1003,E1000,E13,0,0.967578,0.001989,0.009879,0.020554
CNN_20130322_1003,E1000,E14,1,0.355003,0.401812,0.081198,0.161987
CNN_20130322_1003,E1000,E15,1,0.198713,0.543360,0.083343,0.174584
CNN_20130322_1003,E12,E17,1,0.000215,0.980740,0.004935,0.014109
CNN_20130322_1003,E12,E19,1,0.000004,0.998129,0.000413,0.001455
CNN_20130322_1003,E12,E20,1,0.074902,0.631630,0.070418,0.223050
CNN_20130322_1003,E13,E17,1,0.003997,0.924317,0.022070,0.049615
CNN_20130322_1003,E13,E19,1,0.000052,0.993007,0.001907,0.005035
CNN_20130322_1003,E13,E20,0,0.898335,0.011621,0.026004,0.064039
CNN_20130322_1003,E14,E17,1,0.135391,0.574338,0.086316,0.203955
CNN_20130322_1003,E14,E19,1,0.000292,0.982527,0.005207,0.011974
CNN_20130322_1003,E14,E20,0,0.984225,0.000379,0.004237,0.011159
CNN_20130322_1003,E15,E17,1,0.285825,0.348495,0.104979,0.260701
CNN_20130322_1003,E15,E19,1,0.000635,0.971979,0.008428,0.018959
CNN_20130322_1003,E15,E20,0,0.988829,0.000154,0.002878,0.008140
CNN_20130322_1003,E17,E21,0,0.823396,0.019095,0.039364,0.118146
CNN_20130322_1003,E19,E21,0,0.995412,0.000042,0.001203,0.003343
CNN_20130322_1003,E20,E21,1,0.042329,0.751585,0.052329,0.153756
CNN_20130322_1003,E21,E23,0,0.944500,0.002439,0.012859,0.040201
CNN_20130322_1003,E21,E27,0,0.909870,0.010400,0.023125,0.056605
CNN_20130322_1003,E30,E34,0,0.888327,0.004909,0.024885,0.081879
CNN_20130322_1003,E30,E36,1,0.000501,0.971002,0.008075,0.020422
CNN_20130322_1003,E31,E34,0,0.971259,0.000512,0.006147,0.022082
CNN_20130322_1003,E31,E36,1,0.000396,0.973755,0.006367,0.019482
CNN_20130322_1003,E32,E34,0,0.998710,0.000003,0.000249,0.001038
CNN_20130322_1003,E32,E36,0,0.438721,0.242492,0.085922,0.232864
CNN_20130322_1003,E33,E34,0,0.998775,0.000004,0.000262,0.000960
CNN_20130322_1003,E33,E36,1,0.239259,0.504469,0.072318,0.183953
CNN_20130322_1003,E34,E38,1,0.016139,0.778661,0.049738,0.155462
CNN_20130322_1003,E36,E38,0,0.964928,0.001050,0.009073,0.024948
CNN_20130322_1003,E38,E40,0,0.493224,0.202595,0.102045,0.202136
CNN_20130322_1003,E38,E41,1,0.003335,0.942747,0.018125,0.035793
CNN_20130322_1003,E38,E42,1,0.000849,0.971735,0.008936,0.018480
CNN_20130322_1003,E40,E43,0,0.982515,0.000239,0.004068,0.013178
CNN_20130322_1003,E40,E44,0,0.996023,0.000024,0.000890,0.003063
CNN_20130322_1003,E41,E43,0,0.995223,0.000028,0.001012,0.003738
CNN_20130322_1003,E41,E44,0,0.998866,0.000003,0.000228,0.000902
CNN_20130322_1003,E42,E43,0,0.996636,0.000017,0.000729,0.002618
CNN_20130322_1003,E42,E44,0,0.999201,0.000002,0.000164,0.000633
CNN_20130322_1003,E43,E45,3,0.221629,0.271327,0.102240,0.404803
CNN_20130322_1003,E43,E47,3,0.176374,0.357412,0.097740,0.368474
CNN_20130322_1003,E44,E45,1,0.021911,0.727463,0.051750,0.198876
CNN_20130322_1003,E44,E47,1,0.028733,0.722953,0.052988,0.195326
CNN_20130322_1003,E45,E48,0,0.517885,0.104132,0.087882,0.290100
CNN_20130322_1003,E47,E48,0,0.314067,0.273872,0.100886,0.311175
CNN_20130322_1003,E48,E50,0,0.928843,0.003055,0.017596,0.050506
CNN_20130322_1003,E50,E51,1,0.003167,0.906691,0.022715,0.067426
CNN_20130322_1003,E51,E52,0,0.941091,0.001543,0.012588,0.044778
CNN_20130322_1003,E52,E53,0,0.989225,0.000077,0.002130,0.008568
CNN_20130322_1003,E53,E55,0,0.541097,0.085099,0.078979,0.294825
