WSJ_20130322_159,E5,E6,1,0.002848,0.927585,0.016013,0.053554
WSJ_20130322_159,E5,E10,0,0.425524,0.191412,0.093868,0.289195
WSJ_20130322_159,E5,E11,0,0.979421,0.000369,0.004903,0.015307
WSJ_20130322_159,E6,E10,0,0.862111,0.008137,0.028628,0.101124
WSJ_20130322_159,E6,E11,0,0.984344,0.000164,0.003307,0.012185
WSJ_20130322_159,E10,E11,0,0.691562,0.037719,0.059337,0.211383
WSJ_20130322_159,E12,E14,1,0.071266,0.628643,0.067154,0.232937
WSJ_20130322_159,E18,E19,1,0.067844,0.607501,0.084333,0.240323
WSJ_20130322_159,E20,E22,1,0.000235,0.978179,0.004902,0.016685
WSJ_20130322_159,E29,E31,0,0.859977,0.007395,0.028818,0.103809
WSJ_20130322_159,E29,E34,1,0.058107,0.656306,0.072134,0.213453
WSJ_20130322_159,E29,E37,0,0.954644,0.001300,0.011160,0.032896
WSJ_20130322_159,E31,E34,1,0.004751,0.886942,0.026446,0.081860
WSJ_20130322_159,E31,E37,0,0.791369,0.019759,0.045906,0.142965
WSJ_20130322_159,E34,E37,0,0.983222,0.000236,0.004021,0.012521
WSJ_20130322_159,E38,E39,1,0.001380,0.939955,0.014145,0.044519
WSJ_20130322_159,E38,E40,0,0.353221,0.203116,0.097806,0.345857
WSJ_20130322_159,E39,E40,0,0.742429,0.034035,0.048756,0.174781
WSJ_20130322_159,E42,E44,1,0.000157,0.979584,0.004011,0.016248
WSJ_20130322_159,E46,E47,1,0.001114,0.946063,0.011076,0.041746
WSJ_20130322_159,E46,E49,1,0.106236,0.516804,0.078105,0.298855
WSJ_20130322_159,E47,E49,0,0.926262,0.003786,0.015035,0.054917
WSJ_20130322_159,E1,E5,0,0.330521,0.256782,0.091075,0.321622
WSJ_20130322_159,E1,E6,1,0.008180,0.854067,0.030988,0.106765
WSJ_20130322_159,E1,E10,1,0.216646,0.340691,0.107343,0.335320
WSJ_20130322_159,E1,E11,0,0.612763,0.064017,0.070393,0.252827
WSJ_20130322_159,E5,E12,0,0.970615,0.000720,0.006742,0.021922
WSJ_20130322_159,E5,E14,0,0.815995,0.023044,0.036038,0.124923
WSJ_20130322_159,E6,E12,0,0.990624,0.000084,0.002104,0.007187
WSJ_20130322_159,E6,E14,0,0.954653,0.001370,0.010092,0.033885
WSJ_20130322_159,E10,E12,0,0.778673,0.021721,0.044622,0.154984
WSJ_20130322_159,E10,E14,1,0.124021,0.484336,0.088523,0.303120
WSJ_20130322_159,E11,E12,0,0.345869,0.220004,0.103932,0.330195
WSJ_20130322_159,E11,E14,1,0.008218,0.848253,0.032281,0.111249
WSJ_20130322_159,E12,E18,0,0.971203,0.000399,0.005872,0.022527
WSJ_20130322_159,E12,E19,0,0.747918,0.043445,0.052055,0.156581
WSJ_20130322_159,E14,E18,0,0.993307,0.000030,0.001174,0.005490
WSJ_20130322_159,E14,E19,0,0.787258,0.028616,0.043018,0.141108
WSJ_20130322_159,E18,E20,1,0.000204,0.976227,0.004765,0.018803
WSJ_20130322_159,E18,E22,1,0.000006,0.996952,0.000560,0.002483
WSJ_20130322_159,E19,E20,1,0.000419,0.968597,0.006960,0.024024
WSJ_20130322_159,E19,E22,1,0.000011,0.996287,0.000736,0.002966
WSJ_20130322_159,E20,E26,0,0.721751,0.045681,0.053352,0.179216
WSJ_20130322_159,E22,E26,0,0.985138,0.000241,0.003566,0.011055
WSJ_20130322_159,E26,E29,0,0.923519,0.002878,0.017343,0.056261
WSJ_20130322_159,E26,E31,0,0.979529,0.000246,0.004349,0.015876
WSJ_20130322_159,E26,E34,0,0.803232,0.022280,0.044640,0.129847
WSJ_20130322_159,E26,E37,0,0.990143,0.000096,0.002270,0.007492
WSJ_20130322_159,E29,E38,1,0.204080,0.375010,0.104304,0.316607
WSJ_20130322_159,E29,E39,1,0.000287,0.976198,0.005413,0.018102
WSJ_20130322_159,E29,E40,1,0.030244,0.721678,0.057515,0.190564
WSJ_20130322_159,E31,E38,1,0.019276,0.762556,0.051957,0.166211
WSJ_20130322_159,E31,E39,1,0.000076,0.987517,0.002543,0.009864
WSJ_20130322_159,E31,E40,1,0.003980,0.881052,0.025532,0.089437
WSJ_20130322_159,E34,E38,0,0.622786,0.061867,0.072251,0.243097
WSJ_20130322_159,E34,E39,1,0.001909,0.935535,0.015206,0.047350
WSJ_20130322_159,E34,E40,3,0.299944,0.260235,0.104001,0.335820
WSJ_20130322_159,E37,E38,1,0.003390,0.894675,0.023295,0.078640
WSJ_20130322_159,E37,E39,1,0.000028,0.993122,0.001373,0.005477
WSJ_20130322_159,E37,E40,1,0.000966,0.949182,0.011448,0.038405
WSJ_20130322_159,E38,E42,0,0.800555,0.011859,0.038122,0.149463
WSJ_20130322_159,E38,E44,1,0.004448,0.881335,0.023889,0.090328
WSJ_20130322_159,E39,E42,0,0.957206,0.000983,0.009349,0.032461
WSJ_20130322_159,E39,E44,1,0.174786,0.431680,0.087455,0.306078
WSJ_20130322_159,E40,E42,0,0.854311,0.007655,0.031538,0.106496
WSJ_20130322_159,E40,E44,1,0.014856,0.773326,0.044165,0.167653
WSJ_20130322_159,E42,E46,0,0.542616,0.068417,0.072673,0.316293
WSJ_20130322_159,E42,E47,1,0.007850,0.833957,0.031122,0.127071
WSJ_20130322_159,E42,E49,1,0.033383,0.697676,0.053290,0.215651
WSJ_20130322_159,E44,E46,0,0.990370,0.000062,0.001882,0.007686
WSJ_20130322_159,E44,E47,0,0.779245,0.017439,0.036730,0.166586
WSJ_20130322_159,E44,E49,0,0.930421,0.002746,0.013379,0.053455
WSJ_20130322_159,E46,E55,0,0.419187,0.172517,0.094000,0.314295
WSJ_20130322_159,E47,E55,0,0.989914,0.000106,0.002331,0.007648
WSJ_20130322_159,E49,E55,0,0.777616,0.034323,0.042730,0.145331
nyt_20130322_strange_computer,E8,E11,0,0.994621,0.000025,0.001032,0.004322
nyt_20130322_strange_computer,E14,E16,1,0.000109,0.986938,0.002949,0.010004
nyt_20130322_strange_computer,E19,E22,0,0.709875,0.042712,0.054717,0.192696
nyt_20130322_strange_computer,E19,E23,1,0.017111,0.819889,0.038012,0.124988
nyt_20130322_strange_computer,E22,E23,1,0.034229,0.716223,0.058961,0.190587
nyt_20130322_strange_computer,E6,E8,1,0.183089,0.387552,0.102115,0.327245
nyt_20130322_strange_computer,E6,E11,0,0.993712,0.000034,0.001230,0.005024
nyt_20130322_strange_computer,E8,E14,0,0.994676,0.000027,0.001081,0.004216
nyt_20130322_strange_computer,E8,E16,0,0.469370,0.160800,0.095817,0.274013
nyt_20130322_strange_computer,E11,E14,0,0.832810,0.012141,0.035937,0.119111
nyt_20130322_strange_computer,E11,E16,1,0.000296,0.976314,0.005511,0.017878
nyt_20130322_strange_computer,E14,E19,1,0.057911,0.611161,0.074780,0.256148
nyt_20130322_strange_computer,E14,E22,0,0.459268,0.141069,0.091025,0.308639
nyt_20130322_strange_computer,E14,E23,1,0.003059,0.918292,0.018316,0.060334
nyt_20130322_strange_computer,E16,E19,0,0.983479,0.000193,0.003610,0.012718
nyt_20130322_strange_computer,E16,E22,0,0.988721,0.000097,0.002370,0.008812
nyt_20130322_strange_computer,E16,E23,0,0.909925,0.004837,0.021076,0.064162
nyt_20130322_strange_computer,E19,E24,0,0.900434,0.006287,0.021121,0.072158
nyt_20130322_strange_computer,E22,E24,0,0.908323,0.004195,0.020346,0.067135
nyt_20130322_strange_computer,E23,E24,0,0.984869,0.000187,0.003514,0.011430
CNN_20130321_821,E4,E5,1,0.077912,0.571446,0.093067,0.257576
CNN_20130321_821,E5,E8,0,0.946606,0.001154,0.010877,0.041363
CNN_20130321_821,E8,E1000,0,0.736501,0.018584,0.052076,0.192839
CNN_20130321_821,E1002,E20,0,0.948109,0.001062,0.011284,0.039545
nyt_20130321_cyprus,E2,E5,0,0.389528,0.279766,0.099118,0.231588
nyt_20130321_cyprus,E7,E2009,1,0.043205,0.715502,0.057288,0.184005
nyt_20130321_cyprus,E13,E15,0,0.571935,0.078328,0.087371,0.262367
nyt_20130321_cyprus,E22,E23,1,0.111376,0.472350,0.089811,0.326463
nyt_20130321_cyprus,E22,E24,1,0.000023,0.993914,0.001206,0.004857
nyt_20130321_cyprus,E23,E24,1,0.000191,0.980551,0.004265,0.014993
nyt_20130321_cyprus,E33,E35,1,0.018998,0.796237,0.046252,0.138512
nyt_20130321_cyprus,E41,E42,1,0.019651,0.780931,0.047028,0.152390
nyt_20130321_cyprus,E46,E47,0,0.875029,0.010312,0.027000,0.087659
nyt_20130321_cyprus,E48,E51,0,0.980330,0.000277,0.004467,0.014927
nyt_20130321_cyprus,E2,E7,0,0.905020,0.006775,0.023868,0.064337
nyt_20130321_cyprus,E2,E2009,0,0.772452,0.033346,0.050025,0.144178
nyt_20130321_cyprus,E5,E7,0,0.856684,0.015554,0.037897,0.089865
nyt_20130321_cyprus,E5,E2009,0,0.643620,0.082033,0.077438,0.196909
nyt_20130321_cyprus,E7,E9,1,0.000432,0.972478,0.006658,0.020433
nyt_20130321_cyprus,E2009,E9,1,0.024690,0.775921,0.049984,0.149404
nyt_20130321_cyprus,E10,E13,0,0.969124,0.000758,0.007706,0.022412
nyt_20130321_cyprus,E10,E15,0,0.987805,0.000121,0.002651,0.009423
nyt_20130321_cyprus,E13,E21,0,0.516958,0.126719,0.095468,0.260855
nyt_20130321_cyprus,E15,E21,0,0.644868,0.062890,0.072229,0.220013
nyt_20130321_cyprus,E21,E22,0,0.913045,0.003490,0.017588,0.065877
nyt_20130321_cyprus,E21,E23,0,0.450255,0.139577,0.093399,0.316769
nyt_20130321_cyprus,E21,E24,1,0.000069,0.989556,0.002264,0.008111
nyt_20130321_cyprus,E22,E25,1,0.000471,0.965158,0.007546,0.026825
nyt_20130321_cyprus,E23,E25,1,0.014290,0.799354,0.041533,0.144824
nyt_20130321_cyprus,E24,E25,0,0.964831,0.000824,0.008624,0.025721
nyt_20130321_cyprus,E33,E36,1,0.098223,0.540327,0.081055,0.280395
nyt_20130321_cyprus,E35,E36,0,0.396956,0.174659,0.089751,0.338635
nyt_20130321_cyprus,E36,E41,0,0.856053,0.008027,0.028771,0.107148
nyt_20130321_cyprus,E36,E42,3,0.309928,0.283664,0.093075,0.313332
nyt_20130321_cyprus,E46,E48,1,0.164875,0.455599,0.083464,0.296062
nyt_20130321_cyprus,E46,E51,0,0.977938,0.000364,0.005147,0.016552
nyt_20130321_cyprus,E47,E48,1,0.000843,0.958062,0.010232,0.030863
nyt_20130321_cyprus,E47,E51,0,0.647102,0.061790,0.072053,0.219056
nyt_20130321_cyprus,E48,E57,1,0.000049,0.991298,0.001847,0.006805
nyt_20130321_cyprus,E51,E57,1,0.000004,0.997587,0.000442,0.001967
bbc_20130322_1353,E1,E5,1,0.000058,0.989699,0.002125,0.008119
bbc_20130322_1353,E8,E10,1,0.000144,0.983726,0.003556,0.012575
bbc_20130322_1353,E15,E16,1,0.021249,0.783494,0.038720,0.156537
bbc_20130322_1353,E19,E20,1,0.001032,0.968410,0.008202,0.022356
bbc_20130322_1353,E19,E21,1,0.031306,0.813497,0.043371,0.111826
bbc_20130322_1353,E20,E21,1,0.143010,0.597474,0.064793,0.194723
bbc_20130322_1353,E23,E25,1,0.228272,0.349334,0.091012,0.331382
bbc_20130322_1353,E23,E26,1,0.001784,0.936753,0.014745,0.046719
bbc_20130322_1353,E23,E27,1,0.000040,0.992256,0.001635,0.006069
bbc_20130322_1353,E25,E26,1,0.000381,0.970537,0.006356,0.022726
bbc_20130322_1353,E25,E27,1,0.000021,0.994604,0.001094,0.004281
bbc_20130322_1353,E26,E27,1,0.000536,0.964760,0.007973,0.026731
bbc_20130322_1353,E28,E29,1,0.000160,0.982574,0.003697,0.013569
bbc_20130322_1353,E28,E31,1,0.000316,0.976137,0.004850,0.018697
bbc_20130322_1353,E29,E31,1,0.139848,0.526665,0.067001,0.266485
bbc_20130322_1353,E33,E34,0,0.866958,0.011420,0.029923,0.091699
bbc_20130322_1353,E35,E36,0,0.323703,0.254431,0.098236,0.323630
bbc_20130322_1353,E35,E37,1,0.000164,0.980342,0.004042,0.015452
bbc_20130322_1353,E36,E37,1,0.000112,0.984107,0.003118,0.012662
bbc_20130322_1353,E1,E8,0,0.732550,0.030368,0.051940,0.185142
bbc_20130322_1353,E1,E10,1,0.000156,0.983371,0.003744,0.012729
bbc_20130322_1353,E5,E8,0,0.990270,0.000082,0.002126,0.007522
bbc_20130322_1353,E5,E10,1,0.294184,0.345980,0.092195,0.267641
bbc_20130322_1353,E8,E11,1,0.081376,0.533606,0.072778,0.312240
bbc_20130322_1353,E10,E11,0,0.921993,0.004248,0.018605,0.055154
bbc_20130322_1353,E11,E13,1,0.283168,0.315418,0.089484,0.311930
bbc_20130322_1353,E13,E15,0,0.522307,0.138856,0.088554,0.250283
bbc_20130322_1353,E13,E16,1,0.108753,0.549827,0.083117,0.258303
bbc_20130322_1353,E15,E17,1,0.024961,0.723572,0.050750,0.200717
bbc_20130322_1353,E16,E17,3,0.181632,0.330596,0.092854,0.394917
bbc_20130322_1353,E17,E19,1,0.002131,0.932404,0.015631,0.049834
bbc_20130322_1353,E17,E20,1,0.000074,0.989047,0.002395,0.008485
bbc_20130322_1353,E17,E21,1,0.000260,0.977350,0.005162,0.017229
bbc_20130322_1353,E19,E23,0,0.989374,0.000121,0.002536,0.007969
bbc_20130322_1353,E19,E25,0,0.978202,0.000391,0.005158,0.016248
bbc_20130322_1353,E19,E26,0,0.873269,0.011523,0.029917,0.085291
bbc_20130322_1353,E19,E27,1,0.002247,0.942087,0.014464,0.041202
bbc_20130322_1353,E20,E23,0,0.994179,0.000047,0.001355,0.004419
bbc_20130322_1353,E20,E25,0,0.991373,0.000074,0.001866,0.006687
bbc_20130322_1353,E20,E26,0,0.930057,0.004012,0.015483,0.050447
bbc_20130322_1353,E20,E27,1,0.190741,0.490629,0.077948,0.240682
bbc_20130322_1353,E21,E23,0,0.987658,0.000191,0.003105,0.009047
bbc_20130322_1353,E21,E25,0,0.976950,0.000490,0.005149,0.017411
bbc_20130322_1353,E21,E26,0,0.772284,0.038468,0.045151,0.144096
bbc_20130322_1353,E21,E27,1,0.031117,0.801971,0.041578,0.125333
bbc_20130322_1353,E23,E28,0,0.335740,0.274189,0.090239,0.299832
bbc_20130322_1353,E23,E29,1,0.015508,0.829145,0.033791,0.121556
bbc_20130322_1353,E23,E31,1,0.011181,0.855838,0.028845,0.104137
bbc_20130322_1353,E25,E28,1,0.164801,0.476520,0.078681,0.279998
bbc_20130322_1353,E25,E29,1,0.004717,0.906539,0.018657,0.070087
bbc_20130322_1353,E25,E31,1,0.041018,0.754683,0.043825,0.160474
bbc_20130322_1353,E26,E28,0,0.820511,0.017922,0.036864,0.124704
bbc_20130322_1353,E26,E29,3,0.260763,0.315819,0.091064,0.332354
bbc_20130322_1353,E26,E31,0,0.542279,0.123020,0.072288,0.262413
bbc_20130322_1353,E27,E28,0,0.985132,0.000198,0.003479,0.011192
bbc_20130322_1353,E27,E29,0,0.870586,0.010956,0.026297,0.092161
bbc_20130322_1353,E27,E31,0,0.958458,0.001526,0.009014,0.031002
bbc_20130322_1353,E28,E33,1,0.008729,0.865936,0.027885,0.097450
bbc_20130322_1353,E28,E34,1,0.036883,0.699755,0.054446,0.208916
bbc_20130322_1353,E29,E33,0,0.709851,0.050672,0.049986,0.189491
bbc_20130322_1353,E29,E34,0,0.861484,0.009245,0.025364,0.103907
bbc_20130322_1353,E31,E33,0,0.611587,0.096848,0.063509,0.228056
bbc_20130322_1353,E31,E34,0,0.889836,0.007418,0.021153,0.081593
bbc_20130322_1353,E33,E35,0,0.993688,0.000039,0.001293,0.004980
bbc_20130322_1353,E33,E36,0,0.995423,0.000028,0.001011,0.003538
bbc_20130322_1353,E33,E37,0,0.780597,0.028250,0.045340,0.145812
bbc_20130322_1353,E34,E35,0,0.990656,0.000077,0.001976,0.007291
bbc_20130322_1353,E34,E36,0,0.988403,0.000114,0.002505,0.008978
bbc_20130322_1353,E34,E37,1,0.236108,0.364843,0.085999,0.313050
nyt_20130321_women_senate,E1000009,E2,0,0.904371,0.005790,0.020363,0.069476
nyt_20130321_women_senate,E4,E5,1,0.000218,0.978884,0.004624,0.016274
nyt_20130321_women_senate,E4,E6,1,0.017154,0.798689,0.039575,0.144582
nyt_20130321_women_senate,E5,E6,0,0.826379,0.017611,0.032607,0.123403
nyt_20130321_women_senate,E9,E10,0,0.982881,0.000211,0.003777,0.013131
nyt_20130321_women_senate,E11,E12,0,0.773755,0.028109,0.051936,0.146200
nyt_20130321_women_senate,E14,E15,1,0.007908,0.864689,0.030733,0.096669
nyt_20130321_women_senate,E16,E17,1,0.215690,0.374110,0.082435,0.327764
nyt_20130321_women_senate,E19,E20,1,0.000055,0.991423,0.001919,0.006603
nyt_20130321_women_senate,E19,E21,1,0.000674,0.963020,0.008824,0.027482
nyt_20130321_women_senate,E20,E21,0,0.749632,0.040966,0.051281,0.158120
nyt_20130321_women_senate,E23,E24,0,0.963301,0.000855,0.008534,0.027311
nyt_20130321_women_senate,E26,E27,0,0.970822,0.000716,0.008184,0.020278
nyt_20130321_women_senate,E26,E1000014,0,0.981989,0.000259,0.004177,0.013576
nyt_20130321_women_senate,E27,E1000014,3,0.311482,0.250574,0.114548,0.323395
nyt_20130321_women_senate,E37,E1000015,1,0.175650,0.382766,0.111825,0.329759
nyt_20130321_women_senate,E40,E41,0,0.967304,0.000604,0.006807,0.025285
nyt_20130321_women_senate,E40,E42,0,0.734006,0.038434,0.052290,0.175270
nyt_20130321_women_senate,E41,E42,1,0.087111,0.574514,0.074805,0.263569
nyt_20130321_women_senate,E43,E47,0,0.989897,0.000069,0.001966,0.008068
nyt_20130321_women_senate,E43,E48,0,0.984744,0.000144,0.003120,0.011992
nyt_20130321_women_senate,E47,E48,0,0.619875,0.055062,0.073186,0.251878
nyt_20130321_women_senate,E49,E50,0,0.889305,0.007406,0.022414,0.080875
nyt_20130321_women_senate,E49,E53,1,0.000457,0.973353,0.006573,0.019617
nyt_20130321_women_senate,E50,E53,1,0.000092,0.987853,0.002688,0.009368
nyt_20130321_women_senate,E1000009,E4,0,0.885445,0.006983,0.023404,0.084168
nyt_20130321_women_senate,E1000009,E5,1,0.001287,0.948703,0.011226,0.038785
nyt_20130321_women_senate,E1000009,E6,1,0.117620,0.523122,0.075999,0.283259
nyt_20130321_women_senate,E2,E4,0,0.766390,0.026651,0.042632,0.164328
nyt_20130321_women_senate,E2,E5,1,0.000287,0.974710,0.005317,0.019686
nyt_20130321_women_senate,E2,E6,1,0.032784,0.724672,0.048801,0.193743
nyt_20130321_women_senate,E4,E7,0,0.947767,0.001576,0.011616,0.039041
nyt_20130321_women_senate,E5,E7,0,0.996911,0.000011,0.000612,0.002466
nyt_20130321_women_senate,E6,E7,0,0.993534,0.000041,0.001367,0.005058
nyt_20130321_women_senate,E7,E8,1,0.000300,0.973331,0.005668,0.020702
nyt_20130321_women_senate,E8,E9,0,0.977976,0.000276,0.004703,0.017045
nyt_20130321_women_senate,E8,E10,0,0.997656,0.000008,0.000462,0.001875
nyt_20130321_women_senate,E11,E1000012,0,0.978778,0.000324,0.004769,0.016129
nyt_20130321_women_senate,E12,E1000012,0,0.814280,0.019242,0.038012,0.128466
nyt_20130321_women_senate,E14,E16,0,0.955705,0.001135,0.009185,0.033974
nyt_20130321_women_senate,E14,E17,0,0.942092,0.001804,0.012022,0.044082
nyt_20130321_women_senate,E15,E16,0,0.990271,0.000078,0.002037,0.007615
nyt_20130321_women_senate,E15,E17,0,0.987802,0.000114,0.002595,0.009489
nyt_20130321_women_senate,E16,E19,1,0.252904,0.342283,0.084918,0.319895
nyt_20130321_women_senate,E16,E20,1,0.000018,0.994840,0.001022,0.004119
nyt_20130321_women_senate,E16,E21,1,0.000278,0.974575,0.005423,0.019725
nyt_20130321_women_senate,E17,E19,0,0.473241,0.154123,0.079984,0.292651
nyt_20130321_women_senate,E17,E20,1,0.000038,0.992467,0.001582,0.005913
nyt_20130321_women_senate,E17,E21,1,0.000646,0.960885,0.008695,0.029774
nyt_20130321_women_senate,E19,E22,1,0.095377,0.584003,0.072092,0.248528
nyt_20130321_women_senate,E20,E22,0,0.986705,0.000152,0.002964,0.010179
nyt_20130321_women_senate,E21,E22,0,0.914861,0.003402,0.017504,0.064232
nyt_20130321_women_senate,E22,E23,0,0.401538,0.191194,0.083490,0.323778
nyt_20130321_women_senate,E22,E24,0,0.970571,0.000566,0.006697,0.022166
nyt_20130321_women_senate,E23,E25,0,0.790264,0.014213,0.041037,0.154486
nyt_20130321_women_senate,E24,E25,3,0.176869,0.339373,0.099102,0.384657
nyt_20130321_women_senate,E25,E26,1,0.000915,0.951881,0.011052,0.036152
nyt_20130321_women_senate,E25,E27,3,0.298759,0.256856,0.115269,0.329116
nyt_20130321_women_senate,E25,E1000014,3,0.352234,0.184753,0.097845,0.365168
nyt_20130321_women_senate,E26,E29,0,0.960793,0.000915,0.009455,0.028838
nyt_20130321_women_senate,E27,E29,0,0.359519,0.196409,0.119101,0.324970
nyt_20130321_women_senate,E1000014,E29,3,0.261970,0.266789,0.103580,0.367661
nyt_20130321_women_senate,E29,E36,0,0.967112,0.000640,0.007769,0.024479
nyt_20130321_women_senate,E36,E37,0,0.809165,0.011974,0.036900,0.141961
nyt_20130321_women_senate,E36,E1000015,0,0.620558,0.057076,0.081880,0.240485
nyt_20130321_women_senate,E37,E40,1,0.000711,0.955758,0.009528,0.034003
nyt_20130321_women_senate,E37,E41,1,0.083444,0.531781,0.078541,0.306234
nyt_20130321_women_senate,E37,E42,1,0.001764,0.929429,0.015522,0.053285
nyt_20130321_women_senate,E1000015,E40,1,0.027217,0.752115,0.056297,0.164370
nyt_20130321_women_senate,E1000015,E41,0,0.726820,0.035720,0.057418,0.180042
nyt_20130321_women_senate,E1000015,E42,1,0.126518,0.502130,0.097684,0.273668
nyt_20130321_women_senate,E40,E43,0,0.498448,0.136363,0.077806,0.287383
nyt_20130321_women_senate,E40,E47,0,0.984442,0.000151,0.003215,0.012192
nyt_20130321_women_senate,E40,E48,0,0.976832,0.000307,0.005011,0.017849
nyt_20130321_women_senate,E41,E43,1,0.017854,0.795189,0.038391,0.148566
nyt_20130321_women_senate,E41,E47,0,0.872606,0.006487,0.024784,0.096122
nyt_20130321_women_senate,E41,E48,0,0.820762,0.011929,0.036343,0.130967
nyt_20130321_women_senate,E42,E43,1,0.171880,0.423764,0.088681,0.315675
nyt_20130321_women_senate,E42,E47,0,0.963176,0.000673,0.007991,0.028160
nyt_20130321_women_senate,E42,E48,0,0.946290,0.001316,0.012232,0.040162
nyt_20130321_women_senate,E43,E49,0,0.877834,0.008335,0.024071,0.089760
nyt_20130321_women_senate,E43,E50,0,0.983805,0.000166,0.003230,0.012799
nyt_20130321_women_senate,E43,E53,1,0.013337,0.851997,0.031468,0.103197
nyt_20130321_women_senate,E47,E49,1,0.028399,0.740046,0.052344,0.179212
nyt_20130321_women_senate,E47,E50,0,0.434244,0.155491,0.087589,0.322676
nyt_20130321_women_senate,E47,E53,1,0.000068,0.989706,0.002256,0.007970
nyt_20130321_women_senate,E48,E49,1,0.086048,0.573379,0.081549,0.259023
nyt_20130321_women_senate,E48,E50,0,0.645308,0.059045,0.066919,0.228728
nyt_20130321_women_senate,E48,E53,1,0.000172,0.983426,0.003881,0.012521
bbc_20130322_1150,E1,E2,0,0.986348,0.000261,0.003194,0.010196
bbc_20130322_1150,E6,E7,1,0.061428,0.545803,0.082510,0.310259
bbc_20130322_1150,E8,E10,1,0.062802,0.680929,0.062019,0.194251
bbc_20130322_1150,E8,E11,1,0.139909,0.509773,0.094346,0.255973
bbc_20130322_1150,E10,E11,0,0.321760,0.307262,0.103498,0.267481
bbc_20130322_1150,E14,E15,1,0.009711,0.849030,0.029288,0.111971
bbc_20130322_1150,E14,E17,1,0.024097,0.766136,0.041966,0.167802
bbc_20130322_1150,E15,E17,0,0.478742,0.132190,0.081099,0.307968
bbc_20130322_1150,E19,E20,1,0.136985,0.501131,0.092854,0.269031
bbc_20130322_1150,E19,E21,0,0.735840,0.035515,0.053486,0.175159
bbc_20130322_1150,E20,E21,0,0.752925,0.038571,0.050098,0.158405
bbc_20130322_1150,E23,E24,1,0.141535,0.411231,0.096278,0.350956
bbc_20130322_1150,E29,E30,0,0.994316,0.000038,0.001327,0.004319
bbc_20130322_1150,E53,E35,0,0.992537,0.000053,0.001547,0.005862
bbc_20130322_1150,E39,E40,0,0.983387,0.000221,0.003893,0.012499
bbc_20130322_1150,E41,E42,1,0.000094,0.988201,0.002704,0.009001
bbc_20130322_1150,E41,E43,1,0.056135,0.693843,0.061315,0.188708
bbc_20130322_1150,E42,E43,0,0.975985,0.000593,0.005761,0.017661
bbc_20130322_1150,E1,E3,0,0.994573,0.000040,0.001201,0.004186
bbc_20130322_1150,E2,E3,0,0.550371,0.152469,0.062004,0.235156
bbc_20130322_1150,E3,E4,1,0.018243,0.815340,0.036501,0.129915
bbc_20130322_1150,E4,E6,0,0.997683,0.000006,0.000396,0.001915
bbc_20130322_1150,E4,E7,0,0.985576,0.000129,0.002933,0.011362
bbc_20130322_1150,E6,E8,1,0.000102,0.984230,0.003129,0.012539
bbc_20130322_1150,E6,E10,1,0.000033,0.992145,0.001554,0.006267
bbc_20130322_1150,E6,E11,1,0.000127,0.984225,0.003442,0.012206
bbc_20130322_1150,E7,E8,1,0.004218,0.894213,0.023135,0.078435
bbc_20130322_1150,E7,E10,1,0.000627,0.963647,0.008631,0.027096
bbc_20130322_1150,E7,E11,1,0.002201,0.929733,0.018065,0.050001
bbc_20130322_1150,E8,E12,0,0.933287,0.002625,0.014107,0.049981
bbc_20130322_1150,E10,E12,0,0.948322,0.001807,0.011310,0.038561
bbc_20130322_1150,E11,E12,0,0.895496,0.006530,0.024563,0.073411
bbc_20130322_1150,E12,E14,0,0.959255,0.001098,0.009398,0.030250
bbc_20130322_1150,E12,E15,0,0.880606,0.008967,0.026337,0.084090
bbc_20130322_1150,E12,E17,0,0.978298,0.000294,0.004707,0.016700
bbc_20130322_1150,E18,E19,0,0.816332,0.014364,0.046431,0.122873
bbc_20130322_1150,E18,E20,0,0.768451,0.026146,0.057730,0.147673
bbc_20130322_1150,E18,E21,0,0.971088,0.000564,0.007533,0.020816
bbc_20130322_1150,E19,E23,0,0.944514,0.001509,0.012669,0.041307
bbc_20130322_1150,E19,E24,1,0.073454,0.580463,0.076954,0.269129
bbc_20130322_1150,E20,E23,0,0.914097,0.003280,0.017843,0.064780
bbc_20130322_1150,E20,E24,1,0.087986,0.579273,0.077646,0.255095
bbc_20130322_1150,E21,E23,0,0.522468,0.089838,0.080659,0.307035
bbc_20130322_1150,E21,E24,1,0.002529,0.916486,0.018356,0.062628
bbc_20130322_1150,E28,E29,1,0.000040,0.992674,0.001749,0.005537
bbc_20130322_1150,E28,E30,1,0.148020,0.463932,0.079024,0.309025
bbc_20130322_1150,E29,E34,0,0.998490,0.000003,0.000303,0.001203
bbc_20130322_1150,E30,E34,0,0.960901,0.001069,0.008022,0.030008
bbc_20130322_1150,E34,E53,1,0.000214,0.978872,0.004527,0.016388
bbc_20130322_1150,E34,E35,0,0.604361,0.091361,0.062193,0.242084
bbc_20130322_1150,E53,E36,0,0.989393,0.000102,0.002355,0.008150
bbc_20130322_1150,E35,E36,1,0.148987,0.471338,0.083304,0.296371
bbc_20130322_1150,E36,E39,1,0.000141,0.982001,0.003905,0.013953
bbc_20130322_1150,E36,E40,1,0.165515,0.404159,0.094972,0.335354
bbc_20130322_1150,E39,E41,0,0.994085,0.000041,0.001310,0.004564
bbc_20130322_1150,E39,E42,1,0.241257,0.361240,0.095500,0.302003
bbc_20130322_1150,E39,E43,0,0.916155,0.004742,0.018744,0.060359
bbc_20130322_1150,E40,E41,0,0.947340,0.001590,0.011293,0.039777
bbc_20130322_1150,E40,E42,1,0.000687,0.959369,0.009086,0.030857
bbc_20130322_1150,E40,E43,1,0.255390,0.348314,0.090116,0.306179
bbc_20130322_1150,E41,E44,0,0.318506,0.311413,0.093923,0.276158
bbc_20130322_1150,E42,E44,0,0.991508,0.000075,0.001871,0.006546
bbc_20130322_1150,E43,E44,0,0.524053,0.144467,0.073333,0.258147
bbc_20130322_332,E1,E2,3,0.324920,0.246971,0.087412,0.340697
bbc_20130322_332,E1,E3,1,0.085035,0.568169,0.073339,0.273457
bbc_20130322_332,E1,E4,1,0.000003,0.998145,0.000344,0.001508
bbc_20130322_332,E2,E3,1,0.090203,0.551716,0.084418,0.273662
bbc_20130322_332,E2,E4,1,0.000005,0.997472,0.000475,0.002048
bbc_20130322_332,E3,E4,1,0.000022,0.994894,0.001096,0.003989
bbc_20130322_332,E12,E13,1,0.024255,0.732068,0.048830,0.194847
bbc_20130322_332,E17,E18,3,0.284524,0.299988,0.100716,0.314772
bbc_20130322_332,E22,E23,0,0.995749,0.000021,0.000884,0.003346
bbc_20130322_332,E27,E28,3,0.290129,0.308200,0.092125,0.309546
bbc_20130322_332,E27,E29,0,0.967982,0.000912,0.006752,0.024353
bbc_20130322_332,E28,E29,0,0.951162,0.001994,0.010161,0.036683
bbc_20130322_332,E31,E33,1,0.029968,0.745433,0.057490,0.167108
bbc_20130322_332,E31,E34,0,0.581930,0.124326,0.077142,0.216603
bbc_20130322_332,E31,E35,1,0.090996,0.586649,0.091135,0.231220
bbc_20130322_332,E33,E34,0,0.739086,0.039475,0.048762,0.172677
bbc_20130322_332,E33,E35,0,0.935363,0.002973,0.015799,0.045865
bbc_20130322_332,E34,E35,0,0.886346,0.009831,0.026532,0.077291
bbc_20130322_332,E37,E38,0,0.819589,0.011108,0.032458,0.136845
bbc_20130322_332,E37,E40,0,0.616508,0.055832,0.062687,0.264972
bbc_20130322_332,E38,E40,0,0.388192,0.169861,0.085425,0.356522
bbc_20130322_332,E1,E5,0,0.807221,0.015892,0.034278,0.142609
bbc_20130322_332,E2,E5,0,0.715033,0.037135,0.054333,0.193499
bbc_20130322_332,E3,E5,0,0.856191,0.011923,0.031048,0.100838
bbc_20130322_332,E4,E5,0,0.996939,0.000013,0.000631,0.002417
bbc_20130322_332,E5,E9,1,0.000186,0.979511,0.004256,0.016048
bbc_20130322_332,E9,E11,1,0.016444,0.805475,0.046790,0.131291
bbc_20130322_332,E11,E12,0,0.990783,0.000079,0.002053,0.007085
bbc_20130322_332,E11,E13,0,0.955315,0.001029,0.010255,0.033401
bbc_20130322_332,E12,E17,1,0.002970,0.910753,0.018993,0.067285
bbc_20130322_332,E12,E18,1,0.012685,0.814366,0.037654,0.135294
bbc_20130322_332,E13,E17,1,0.026061,0.740968,0.051169,0.181802
bbc_20130322_332,E13,E18,1,0.129180,0.460557,0.089049,0.321214
bbc_20130322_332,E17,E19,0,0.928792,0.002290,0.015137,0.053781
bbc_20130322_332,E18,E19,0,0.866223,0.007051,0.027665,0.099062
bbc_20130322_332,E19,E22,1,0.003434,0.905839,0.019862,0.070864
bbc_20130322_332,E19,E23,0,0.916484,0.004709,0.018833,0.059974
bbc_20130322_332,E22,E24,1,0.029512,0.759094,0.050908,0.160486
bbc_20130322_332,E23,E24,1,0.000060,0.989848,0.002124,0.007967
bbc_20130322_332,E27,E30,0,0.956290,0.001478,0.010079,0.032153
bbc_20130322_332,E28,E30,0,0.934253,0.003238,0.014916,0.047593
bbc_20130322_332,E29,E30,0,0.322233,0.298535,0.082865,0.296367
bbc_20130322_332,E30,E31,0,0.689015,0.050659,0.058400,0.201927
bbc_20130322_332,E30,E33,1,0.074135,0.618643,0.068228,0.238994
bbc_20130322_332,E30,E34,1,0.245493,0.386056,0.087824,0.280627
bbc_20130322_332,E30,E35,0,0.667547,0.068119,0.065978,0.198357
bbc_20130322_332,E31,E36,1,0.055775,0.682841,0.066231,0.195153
bbc_20130322_332,E33,E36,0,0.393385,0.223845,0.086090,0.296680
bbc_20130322_332,E34,E36,0,0.376520,0.260509,0.083372,0.279600
bbc_20130322_332,E35,E36,1,0.120536,0.598856,0.076241,0.204368
bbc_20130322_332,E36,E37,0,0.994340,0.000033,0.001185,0.004442
bbc_20130322_332,E36,E38,0,0.993196,0.000033,0.001240,0.005531
bbc_20130322_332,E36,E40,0,0.989429,0.000081,0.002106,0.008384
bbc_20130322_1600,E2,E5,0,0.518061,0.155743,0.078708,0.247487
bbc_20130322_1600,E6,E7,1,0.009510,0.894992,0.025320,0.070178
bbc_20130322_1600,E6,E8,0,0.990178,0.000116,0.002397,0.007310
bbc_20130322_1600,E6,E9,0,0.979684,0.000478,0.004722,0.015116
bbc_20130322_1600,E7,E8,0,0.998731,0.000003,0.000259,0.001006
bbc_20130322_1600,E7,E9,0,0.996867,0.000018,0.000714,0.002400
bbc_20130322_1600,E8,E9,1,0.083776,0.648503,0.055668,0.212053
bbc_20130322_1600,E10,E11,0,0.760682,0.046141,0.057082,0.136095
bbc_20130322_1600,E10,E12,0,0.937320,0.004163,0.016803,0.041714
bbc_20130322_1600,E11,E12,0,0.794040,0.035281,0.047813,0.122865
bbc_20130322_1600,E16,E20,1,0.002828,0.926416,0.016477,0.054280
bbc_20130322_1600,E21,E22,0,0.944732,0.003070,0.012330,0.039868
bbc_20130322_1600,E2,E6,0,0.434970,0.222672,0.090440,0.251918
bbc_20130322_1600,E2,E7,1,0.062016,0.708409,0.058712,0.170863
bbc_20130322_1600,E2,E8,0,0.995889,0.000024,0.000903,0.003184
bbc_20130322_1600,E2,E9,0,0.988012,0.000144,0.002645,0.009198
bbc_20130322_1600,E5,E6,0,0.657900,0.091572,0.061463,0.189064
bbc_20130322_1600,E5,E7,1,0.015977,0.868794,0.029888,0.085341
bbc_20130322_1600,E5,E8,0,0.994510,0.000043,0.001268,0.004180
bbc_20130322_1600,E5,E9,0,0.980500,0.000457,0.004305,0.014738
bbc_20130322_1600,E6,E10,1,0.002319,0.942713,0.015888,0.039080
bbc_20130322_1600,E6,E11,1,0.034564,0.750649,0.057876,0.156911
bbc_20130322_1600,E6,E12,1,0.185636,0.475721,0.090638,0.248004
bbc_20130322_1600,E7,E10,1,0.299082,0.376732,0.091937,0.232250
bbc_20130322_1600,E7,E11,0,0.921728,0.006880,0.021235,0.050158
bbc_20130322_1600,E7,E12,0,0.976619,0.000681,0.005988,0.016712
bbc_20130322_1600,E8,E10,1,0.000029,0.994187,0.001267,0.004517
bbc_20130322_1600,E8,E11,1,0.000203,0.982108,0.004161,0.013529
bbc_20130322_1600,E8,E12,1,0.001227,0.957582,0.009789,0.031401
bbc_20130322_1600,E9,E10,1,0.000181,0.983044,0.003914,0.012860
bbc_20130322_1600,E9,E11,1,0.003541,0.923553,0.018266,0.054639
bbc_20130322_1600,E9,E12,1,0.045272,0.727099,0.051063,0.176567
bbc_20130322_1600,E10,E13,0,0.991607,0.000086,0.001941,0.006366
bbc_20130322_1600,E11,E13,0,0.970655,0.000753,0.007276,0.021317
bbc_20130322_1600,E12,E13,0,0.898899,0.007614,0.023139,0.070349
bbc_20130322_1600,E13,E30,1,0.005783,0.892025,0.025240,0.076952
bbc_20130322_1600,E30,E14,0,0.939468,0.002815,0.015028,0.042688
bbc_20130322_1600,E14,E16,0,0.613696,0.079316,0.080004,0.226984
bbc_20130322_1600,E14,E20,1,0.189693,0.410335,0.104872,0.295100
bbc_20130322_1600,E16,E21,1,0.285901,0.317426,0.088727,0.307945
bbc_20130322_1600,E16,E22,0,0.880965,0.008227,0.024156,0.086651
bbc_20130322_1600,E20,E21,0,0.895310,0.007365,0.021759,0.075565
bbc_20130322_1600,E20,E22,0,0.980185,0.000351,0.004625,0.014839
bbc_20130322_1600,E21,E25,0,0.988347,0.000144,0.002776,0.008733
bbc_20130322_1600,E22,E25,0,0.934699,0.003057,0.012946,0.049298
WSJ_20130322_804,E1,E2002,0,0.967343,0.000559,0.007000,0.025098
WSJ_20130322_804,E11,E13,3,0.330557,0.199083,0.100595,0.369766
WSJ_20130322_804,E11,E14,1,0.045286,0.681356,0.058475,0.214883
WSJ_20130322_804,E13,E14,1,0.093822,0.545485,0.083947,0.276746
WSJ_20130322_804,E22,E23,1,0.113191,0.445683,0.098879,0.342248
WSJ_20130322_804,E25,E26,0,0.691216,0.035259,0.071467,0.202058
WSJ_20130322_804,E25,E30,0,0.981496,0.000234,0.004095,0.014176
WSJ_20130322_804,E26,E30,0,0.965834,0.000543,0.007138,0.026485
WSJ_20130322_804,E9,E11,1,0.181602,0.384209,0.093738,0.340451
WSJ_20130322_804,E9,E13,0,0.539749,0.076538,0.081157,0.302556
WSJ_20130322_804,E9,E14,1,0.059877,0.619499,0.067953,0.252672
WSJ_20130322_804,E11,E16,1,0.064475,0.582673,0.075372,0.277479
WSJ_20130322_804,E13,E16,1,0.150145,0.403134,0.103932,0.342790
WSJ_20130322_804,E14,E16,1,0.085362,0.540861,0.076728,0.297049
WSJ_20130322_804,E16,E17,0,0.985788,0.000145,0.002970,0.011096
WSJ_20130322_804,E17,E18,1,0.000111,0.986818,0.003077,0.009994
WSJ_20130322_804,E21,E22,0,0.633660,0.056612,0.069438,0.240289
WSJ_20130322_804,E21,E23,0,0.512223,0.110923,0.087914,0.288940
WSJ_20130322_804,E22,E25,0,0.659083,0.040758,0.066839,0.233320
WSJ_20130322_804,E22,E26,3,0.351560,0.146869,0.104922,0.396649
WSJ_20130322_804,E22,E30,0,0.920910,0.002175,0.016430,0.060486
WSJ_20130322_804,E23,E25,0,0.859709,0.008297,0.029616,0.102378
WSJ_20130322_804,E23,E26,0,0.775202,0.016705,0.043574,0.164520
WSJ_20130322_804,E23,E30,0,0.968240,0.000502,0.006631,0.024627
WSJ_20130322_804,E25,E33,0,0.971055,0.000400,0.006172,0.022373
WSJ_20130322_804,E26,E33,0,0.955533,0.000812,0.009268,0.034387
WSJ_20130322_804,E30,E33,0,0.542684,0.067866,0.082812,0.306638
WSJ_20130322_804,E33,E35,1,0.051526,0.626323,0.078188,0.243963
WSJ_20130318_731,E1,E2,1,0.018479,0.791534,0.049145,0.140842
WSJ_20130318_731,E1,E3,1,0.107942,0.465695,0.112368,0.313995
WSJ_20130318_731,E2,E3,0,0.867285,0.009708,0.030402,0.092605
WSJ_20130318_731,E11,E12,1,0.001725,0.935713,0.014562,0.048000
WSJ_20130318_731,E11,E13,1,0.131036,0.492358,0.081709,0.294897
WSJ_20130318_731,E12,E13,0,0.808796,0.020810,0.040885,0.129510
WSJ_20130318_731,E20,E21,0,0.990354,0.000069,0.001944,0.007633
WSJ_20130318_731,E20,E22,0,0.984096,0.000167,0.003366,0.012372
WSJ_20130318_731,E21,E22,0,0.760304,0.021716,0.047325,0.170654
WSJ_20130318_731,E9,E10,1,0.036241,0.746554,0.051115,0.166089
WSJ_20130318_731,E10,E11,0,0.996800,0.000014,0.000659,0.002526
WSJ_20130318_731,E10,E12,0,0.979080,0.000352,0.004393,0.016175
WSJ_20130318_731,E10,E13,0,0.996923,0.000015,0.000663,0.002399
WSJ_20130318_731,E11,E14,0,0.555828,0.066503,0.089320,0.288349
WSJ_20130318_731,E12,E14,0,0.858459,0.008734,0.031749,0.101058
WSJ_20130318_731,E13,E14,0,0.410116,0.156278,0.101415,0.332191
CNN_20130322_1003,E1,E2,1,0.001075,0.962780,0.010717,0.025428
CNN_20130322_1003,E1,E3,0,0.881387,0.014817,0.030383,0.073413
CNN_20130322_1003,E1,E5,0,0.977327,0.000527,0.005696,0.016450
CNN_20130322_1003,E2,E3,0,0.984851,0.000375,0.004191,0.010583
CNN_20130322_1003,E2,E5,0,0.993295,0.000058,0.001519,0.005128
CNN_20130322_1003,E3,E5,0,0.631325,0.115376,0.072985,0.180314
CNN_20130322_1003,E6,E7,1,0.003464,0.948534,0.013390,0.034612
CNN_20130322_1003,E9,E10,1,0.128219,0.593195,0.058176,0.220410
CNN_20130322_1003,E9,E11,1,0.000042,0.992337,0.001606,0.006015
CNN_20130322_1003,E9,E1000,1,0.000008,0.997086,0.000574,0.002332
CNN_20130322_1003,E10,E11,1,0.000204,0.980941,0.003842,0.015013
CNN_20130322_1003,E10,E1000,1,0.000020,0.994681,0.001063,0.004235
CNN_20130322_1003,E11,E1000,1,0.006574,0.901331,0.020546,0.071549
CNN_20130322_1003,E12,E13,1,0.003289,0.918978,0.022042,0.055691
CNN_20130322_1003,E12,E14,1,0.000034,0.993224,0.001456,0.005286
CNN_20130322_1003,E12,E15,1,0.000031,0.993354,0.001406,0.005208
CNN_20130322_1003,E13,E14,1,0.000978,0.962079,0.009549,0.027394
CNN_20130322_1003,E13,E15,1,0.000835,0.963558,0.009962,0.025645
CNN_20130322_1003,E14,E15,1,0.013258,0.881241,0.028307,0.077194
CNN_20130322_1003,E17,E19,1,0.000119,0.986032,0.003170,0.010679
CNN_20130322_1003,E17,E20,0,0.795434,0.023968,0.042666,0.137933
CNN_20130322_1003,E19,E20,0,0.997309,0.000013,0.000599,0.002079
CNN_20130322_1003,E23,E27,1,0.048731,0.739213,0.056323,0.155733
CNN_20130322_1003,E30,E31,1,0.112788,0.516856,0.090773,0.279584
CNN_20130322_1003,E30,E32,1,0.000026,0.993834,0.001278,0.004862
CNN_20130322_1003,E30,E33,1,0.000004,0.997848,0.000436,0.001712
CNN_20130322_1003,E31,E32,1,0.000033,0.993333,0.001413,0.005221
CNN_20130322_1003,E31,E33,1,0.000002,0.998435,0.000290,0.001273
CNN_20130322_1003,E32,E33,1,0.007799,0.912665,0.019898,0.059638
CNN_20130322_1003,E34,E36,1,0.000011,0.996306,0.000780,0.002903
CNN_20130322_1003,E40,E41,1,0.000869,0.966884,0.008255,0.023992
CNN_20130322_1003,E40,E42,1,0.000148,0.987072,0.003515,0.009265
CNN_20130322_1003,E41,E42,1,0.001658,0.965385,0.009432,0.023524
CNN_20130322_1003,E43,E44,0,0.774625,0.035934,0.047728,0.141713
CNN_20130322_1003,E45,E47,0,0.580624,0.087934,0.087012,0.244430
CNN_20130322_1003,E55,E57,0,0.988284,0.000116,0.002620,0.008980
CNN_20130322_1003,E1,E6,0,0.849348,0.025953,0.034711,0.089988
CNN_20130322_1003,E1,E7,0,0.356076,0.348385,0.092694,0.202845
CNN_20130322_1003,E2,E6,0,0.988838,0.000228,0.002985,0.007949
CNN_20130322_1003,E2,E7,0,0.947674,0.004690,0.015017,0.032619
CNN_20130322_1003,E3,E6,0,0.457555,0.263527,0.079486,0.199432
CNN_20130322_1003,E3,E7,1,0.051553,0.784990,0.052072,0.111385
CNN_20130322_1003,E5,E6,1,0.072917,0.717531,0.056635,0.152917
CNN_20130322_1003,E5,E7,1,0.002724,0.950069,0.014296,0.032911
CNN_20130322_1003,E6,E9,0,0.990801,0.000131,0.002164,0.006904
CNN_20130322_1003,E6,E10,0,0.980670,0.000502,0.004031,0.014797
CNN_20130322_1003,E6,E11,1,0.097300,0.644329,0.057982,0.200389
CNN_20130322_1003,E6,E1000,1,0.001892,0.953342,0.010761,0.034004
CNN_20130322_1003,E7,E9,0,0.995708,0.000034,0.001079,0.003179
CNN_20130322_1003,E7,E10,0,0.993058,0.000090,0.001772,0.005080
CNN_20130322_1003,E7,E11,1,0.336877,0.357409,0.082903,0.222811
CNN_20130322_1003,E7,E1000,1,0.010313,0.902377,0.025226,0.062083
CNN_20130322_1003,E9,E12,1,0.005862,0.914204,0.018861,0.061072
CNN_20130322_1003,E9,E13,1,0.000170,0.984128,0.003680,0.012022
CNN_20130322_1003,E9,E14,1,0.000005,0.997759,0.000446,0.001790
CNN_20130322_1003,E9,E15,1,0.000005,0.997845,0.000420,0.001730
CNN_20130322_1003,E10,E12,1,0.037444,0.767128,0.043362,0.152067
CNN_20130322_1003,E10,E13,1,0.000729,0.967208,0.008010,0.024052
CNN_20130322_1003,E10,E14,1,0.000012,0.996452,0.000725,0.002811
CNN_20130322_1003,E10,E15,1,0.000014,0.996297,0.000804,0.002885
CNN_20130322_1003,E11,E12,0,0.940954,0.003490,0.012984,0.042571
CNN_20130322_1003,E11,E13,0,0.569737,0.141116,0.075936,0.213211
CNN_20130322_1003,E11,E14,1,0.011448,0.885118,0.024393,0.079041
CNN_20130322_1003,E11,E15,1,0.007609,0.901033,0.021687,0.069671
CNN_20130322_1003,E1000,E12,0,0.991722,0.000099,0.001964,0.006215
CNN_20130322_1003,E1000,E13,0,0.947735,0.003498,0.014019,0.034748
CNN_20130322_1003,E1000,E14,1,0.329699,0.372975,0.077255,0.220070
CNN_20130322_1003,E1000,E15,1,0.245218,0.473348,0.080194,0.201240
CNN_20130322_1003,E12,E17,1,0.000474,0.968956,0.007317,0.023252
CNN_20130322_1003,E12,E19,1,0.000026,0.994300,0.001222,0.004452
CNN_20130322_1003,E12,E20,1,0.256714,0.372674,0.093117,0.277495
CNN_20130322_1003,E13,E17,1,0.021274,0.792062,0.048035,0.138629
CNN_20130322_1003,E13,E19,1,0.000316,0.978561,0.005374,0.015750
CNN_20130322_1003,E13,E20,0,0.943534,0.002590,0.013798,0.040079
CNN_20130322_1003,E14,E17,1,0.267904,0.358983,0.089365,0.283748
CNN_20130322_1003,E14,E19,1,0.001548,0.956719,0.010823,0.030911
CNN_20130322_1003,E14,E20,0,0.986900,0.000212,0.003088,0.009800
CNN_20130322_1003,E15,E17,0,0.360488,0.254411,0.092982,0.292119
CNN_20130322_1003,E15,E19,1,0.002660,0.939918,0.014950,0.042472
CNN_20130322_1003,E15,E20,0,0.990167,0.000109,0.002337,0.007387
CNN_20130322_1003,E17,E21,0,0.597839,0.094064,0.072935,0.235161
CNN_20130322_1003,E19,E21,0,0.993149,0.000067,0.001579,0.005205
CNN_20130322_1003,E20,E21,1,0.116405,0.588636,0.073919,0.221040
CNN_20130322_1003,E21,E23,0,0.907190,0.007395,0.022230,0.063186
CNN_20130322_1003,E21,E27,1,0.030993,0.794949,0.048582,0.125476
CNN_20130322_1003,E30,E34,0,0.930493,0.002350,0.015693,0.051464
CNN_20130322_1003,E30,E36,1,0.000213,0.981333,0.004363,0.014091
CNN_20130322_1003,E31,E34,0,0.967561,0.000618,0.006658,0.025163
CNN_20130322_1003,E31,E36,1,0.000375,0.976101,0.005274,0.018251
CNN_20130322_1003,E32,E34,0,0.998804,0.000003,0.000231,0.000961
CNN_20130322_1003,E32,E36,0,0.757347,0.052935,0.046435,0.143283
CNN_20130322_1003,E33,E34,0,0.999271,0.000001,0.000142,0.000587
CNN_20130322_1003,E33,E36,0,0.834898,0.038571,0.033961,0.092571
CNN_20130322_1003,E34,E38,1,0.010398,0.831019,0.038733,0.119849
CNN_20130322_1003,E36,E38,0,0.977518,0.000420,0.005641,0.016421
CNN_20130322_1003,E38,E40,1,0.166698,0.473319,0.097462,0.262522
CNN_20130322_1003,E38,E41,1,0.002140,0.950674,0.013918,0.033269
CNN_20130322_1003,E38,E42,1,0.000353,0.980604,0.005711,0.013332
CNN_20130322_1003,E40,E43,0,0.958122,0.001133,0.009339,0.031406
CNN_20130322_1003,E40,E44,0,0.986062,0.000195,0.003333,0.010410
CNN_20130322_1003,E41,E43,0,0.987077,0.000183,0.002947,0.009792
CNN_20130322_1003,E41,E44,0,0.994972,0.000039,0.001158,0.003831
CNN_20130322_1003,E42,E43,0,0.994019,0.000054,0.001523,0.004404
CNN_20130322_1003,E42,E44,0,0.997260,0.000014,0.000653,0.002073
CNN_20130322_1003,E43,E45,0,0.415887,0.165153,0.100744,0.318217
CNN_20130322_1003,E43,E47,0,0.467793,0.166990,0.095827,0.269390
CNN_20130322_1003,E44,E45,1,0.047262,0.665764,0.066183,0.220791
CNN_20130322_1003,E44,E47,1,0.020867,0.775357,0.046374,0.157401
CNN_20130322_1003,E45,E48,1,0.194143,0.381385,0.113681,0.310791
CNN_20130322_1003,E47,E48,1,0.056533,0.661294,0.071837,0.210336
CNN_20130322_1003,E48,E50,0,0.736820,0.034031,0.057494,0.171655
CNN_20130322_1003,E50,E51,1,0.001273,0.944104,0.013077,0.041545
CNN_20130322_1003,E51,E52,0,0.783096,0.017436,0.041257,0.158211
CNN_20130322_1003,E52,E53,0,0.947441,0.001060,0.011345,0.040154
CNN_20130322_1003,E53,E55,3,0.262818,0.276486,0.111866,0.348831
