WSJ_20130322_159,E5,E6,1,0.006354,0.906882,0.023239,0.063525
WSJ_20130322_159,E5,E10,1,0.174872,0.482253,0.085757,0.257118
WSJ_20130322_159,E5,E11,0,0.835041,0.021343,0.033229,0.110387
WSJ_20130322_159,E6,E10,0,0.586000,0.094161,0.072788,0.247051
WSJ_20130322_159,E6,E11,0,0.941995,0.002139,0.011840,0.044027
WSJ_20130322_159,E10,E11,0,0.761986,0.023096,0.044520,0.170398
WSJ_20130322_159,E12,E14,3,0.118008,0.383268,0.082949,0.415775
WSJ_20130322_159,E18,E19,0,0.796794,0.019173,0.040100,0.143933
WSJ_20130322_159,E20,E22,1,0.000187,0.980916,0.004421,0.014475
WSJ_20130322_159,E29,E31,0,0.923916,0.002136,0.011992,0.061955
WSJ_20130322_159,E29,E34,3,0.366128,0.179563,0.074752,0.379557
WSJ_20130322_159,E29,E37,0,0.945612,0.001813,0.009487,0.043088
WSJ_20130322_159,E31,E34,1,0.035041,0.638065,0.056779,0.270114
WSJ_20130322_159,E31,E37,0,0.651641,0.047798,0.055364,0.245198
WSJ_20130322_159,E34,E37,0,0.984702,0.000177,0.002945,0.012176
WSJ_20130322_159,E38,E39,1,0.000477,0.966905,0.007664,0.024954
WSJ_20130322_159,E38,E40,1,0.060696,0.523766,0.072743,0.342795
WSJ_20130322_159,E39,E40,0,0.548954,0.066777,0.070185,0.314085
WSJ_20130322_159,E42,E44,1,0.000379,0.969405,0.006426,0.023789
WSJ_20130322_159,E46,E47,1,0.013963,0.853734,0.033474,0.098829
WSJ_20130322_159,E46,E49,1,0.016009,0.811516,0.038538,0.133937
WSJ_20130322_159,E47,E49,0,0.485089,0.165759,0.069445,0.279707
WSJ_20130322_159,E1,E5,1,0.014362,0.806048,0.041085,0.138505
WSJ_20130322_159,E1,E6,1,0.003027,0.900413,0.023121,0.073439
WSJ_20130322_159,E1,E10,1,0.074985,0.530240,0.088477,0.306299
WSJ_20130322_159,E1,E11,0,0.437377,0.130908,0.092145,0.339570
WSJ_20130322_159,E5,E12,0,0.993774,0.000041,0.001200,0.004985
WSJ_20130322_159,E5,E14,0,0.929114,0.002292,0.011862,0.056732
WSJ_20130322_159,E6,E12,0,0.996008,0.000015,0.000663,0.003314
WSJ_20130322_159,E6,E14,0,0.971356,0.000354,0.004754,0.023536
WSJ_20130322_159,E10,E12,0,0.980077,0.000206,0.003749,0.015967
WSJ_20130322_159,E10,E14,0,0.747025,0.016153,0.039525,0.197297
WSJ_20130322_159,E11,E12,0,0.953897,0.000887,0.008587,0.036628
WSJ_20130322_159,E11,E14,0,0.447863,0.090317,0.074266,0.387554
WSJ_20130322_159,E12,E18,0,0.941945,0.001159,0.010129,0.046767
WSJ_20130322_159,E12,E19,0,0.740960,0.030637,0.045365,0.183038
WSJ_20130322_159,E14,E18,0,0.987167,0.000087,0.002180,0.010566
WSJ_20130322_159,E14,E19,0,0.948620,0.001419,0.009402,0.040559
WSJ_20130322_159,E18,E20,1,0.013730,0.793659,0.045029,0.147582
WSJ_20130322_159,E18,E22,1,0.000087,0.987186,0.002840,0.009886
WSJ_20130322_159,E19,E20,1,0.008128,0.851838,0.030762,0.109272
WSJ_20130322_159,E19,E22,1,0.000010,0.996238,0.000756,0.002996
WSJ_20130322_159,E20,E26,1,0.009397,0.871776,0.029427,0.089400
WSJ_20130322_159,E22,E26,0,0.917155,0.009504,0.018542,0.054800
WSJ_20130322_159,E26,E29,0,0.965323,0.000745,0.006425,0.027506
WSJ_20130322_159,E26,E31,0,0.996504,0.000012,0.000581,0.002903
WSJ_20130322_159,E26,E34,0,0.979422,0.000260,0.003871,0.016447
WSJ_20130322_159,E26,E37,0,0.997620,0.000009,0.000428,0.001943
WSJ_20130322_159,E29,E38,0,0.570248,0.082930,0.062373,0.284449
WSJ_20130322_159,E29,E39,1,0.003000,0.913867,0.016954,0.066179
WSJ_20130322_159,E29,E40,1,0.029133,0.651931,0.052433,0.266503
WSJ_20130322_159,E31,E38,1,0.075852,0.507892,0.077327,0.338928
WSJ_20130322_159,E31,E39,1,0.000232,0.974225,0.005278,0.020265
WSJ_20130322_159,E31,E40,1,0.001608,0.904082,0.016628,0.077683
WSJ_20130322_159,E34,E38,0,0.620001,0.063714,0.062449,0.253835
WSJ_20130322_159,E34,E39,1,0.004197,0.898646,0.021647,0.075510
WSJ_20130322_159,E34,E40,1,0.038823,0.605939,0.063843,0.291394
WSJ_20130322_159,E37,E38,1,0.068932,0.602608,0.064218,0.264242
WSJ_20130322_159,E37,E39,1,0.000124,0.984251,0.003392,0.012234
WSJ_20130322_159,E37,E40,1,0.000939,0.936216,0.011443,0.051402
WSJ_20130322_159,E38,E42,0,0.971959,0.000347,0.005246,0.022447
WSJ_20130322_159,E38,E44,3,0.330536,0.203504,0.086327,0.379633
WSJ_20130322_159,E39,E42,0,0.994829,0.000023,0.000884,0.004264
WSJ_20130322_159,E39,E44,0,0.710295,0.036145,0.047178,0.206382
WSJ_20130322_159,E40,E42,0,0.987861,0.000070,0.002000,0.010069
WSJ_20130322_159,E40,E44,0,0.458836,0.085428,0.075796,0.379940
WSJ_20130322_159,E42,E46,0,0.830983,0.011060,0.028940,0.129018
WSJ_20130322_159,E42,E47,1,0.129812,0.412967,0.078557,0.378664
WSJ_20130322_159,E42,E49,1,0.028794,0.706613,0.049809,0.214785
WSJ_20130322_159,E44,E46,0,0.984626,0.000111,0.002491,0.012773
WSJ_20130322_159,E44,E47,0,0.909837,0.002522,0.013353,0.074288
WSJ_20130322_159,E44,E49,0,0.853336,0.007217,0.022153,0.117294
WSJ_20130322_159,E46,E55,0,0.825968,0.021434,0.031393,0.121205
WSJ_20130322_159,E47,E55,0,0.985884,0.000201,0.002737,0.011178
WSJ_20130322_159,E49,E55,0,0.934321,0.003515,0.011675,0.050489
nyt_20130322_strange_computer,E8,E11,0,0.996710,0.000023,0.000726,0.002541
nyt_20130322_strange_computer,E14,E16,1,0.000174,0.983160,0.004119,0.012547
nyt_20130322_strange_computer,E19,E22,0,0.360606,0.194138,0.092087,0.353168
nyt_20130322_strange_computer,E19,E23,1,0.045380,0.676018,0.059072,0.219531
nyt_20130322_strange_computer,E22,E23,1,0.222805,0.351382,0.092681,0.333132
nyt_20130322_strange_computer,E6,E8,1,0.203257,0.452586,0.098675,0.245483
nyt_20130322_strange_computer,E6,E11,0,0.993804,0.000052,0.001327,0.004818
nyt_20130322_strange_computer,E8,E14,0,0.996675,0.000020,0.000691,0.002614
nyt_20130322_strange_computer,E8,E16,0,0.688244,0.088939,0.065850,0.156967
nyt_20130322_strange_computer,E11,E14,0,0.821697,0.017044,0.036431,0.124828
nyt_20130322_strange_computer,E11,E16,1,0.000443,0.972114,0.006998,0.020445
nyt_20130322_strange_computer,E14,E19,1,0.096846,0.541024,0.083759,0.278372
nyt_20130322_strange_computer,E14,E22,3,0.364618,0.165224,0.100115,0.370043
nyt_20130322_strange_computer,E14,E23,1,0.044894,0.646967,0.069259,0.238880
nyt_20130322_strange_computer,E16,E19,0,0.967316,0.000765,0.007363,0.024555
nyt_20130322_strange_computer,E16,E22,0,0.953787,0.001181,0.009611,0.035421
nyt_20130322_strange_computer,E16,E23,0,0.846661,0.012997,0.029408,0.110935
nyt_20130322_strange_computer,E19,E24,0,0.815255,0.020060,0.036701,0.127983
nyt_20130322_strange_computer,E22,E24,0,0.912189,0.005052,0.019032,0.063727
nyt_20130322_strange_computer,E23,E24,0,0.961232,0.001032,0.008280,0.029456
CNN_20130321_821,E4,E5,3,0.242190,0.260565,0.104022,0.393223
CNN_20130321_821,E5,E8,0,0.799556,0.013609,0.033789,0.153047
CNN_20130321_821,E8,E1000,0,0.845536,0.006626,0.029566,0.118273
CNN_20130321_821,E1002,E20,0,0.907535,0.004402,0.022439,0.065624
nyt_20130321_cyprus,E2,E5,0,0.575706,0.100223,0.073249,0.250822
nyt_20130321_cyprus,E7,E2009,3,0.303801,0.284494,0.091578,0.320126
nyt_20130321_cyprus,E13,E15,0,0.729264,0.034886,0.051027,0.184824
nyt_20130321_cyprus,E22,E23,1,0.188250,0.380598,0.074316,0.356836
nyt_20130321_cyprus,E22,E24,1,0.000012,0.996093,0.000832,0.003062
nyt_20130321_cyprus,E23,E24,1,0.000136,0.984884,0.003397,0.011583
nyt_20130321_cyprus,E33,E35,0,0.781648,0.036826,0.042624,0.138903
nyt_20130321_cyprus,E41,E42,1,0.026194,0.736456,0.051273,0.186077
nyt_20130321_cyprus,E46,E47,0,0.942837,0.003093,0.011188,0.042881
nyt_20130321_cyprus,E48,E51,0,0.980178,0.000232,0.003858,0.015732
nyt_20130321_cyprus,E2,E7,0,0.968835,0.000688,0.006813,0.023665
nyt_20130321_cyprus,E2,E2009,0,0.967820,0.000851,0.007877,0.023452
nyt_20130321_cyprus,E5,E7,0,0.980507,0.000279,0.003806,0.015408
nyt_20130321_cyprus,E5,E2009,0,0.977536,0.000422,0.004933,0.017109
nyt_20130321_cyprus,E7,E9,1,0.000654,0.960815,0.008745,0.029785
nyt_20130321_cyprus,E2009,E9,1,0.003737,0.916257,0.020373,0.059632
nyt_20130321_cyprus,E10,E13,0,0.985026,0.000259,0.003454,0.011261
nyt_20130321_cyprus,E10,E15,0,0.983095,0.000229,0.003219,0.013457
nyt_20130321_cyprus,E13,E21,0,0.880326,0.008509,0.026421,0.084743
nyt_20130321_cyprus,E15,E21,0,0.896519,0.005108,0.019048,0.079326
nyt_20130321_cyprus,E21,E22,0,0.890824,0.006938,0.020133,0.082104
nyt_20130321_cyprus,E21,E23,0,0.428949,0.153806,0.075668,0.341577
nyt_20130321_cyprus,E21,E24,1,0.000033,0.993267,0.001506,0.005194
nyt_20130321_cyprus,E22,E25,1,0.000195,0.978466,0.004560,0.016779
nyt_20130321_cyprus,E23,E25,1,0.013263,0.810842,0.034258,0.141637
nyt_20130321_cyprus,E24,E25,0,0.922412,0.003828,0.016701,0.057059
nyt_20130321_cyprus,E33,E36,0,0.627174,0.075377,0.062549,0.234900
nyt_20130321_cyprus,E35,E36,1,0.095590,0.535119,0.073371,0.295921
nyt_20130321_cyprus,E36,E41,0,0.974151,0.000405,0.005124,0.020320
nyt_20130321_cyprus,E36,E42,1,0.228258,0.354501,0.086543,0.330698
nyt_20130321_cyprus,E46,E48,0,0.394359,0.252671,0.086832,0.266139
nyt_20130321_cyprus,E46,E51,0,0.992244,0.000077,0.001664,0.006016
nyt_20130321_cyprus,E47,E48,1,0.035868,0.721157,0.049183,0.193792
nyt_20130321_cyprus,E47,E51,0,0.962084,0.000882,0.006660,0.030374
nyt_20130321_cyprus,E48,E57,1,0.000499,0.971447,0.007401,0.020653
nyt_20130321_cyprus,E51,E57,1,0.000007,0.997427,0.000566,0.002000
bbc_20130322_1353,E1,E5,1,0.000160,0.982616,0.004049,0.013175
bbc_20130322_1353,E8,E10,1,0.000067,0.989831,0.002328,0.007774
bbc_20130322_1353,E15,E16,1,0.003800,0.907033,0.018721,0.070446
bbc_20130322_1353,E19,E20,1,0.003619,0.949280,0.013595,0.033506
bbc_20130322_1353,E19,E21,1,0.000775,0.974870,0.006924,0.017430
bbc_20130322_1353,E20,E21,1,0.039121,0.818774,0.041026,0.101079
bbc_20130322_1353,E23,E25,0,0.719323,0.051114,0.051008,0.178556
bbc_20130322_1353,E23,E26,1,0.021484,0.799455,0.044222,0.134839
bbc_20130322_1353,E23,E27,1,0.000146,0.986680,0.003511,0.009663
bbc_20130322_1353,E25,E26,1,0.001007,0.961956,0.009082,0.027954
bbc_20130322_1353,E25,E27,1,0.000022,0.995510,0.001089,0.003379
bbc_20130322_1353,E26,E27,1,0.000532,0.975159,0.006831,0.017479
bbc_20130322_1353,E28,E29,1,0.000194,0.985512,0.003989,0.010305
bbc_20130322_1353,E28,E31,1,0.000806,0.968721,0.008701,0.021772
bbc_20130322_1353,E29,E31,0,0.364322,0.315278,0.090139,0.230260
bbc_20130322_1353,E33,E34,0,0.946128,0.003071,0.012268,0.038534
bbc_20130322_1353,E35,E36,1,0.105759,0.564319,0.093098,0.236824
bbc_20130322_1353,E35,E37,1,0.000636,0.970818,0.008126,0.020420
bbc_20130322_1353,E36,E37,1,0.000572,0.966391,0.007751,0.025286
bbc_20130322_1353,E1,E8,0,0.753141,0.017306,0.039697,0.189856
bbc_20130322_1353,E1,E10,1,0.000459,0.971357,0.007050,0.021134
bbc_20130322_1353,E5,E8,0,0.993937,0.000030,0.001061,0.004972
bbc_20130322_1353,E5,E10,0,0.330342,0.319278,0.087688,0.262691
bbc_20130322_1353,E8,E11,0,0.673830,0.029089,0.049656,0.247425
bbc_20130322_1353,E10,E11,0,0.992777,0.000039,0.001259,0.005925
bbc_20130322_1353,E11,E13,3,0.193212,0.257785,0.092044,0.456958
bbc_20130322_1353,E13,E15,0,0.963530,0.001218,0.008948,0.026305
bbc_20130322_1353,E13,E16,0,0.604472,0.101386,0.069032,0.225109
bbc_20130322_1353,E15,E17,1,0.004366,0.879262,0.022958,0.093414
bbc_20130322_1353,E16,E17,3,0.232175,0.269778,0.087141,0.410906
bbc_20130322_1353,E17,E19,1,0.065821,0.680891,0.059389,0.193899
bbc_20130322_1353,E17,E20,1,0.000115,0.987662,0.003061,0.009162
bbc_20130322_1353,E17,E21,1,0.000082,0.989332,0.002591,0.007995
bbc_20130322_1353,E19,E23,0,0.925320,0.004942,0.015555,0.054184
bbc_20130322_1353,E19,E25,0,0.937760,0.003250,0.012873,0.046118
bbc_20130322_1353,E19,E26,0,0.408405,0.254520,0.079084,0.257991
bbc_20130322_1353,E19,E27,1,0.003884,0.933761,0.016293,0.046063
bbc_20130322_1353,E20,E23,0,0.988608,0.000166,0.002534,0.008692
bbc_20130322_1353,E20,E25,0,0.994344,0.000048,0.001203,0.004405
bbc_20130322_1353,E20,E26,0,0.903207,0.010244,0.020250,0.066300
bbc_20130322_1353,E20,E27,1,0.109078,0.657061,0.060733,0.173127
bbc_20130322_1353,E21,E23,0,0.985312,0.000257,0.003477,0.010954
bbc_20130322_1353,E21,E25,0,0.992481,0.000080,0.001682,0.005758
bbc_20130322_1353,E21,E26,0,0.879808,0.014752,0.026414,0.079027
bbc_20130322_1353,E21,E27,1,0.081013,0.703432,0.059719,0.155835
bbc_20130322_1353,E23,E28,0,0.678076,0.053756,0.060520,0.207648
bbc_20130322_1353,E23,E29,1,0.249162,0.400693,0.091107,0.259038
bbc_20130322_1353,E23,E31,1,0.206831,0.451615,0.090034,0.251521
bbc_20130322_1353,E25,E28,0,0.448317,0.194198,0.083960,0.273525
bbc_20130322_1353,E25,E29,1,0.005857,0.913587,0.021282,0.059274
bbc_20130322_1353,E25,E31,1,0.048354,0.758876,0.050595,0.142175
bbc_20130322_1353,E26,E28,0,0.944401,0.002325,0.012782,0.040491
bbc_20130322_1353,E26,E29,0,0.360184,0.299701,0.091686,0.248428
bbc_20130322_1353,E26,E31,0,0.656206,0.100955,0.065657,0.177182
bbc_20130322_1353,E27,E28,0,0.988279,0.000148,0.002642,0.008931
bbc_20130322_1353,E27,E29,0,0.883329,0.012206,0.027662,0.076804
bbc_20130322_1353,E27,E31,0,0.958326,0.001965,0.010538,0.029171
bbc_20130322_1353,E28,E33,1,0.020292,0.828199,0.038984,0.112525
bbc_20130322_1353,E28,E34,1,0.188611,0.488801,0.078295,0.244292
bbc_20130322_1353,E29,E33,0,0.913076,0.007913,0.020363,0.058649
bbc_20130322_1353,E29,E34,0,0.983083,0.000329,0.004021,0.012567
bbc_20130322_1353,E31,E33,0,0.807635,0.043627,0.039835,0.108902
bbc_20130322_1353,E31,E34,0,0.972089,0.001219,0.006660,0.020031
bbc_20130322_1353,E33,E35,0,0.986183,0.000176,0.002973,0.010667
bbc_20130322_1353,E33,E36,0,0.996148,0.000019,0.000723,0.003110
bbc_20130322_1353,E33,E37,0,0.673285,0.061407,0.061811,0.203497
bbc_20130322_1353,E34,E35,0,0.974085,0.000489,0.005061,0.020365
bbc_20130322_1353,E34,E36,0,0.981361,0.000231,0.003398,0.015010
bbc_20130322_1353,E34,E37,0,0.359456,0.226036,0.086452,0.328056
nyt_20130321_women_senate,E1000009,E2,0,0.848674,0.026234,0.029962,0.095130
nyt_20130321_women_senate,E4,E5,1,0.000122,0.988955,0.002997,0.007926
nyt_20130321_women_senate,E4,E6,1,0.093120,0.653127,0.063199,0.190554
nyt_20130321_women_senate,E5,E6,0,0.966933,0.001209,0.007733,0.024125
nyt_20130321_women_senate,E9,E10,0,0.994547,0.000035,0.001068,0.004350
nyt_20130321_women_senate,E11,E12,0,0.863980,0.018536,0.032198,0.085287
nyt_20130321_women_senate,E14,E15,1,0.004771,0.912700,0.021932,0.060597
nyt_20130321_women_senate,E16,E17,1,0.214954,0.375956,0.074171,0.334919
nyt_20130321_women_senate,E19,E20,1,0.000588,0.972193,0.007415,0.019803
nyt_20130321_women_senate,E19,E21,1,0.067715,0.646080,0.064185,0.222020
nyt_20130321_women_senate,E20,E21,0,0.821883,0.018836,0.032733,0.126547
nyt_20130321_women_senate,E23,E24,0,0.973648,0.000581,0.005559,0.020212
nyt_20130321_women_senate,E26,E27,0,0.963768,0.001615,0.010403,0.024215
nyt_20130321_women_senate,E26,E1000014,0,0.926808,0.006169,0.022040,0.044983
nyt_20130321_women_senate,E27,E1000014,1,0.095983,0.601134,0.085412,0.217471
nyt_20130321_women_senate,E37,E1000015,1,0.139041,0.416906,0.087496,0.356557
nyt_20130321_women_senate,E40,E41,0,0.970889,0.000540,0.005605,0.022966
nyt_20130321_women_senate,E40,E42,0,0.920803,0.003442,0.014830,0.060925
nyt_20130321_women_senate,E41,E42,3,0.331555,0.224723,0.083658,0.360064
nyt_20130321_women_senate,E43,E47,0,0.993036,0.000048,0.001312,0.005605
nyt_20130321_women_senate,E43,E48,0,0.972275,0.000631,0.006287,0.020807
nyt_20130321_women_senate,E47,E48,0,0.313448,0.291367,0.100869,0.294316
nyt_20130321_women_senate,E49,E50,0,0.939207,0.002490,0.013282,0.045021
nyt_20130321_women_senate,E49,E53,1,0.003213,0.930084,0.017266,0.049437
nyt_20130321_women_senate,E50,E53,1,0.000151,0.986076,0.003542,0.010231
nyt_20130321_women_senate,E1000009,E4,0,0.947370,0.003633,0.012202,0.036794
nyt_20130321_women_senate,E1000009,E5,1,0.000400,0.981750,0.005483,0.012367
nyt_20130321_women_senate,E1000009,E6,1,0.328561,0.371579,0.080878,0.218982
nyt_20130321_women_senate,E2,E4,0,0.963561,0.001254,0.007506,0.027679
nyt_20130321_women_senate,E2,E5,1,0.000758,0.970280,0.007976,0.020987
nyt_20130321_women_senate,E2,E6,0,0.534263,0.160759,0.070277,0.234701
nyt_20130321_women_senate,E4,E7,0,0.958984,0.001617,0.008496,0.030903
nyt_20130321_women_senate,E5,E7,0,0.997798,0.000008,0.000407,0.001786
nyt_20130321_women_senate,E6,E7,0,0.993390,0.000057,0.001373,0.005181
nyt_20130321_women_senate,E7,E8,1,0.000157,0.985768,0.003573,0.010502
nyt_20130321_women_senate,E8,E9,0,0.954676,0.001223,0.008665,0.035437
nyt_20130321_women_senate,E8,E10,0,0.998883,0.000002,0.000178,0.000937
nyt_20130321_women_senate,E11,E1000012,0,0.848551,0.023938,0.033818,0.093693
nyt_20130321_women_senate,E12,E1000012,0,0.383966,0.281648,0.081239,0.253147
nyt_20130321_women_senate,E14,E16,0,0.975422,0.000501,0.004786,0.019291
nyt_20130321_women_senate,E14,E17,0,0.959832,0.001076,0.007748,0.031343
nyt_20130321_women_senate,E15,E16,0,0.993906,0.000039,0.001158,0.004897
nyt_20130321_women_senate,E15,E17,0,0.990530,0.000076,0.001812,0.007582
nyt_20130321_women_senate,E16,E19,1,0.197034,0.415601,0.078604,0.308761
nyt_20130321_women_senate,E16,E20,1,0.000096,0.987142,0.002812,0.009950
nyt_20130321_women_senate,E16,E21,1,0.007112,0.860619,0.023915,0.108354
nyt_20130321_women_senate,E17,E19,0,0.545451,0.119801,0.069574,0.265174
nyt_20130321_women_senate,E17,E20,1,0.000588,0.967141,0.007347,0.024925
nyt_20130321_women_senate,E17,E21,1,0.051140,0.649751,0.055354,0.243755
nyt_20130321_women_senate,E19,E22,1,0.096579,0.612291,0.066914,0.224216
nyt_20130321_women_senate,E20,E22,0,0.879423,0.010966,0.022733,0.086877
nyt_20130321_women_senate,E21,E22,0,0.595641,0.077310,0.060448,0.266601
nyt_20130321_women_senate,E22,E23,0,0.905584,0.006202,0.016752,0.071462
nyt_20130321_women_senate,E22,E24,0,0.996400,0.000018,0.000673,0.002909
nyt_20130321_women_senate,E23,E25,0,0.953662,0.001313,0.009667,0.035358
nyt_20130321_women_senate,E24,E25,0,0.372261,0.216633,0.083359,0.327746
nyt_20130321_women_senate,E25,E26,1,0.000528,0.971573,0.007826,0.020073
nyt_20130321_women_senate,E25,E27,1,0.035897,0.732268,0.057768,0.174067
nyt_20130321_women_senate,E25,E1000014,1,0.020194,0.804559,0.046287,0.128960
nyt_20130321_women_senate,E26,E29,0,0.891593,0.010302,0.029256,0.068848
nyt_20130321_women_senate,E27,E29,1,0.136894,0.490727,0.092359,0.280019
nyt_20130321_women_senate,E1000014,E29,1,0.266605,0.327631,0.104474,0.301291
nyt_20130321_women_senate,E29,E36,0,0.989601,0.000079,0.001981,0.008339
nyt_20130321_women_senate,E36,E37,0,0.714892,0.040760,0.052353,0.191994
nyt_20130321_women_senate,E36,E1000015,0,0.411091,0.153198,0.084319,0.351393
nyt_20130321_women_senate,E37,E40,1,0.000122,0.985659,0.003318,0.010902
nyt_20130321_women_senate,E37,E41,1,0.041571,0.677855,0.057852,0.222722
nyt_20130321_women_senate,E37,E42,1,0.010023,0.835413,0.032585,0.121979
nyt_20130321_women_senate,E1000015,E40,1,0.003660,0.904643,0.019451,0.072246
nyt_20130321_women_senate,E1000015,E41,3,0.346059,0.189100,0.083989,0.380852
nyt_20130321_women_senate,E1000015,E42,1,0.107752,0.478614,0.076385,0.337249
nyt_20130321_women_senate,E40,E43,0,0.805843,0.021976,0.034778,0.137403
nyt_20130321_women_senate,E40,E47,0,0.993631,0.000035,0.001149,0.005185
nyt_20130321_women_senate,E40,E48,0,0.976277,0.000401,0.005336,0.017987
nyt_20130321_women_senate,E41,E43,1,0.122652,0.499401,0.073710,0.304237
nyt_20130321_women_senate,E41,E47,0,0.954551,0.000923,0.008216,0.036310
nyt_20130321_women_senate,E41,E48,0,0.785100,0.018880,0.043028,0.152992
nyt_20130321_women_senate,E42,E43,0,0.357387,0.240343,0.082260,0.320011
nyt_20130321_women_senate,E42,E47,0,0.981190,0.000218,0.003609,0.014984
nyt_20130321_women_senate,E42,E48,0,0.913392,0.003812,0.019253,0.063543
nyt_20130321_women_senate,E43,E49,0,0.816279,0.022739,0.033264,0.127718
nyt_20130321_women_senate,E43,E50,0,0.986966,0.000148,0.002532,0.010355
nyt_20130321_women_senate,E43,E53,1,0.007069,0.905182,0.021128,0.066620
nyt_20130321_women_senate,E47,E49,1,0.025172,0.782471,0.043288,0.149069
nyt_20130321_women_senate,E47,E50,0,0.616310,0.083454,0.062411,0.237825
nyt_20130321_women_senate,E47,E53,1,0.000041,0.993040,0.001647,0.005271
nyt_20130321_women_senate,E48,E49,1,0.200820,0.362665,0.097620,0.338895
nyt_20130321_women_senate,E48,E50,0,0.871198,0.007207,0.025352,0.096243
nyt_20130321_women_senate,E48,E53,1,0.000308,0.976729,0.005770,0.017193
bbc_20130322_1150,E1,E2,0,0.924618,0.013285,0.021833,0.040263
bbc_20130322_1150,E6,E7,1,0.010000,0.814405,0.039218,0.136377
bbc_20130322_1150,E8,E10,1,0.047570,0.756686,0.066266,0.129479
bbc_20130322_1150,E8,E11,0,0.876917,0.011869,0.030638,0.080577
bbc_20130322_1150,E10,E11,0,0.883553,0.014982,0.029872,0.071593
bbc_20130322_1150,E14,E15,1,0.051226,0.707201,0.057296,0.184278
bbc_20130322_1150,E14,E17,1,0.287317,0.332049,0.083709,0.296925
bbc_20130322_1150,E15,E17,0,0.694300,0.067672,0.050606,0.187422
bbc_20130322_1150,E19,E20,1,0.194794,0.404035,0.093564,0.307607
bbc_20130322_1150,E19,E21,0,0.598070,0.084103,0.067793,0.250034
bbc_20130322_1150,E20,E21,0,0.708971,0.047960,0.052212,0.190857
bbc_20130322_1150,E23,E24,0,0.577322,0.081983,0.083349,0.257346
bbc_20130322_1150,E29,E30,0,0.990853,0.000121,0.002150,0.006876
bbc_20130322_1150,E53,E35,0,0.996682,0.000020,0.000693,0.002605
bbc_20130322_1150,E39,E40,0,0.869842,0.008639,0.025549,0.095971
bbc_20130322_1150,E41,E42,1,0.000655,0.977150,0.007509,0.014685
bbc_20130322_1150,E41,E43,0,0.655485,0.103723,0.085154,0.155638
bbc_20130322_1150,E42,E43,0,0.990665,0.000154,0.002435,0.006747
bbc_20130322_1150,E1,E3,0,0.995810,0.000044,0.001033,0.003113
bbc_20130322_1150,E2,E3,0,0.939128,0.006780,0.015501,0.038591
bbc_20130322_1150,E3,E4,1,0.000289,0.980540,0.005209,0.013963
bbc_20130322_1150,E4,E6,0,0.997617,0.000008,0.000427,0.001948
bbc_20130322_1150,E4,E7,0,0.980150,0.000370,0.004667,0.014812
bbc_20130322_1150,E6,E8,1,0.000317,0.974341,0.006236,0.019106
bbc_20130322_1150,E6,E10,1,0.000082,0.989470,0.002615,0.007834
bbc_20130322_1150,E6,E11,1,0.001629,0.937612,0.015563,0.045196
bbc_20130322_1150,E7,E8,1,0.042579,0.682083,0.071507,0.203831
bbc_20130322_1150,E7,E10,1,0.005420,0.901372,0.027183,0.066025
bbc_20130322_1150,E7,E11,0,0.383705,0.206471,0.101512,0.308312
bbc_20130322_1150,E8,E12,0,0.669379,0.065418,0.074241,0.190962
bbc_20130322_1150,E10,E12,0,0.899229,0.010338,0.027058,0.063376
bbc_20130322_1150,E11,E12,1,0.190882,0.446802,0.101025,0.261291
bbc_20130322_1150,E12,E14,0,0.989975,0.000137,0.002396,0.007493
bbc_20130322_1150,E12,E15,0,0.947055,0.002218,0.012993,0.037735
bbc_20130322_1150,E12,E17,0,0.958624,0.001307,0.009963,0.030106
bbc_20130322_1150,E18,E19,0,0.924998,0.002372,0.015495,0.057135
bbc_20130322_1150,E18,E20,0,0.901542,0.005482,0.025450,0.067526
bbc_20130322_1150,E18,E21,0,0.975819,0.000366,0.005218,0.018597
bbc_20130322_1150,E19,E23,0,0.748603,0.024576,0.043794,0.183027
bbc_20130322_1150,E19,E24,0,0.378489,0.215493,0.101950,0.304067
bbc_20130322_1150,E20,E23,0,0.706531,0.039593,0.050995,0.202881
bbc_20130322_1150,E20,E24,1,0.241284,0.372851,0.101095,0.284770
bbc_20130322_1150,E21,E23,0,0.663900,0.050550,0.054843,0.230707
bbc_20130322_1150,E21,E24,1,0.201152,0.417720,0.095407,0.285721
bbc_20130322_1150,E28,E29,1,0.000099,0.987951,0.002920,0.009030
bbc_20130322_1150,E28,E30,1,0.157938,0.477102,0.077683,0.287277
bbc_20130322_1150,E29,E34,0,0.997692,0.000010,0.000452,0.001845
bbc_20130322_1150,E30,E34,0,0.949041,0.002444,0.009947,0.038568
bbc_20130322_1150,E34,E53,1,0.000334,0.976312,0.005897,0.017457
bbc_20130322_1150,E34,E35,0,0.956595,0.001579,0.008264,0.033562
bbc_20130322_1150,E53,E36,0,0.971231,0.000741,0.006973,0.021056
bbc_20130322_1150,E35,E36,1,0.006154,0.886157,0.023825,0.083864
bbc_20130322_1150,E36,E39,1,0.000131,0.984475,0.003485,0.011909
bbc_20130322_1150,E36,E40,1,0.003022,0.902737,0.021234,0.073007
bbc_20130322_1150,E39,E41,0,0.992840,0.000084,0.001715,0.005361
bbc_20130322_1150,E39,E42,1,0.219835,0.461253,0.103230,0.215682
bbc_20130322_1150,E39,E43,0,0.980163,0.000427,0.005027,0.014384
bbc_20130322_1150,E40,E41,0,0.973432,0.000664,0.006679,0.019225
bbc_20130322_1150,E40,E42,1,0.008703,0.878069,0.033061,0.080168
bbc_20130322_1150,E40,E43,0,0.902533,0.006463,0.023033,0.067971
bbc_20130322_1150,E41,E44,0,0.872440,0.023721,0.036605,0.067234
bbc_20130322_1150,E42,E44,0,0.992714,0.000117,0.001952,0.005217
bbc_20130322_1150,E43,E44,1,0.307803,0.386470,0.094652,0.211075
bbc_20130322_332,E1,E2,0,0.825636,0.016898,0.033374,0.124092
bbc_20130322_332,E1,E3,0,0.323932,0.304471,0.089286,0.282311
bbc_20130322_332,E1,E4,1,0.000038,0.993281,0.001612,0.005069
bbc_20130322_332,E2,E3,1,0.137415,0.508703,0.092375,0.261507
bbc_20130322_332,E2,E4,1,0.000019,0.995336,0.001094,0.003551
bbc_20130322_332,E3,E4,1,0.000054,0.993170,0.001827,0.004949
bbc_20130322_332,E12,E13,1,0.072432,0.559603,0.072063,0.295902
bbc_20130322_332,E17,E18,1,0.079959,0.566597,0.073110,0.280335
bbc_20130322_332,E22,E23,0,0.994911,0.000028,0.000959,0.004102
bbc_20130322_332,E27,E28,1,0.186937,0.523769,0.091584,0.197709
bbc_20130322_332,E27,E29,0,0.991547,0.000097,0.001901,0.006456
bbc_20130322_332,E28,E29,0,0.991639,0.000091,0.001842,0.006428
bbc_20130322_332,E31,E33,1,0.001309,0.968214,0.010504,0.019973
bbc_20130322_332,E31,E34,1,0.054049,0.783815,0.055339,0.106797
bbc_20130322_332,E31,E35,1,0.213858,0.487117,0.090992,0.208033
bbc_20130322_332,E33,E34,0,0.632349,0.159576,0.070312,0.137764
bbc_20130322_332,E33,E35,0,0.850375,0.027317,0.038323,0.083985
bbc_20130322_332,E34,E35,0,0.727336,0.090355,0.059859,0.122450
bbc_20130322_332,E37,E38,0,0.879075,0.006437,0.024744,0.089745
bbc_20130322_332,E37,E40,0,0.757831,0.023933,0.045433,0.172803
bbc_20130322_332,E38,E40,0,0.403294,0.202351,0.089660,0.304695
bbc_20130322_332,E1,E5,0,0.929009,0.003005,0.013788,0.054198
bbc_20130322_332,E2,E5,0,0.696137,0.046940,0.057568,0.199355
bbc_20130322_332,E3,E5,0,0.918171,0.005227,0.017775,0.058827
bbc_20130322_332,E4,E5,0,0.995815,0.000026,0.000849,0.003310
bbc_20130322_332,E5,E9,1,0.000157,0.982751,0.003978,0.013114
bbc_20130322_332,E9,E11,1,0.124436,0.509193,0.105713,0.260658
bbc_20130322_332,E11,E12,0,0.970271,0.000706,0.007372,0.021650
bbc_20130322_332,E11,E13,0,0.972130,0.000651,0.006835,0.020384
bbc_20130322_332,E12,E17,1,0.002073,0.924169,0.016111,0.057648
bbc_20130322_332,E12,E18,1,0.003279,0.905467,0.019829,0.071426
bbc_20130322_332,E13,E17,1,0.011667,0.824507,0.034284,0.129542
bbc_20130322_332,E13,E18,1,0.023133,0.750524,0.045939,0.180404
bbc_20130322_332,E17,E19,0,0.812373,0.011525,0.031581,0.144521
bbc_20130322_332,E18,E19,0,0.863076,0.006819,0.023879,0.106225
bbc_20130322_332,E19,E22,1,0.003163,0.901002,0.023859,0.071976
bbc_20130322_332,E19,E23,0,0.908737,0.003790,0.018425,0.069047
bbc_20130322_332,E22,E24,0,0.635733,0.069550,0.065075,0.229643
bbc_20130322_332,E23,E24,1,0.000338,0.972286,0.005928,0.021447
bbc_20130322_332,E27,E30,0,0.940247,0.004235,0.015890,0.039628
bbc_20130322_332,E28,E30,0,0.963458,0.001688,0.009639,0.025215
bbc_20130322_332,E29,E30,0,0.686449,0.082438,0.058145,0.172968
bbc_20130322_332,E30,E31,0,0.748403,0.045111,0.053167,0.153319
bbc_20130322_332,E30,E33,1,0.015046,0.871533,0.035691,0.077730
bbc_20130322_332,E30,E34,1,0.087070,0.701005,0.067059,0.144865
bbc_20130322_332,E30,E35,1,0.277956,0.378184,0.100367,0.243493
bbc_20130322_332,E31,E36,1,0.049255,0.741572,0.062328,0.146845
bbc_20130322_332,E33,E36,0,0.908000,0.011638,0.023947,0.056416
bbc_20130322_332,E34,E36,0,0.867828,0.026807,0.032782,0.072584
bbc_20130322_332,E35,E36,0,0.745853,0.077919,0.056043,0.120185
bbc_20130322_332,E36,E37,0,0.987679,0.000187,0.002929,0.009205
bbc_20130322_332,E36,E38,0,0.990133,0.000119,0.002236,0.007512
bbc_20130322_332,E36,E40,0,0.986822,0.000178,0.002957,0.010044
bbc_20130322_1600,E2,E5,0,0.923982,0.003584,0.015184,0.057249
bbc_20130322_1600,E6,E7,1,0.337906,0.381645,0.096020,0.184429
bbc_20130322_1600,E6,E8,0,0.996396,0.000030,0.000829,0.002745
bbc_20130322_1600,E6,E9,0,0.904056,0.009742,0.021964,0.064237
bbc_20130322_1600,E7,E8,0,0.998075,0.000010,0.000412,0.001503
bbc_20130322_1600,E7,E9,0,0.971489,0.001312,0.006553,0.020647
bbc_20130322_1600,E8,E9,1,0.001824,0.957146,0.009146,0.031884
bbc_20130322_1600,E10,E11,0,0.732794,0.045996,0.056871,0.164339
bbc_20130322_1600,E10,E12,0,0.962358,0.001113,0.008737,0.027791
bbc_20130322_1600,E11,E12,0,0.921372,0.004627,0.015883,0.058118
bbc_20130322_1600,E16,E20,0,0.590097,0.086020,0.070206,0.253677
bbc_20130322_1600,E21,E22,0,0.905615,0.005152,0.019262,0.069971
bbc_20130322_1600,E2,E6,0,0.408485,0.249291,0.083504,0.258720
bbc_20130322_1600,E2,E7,1,0.031752,0.806246,0.045964,0.116038
bbc_20130322_1600,E2,E8,0,0.994712,0.000043,0.001135,0.004110
bbc_20130322_1600,E2,E9,0,0.824130,0.029656,0.032473,0.113742
bbc_20130322_1600,E5,E6,1,0.013204,0.860740,0.029038,0.097018
bbc_20130322_1600,E5,E7,1,0.002439,0.946169,0.013480,0.037911
bbc_20130322_1600,E5,E8,0,0.968540,0.001085,0.006542,0.023833
bbc_20130322_1600,E5,E9,1,0.316610,0.336724,0.070930,0.275736
bbc_20130322_1600,E6,E10,1,0.285035,0.405982,0.091755,0.217228
bbc_20130322_1600,E6,E11,0,0.784972,0.036092,0.049325,0.129612
bbc_20130322_1600,E6,E12,0,0.980691,0.000615,0.004860,0.013833
bbc_20130322_1600,E7,E10,0,0.663804,0.108536,0.067855,0.159805
bbc_20130322_1600,E7,E11,0,0.983043,0.000417,0.004266,0.012274
bbc_20130322_1600,E7,E12,0,0.993373,0.000071,0.001515,0.005040
bbc_20130322_1600,E8,E10,1,0.000084,0.990849,0.002347,0.006719
bbc_20130322_1600,E8,E11,1,0.005175,0.925008,0.016697,0.053120
bbc_20130322_1600,E8,E12,1,0.073619,0.698855,0.050050,0.177476
bbc_20130322_1600,E9,E10,1,0.020965,0.855402,0.031604,0.092028
bbc_20130322_1600,E9,E11,0,0.538485,0.181446,0.063898,0.216171
bbc_20130322_1600,E9,E12,0,0.877699,0.016055,0.022259,0.083986
bbc_20130322_1600,E10,E13,0,0.975475,0.000633,0.006282,0.017609
bbc_20130322_1600,E11,E13,0,0.842857,0.020365,0.034460,0.102318
bbc_20130322_1600,E12,E13,0,0.692987,0.071632,0.057067,0.178314
bbc_20130322_1600,E13,E30,0,0.359805,0.246380,0.103148,0.290667
bbc_20130322_1600,E30,E14,0,0.902142,0.005940,0.022431,0.069487
bbc_20130322_1600,E14,E16,0,0.836058,0.018412,0.039481,0.106049
bbc_20130322_1600,E14,E20,0,0.846627,0.009911,0.033191,0.110272
bbc_20130322_1600,E16,E21,0,0.543074,0.112980,0.077366,0.266580
bbc_20130322_1600,E16,E22,0,0.820907,0.017966,0.033511,0.127616
bbc_20130322_1600,E20,E21,0,0.426094,0.152364,0.092318,0.329224
bbc_20130322_1600,E20,E22,0,0.761621,0.022836,0.044136,0.171408
bbc_20130322_1600,E21,E25,0,0.983838,0.000199,0.003332,0.012632
bbc_20130322_1600,E22,E25,0,0.950813,0.001359,0.009405,0.038423
WSJ_20130322_804,E1,E2002,0,0.957905,0.000738,0.007575,0.033783
WSJ_20130322_804,E11,E13,0,0.626729,0.054670,0.058504,0.260097
WSJ_20130322_804,E11,E14,0,0.317062,0.283778,0.090598,0.308562
WSJ_20130322_804,E13,E14,3,0.321662,0.216660,0.085148,0.376530
WSJ_20130322_804,E22,E23,0,0.404334,0.145708,0.088446,0.361512
WSJ_20130322_804,E25,E26,0,0.962381,0.001183,0.009752,0.026684
WSJ_20130322_804,E25,E30,0,0.975649,0.000489,0.005938,0.017925
WSJ_20130322_804,E26,E30,0,0.965156,0.000831,0.007344,0.026669
WSJ_20130322_804,E9,E11,3,0.325280,0.233376,0.096211,0.345133
WSJ_20130322_804,E9,E13,0,0.643880,0.041279,0.054263,0.260577
WSJ_20130322_804,E9,E14,3,0.277935,0.296059,0.091779,0.334227
WSJ_20130322_804,E11,E16,0,0.347264,0.233406,0.088032,0.331297
WSJ_20130322_804,E13,E16,3,0.320266,0.189715,0.083206,0.406812
WSJ_20130322_804,E14,E16,0,0.358955,0.202783,0.082375,0.355886
WSJ_20130322_804,E16,E17,0,0.976775,0.000285,0.004243,0.018697
WSJ_20130322_804,E17,E18,1,0.000174,0.982139,0.004130,0.013557
WSJ_20130322_804,E21,E22,0,0.636359,0.059314,0.061719,0.242609
WSJ_20130322_804,E21,E23,0,0.490282,0.089607,0.080542,0.339569
WSJ_20130322_804,E22,E25,0,0.545542,0.090967,0.077365,0.286127
WSJ_20130322_804,E22,E26,0,0.654056,0.053516,0.060422,0.232006
WSJ_20130322_804,E22,E30,0,0.939097,0.002200,0.012676,0.046027
WSJ_20130322_804,E23,E25,0,0.584566,0.064822,0.067706,0.282906
WSJ_20130322_804,E23,E26,0,0.678772,0.038822,0.053095,0.229311
WSJ_20130322_804,E23,E30,0,0.941776,0.001704,0.011239,0.045281
WSJ_20130322_804,E25,E33,0,0.973737,0.000417,0.005686,0.020159
WSJ_20130322_804,E26,E33,0,0.902857,0.003484,0.017607,0.076052
WSJ_20130322_804,E30,E33,3,0.365360,0.155561,0.086771,0.392307
WSJ_20130322_804,E33,E35,1,0.019553,0.767195,0.046658,0.166594
WSJ_20130318_731,E1,E2,1,0.023816,0.788083,0.055046,0.133055
WSJ_20130318_731,E1,E3,1,0.165918,0.446475,0.105762,0.281845
WSJ_20130318_731,E2,E3,1,0.201576,0.409458,0.108156,0.280811
WSJ_20130318_731,E11,E12,1,0.000507,0.966058,0.008084,0.025351
WSJ_20130318_731,E11,E13,0,0.695619,0.053708,0.062263,0.188410
WSJ_20130318_731,E12,E13,0,0.952835,0.001434,0.010744,0.034986
WSJ_20130318_731,E20,E21,0,0.994506,0.000035,0.001085,0.004374
WSJ_20130318_731,E20,E22,0,0.987406,0.000152,0.002755,0.009687
WSJ_20130318_731,E21,E22,0,0.756439,0.029854,0.048320,0.165387
WSJ_20130318_731,E9,E10,1,0.003474,0.917447,0.021598,0.057481
WSJ_20130318_731,E10,E11,0,0.996513,0.000018,0.000666,0.002803
WSJ_20130318_731,E10,E12,0,0.986801,0.000186,0.002691,0.010323
WSJ_20130318_731,E10,E13,0,0.997275,0.000014,0.000543,0.002168
WSJ_20130318_731,E11,E14,1,0.059254,0.567117,0.083878,0.289750
WSJ_20130318_731,E12,E14,0,0.856613,0.007968,0.028553,0.106867
WSJ_20130318_731,E13,E14,0,0.590781,0.083610,0.079469,0.246139
CNN_20130322_1003,E1,E2,1,0.000528,0.983479,0.005604,0.010389
CNN_20130322_1003,E1,E3,0,0.786655,0.072722,0.045859,0.094764
CNN_20130322_1003,E1,E5,0,0.992724,0.000081,0.001651,0.005545
CNN_20130322_1003,E2,E3,0,0.986714,0.000585,0.004065,0.008636
CNN_20130322_1003,E2,E5,0,0.998314,0.000007,0.000330,0.001349
CNN_20130322_1003,E3,E5,0,0.932483,0.004768,0.013439,0.049311
CNN_20130322_1003,E6,E7,1,0.008112,0.952192,0.014586,0.025111
CNN_20130322_1003,E9,E10,1,0.093561,0.748414,0.041965,0.116060
CNN_20130322_1003,E9,E11,1,0.000034,0.996081,0.001151,0.002734
CNN_20130322_1003,E9,E1000,1,0.000021,0.996914,0.000877,0.002188
CNN_20130322_1003,E10,E11,1,0.000432,0.987506,0.003903,0.008158
CNN_20130322_1003,E10,E1000,1,0.000187,0.991659,0.002611,0.005543
CNN_20130322_1003,E11,E1000,1,0.180138,0.614064,0.067320,0.138478
CNN_20130322_1003,E12,E13,1,0.024439,0.846886,0.040047,0.088628
CNN_20130322_1003,E12,E14,1,0.000121,0.992397,0.002404,0.005078
CNN_20130322_1003,E12,E15,1,0.000262,0.985956,0.004225,0.009557
CNN_20130322_1003,E13,E14,1,0.001366,0.974200,0.008181,0.016254
CNN_20130322_1003,E13,E15,1,0.003891,0.945986,0.015327,0.034796
CNN_20130322_1003,E14,E15,1,0.173121,0.602347,0.067413,0.157119
CNN_20130322_1003,E17,E19,1,0.001054,0.960353,0.011468,0.027125
CNN_20130322_1003,E17,E20,0,0.960130,0.001209,0.009356,0.029304
CNN_20130322_1003,E19,E20,0,0.998467,0.000005,0.000290,0.001237
CNN_20130322_1003,E23,E27,1,0.112927,0.623881,0.066590,0.196602
CNN_20130322_1003,E30,E31,1,0.004006,0.926510,0.021655,0.047829
CNN_20130322_1003,E30,E32,1,0.000015,0.996330,0.000901,0.002754
CNN_20130322_1003,E30,E33,1,0.000009,0.997655,0.000607,0.001729
CNN_20130322_1003,E31,E32,1,0.000052,0.993465,0.001778,0.004706
CNN_20130322_1003,E31,E33,1,0.000033,0.995841,0.001197,0.002929
CNN_20130322_1003,E32,E33,1,0.084129,0.759051,0.054674,0.102146
CNN_20130322_1003,E34,E36,1,0.000012,0.997149,0.000722,0.002118
CNN_20130322_1003,E40,E41,1,0.001183,0.976810,0.007004,0.015002
CNN_20130322_1003,E40,E42,1,0.000144,0.991301,0.002645,0.005910
CNN_20130322_1003,E41,E42,1,0.005886,0.950873,0.014321,0.028921
CNN_20130322_1003,E43,E44,0,0.859347,0.016921,0.028062,0.095670
CNN_20130322_1003,E45,E47,1,0.088827,0.589507,0.082841,0.238825
CNN_20130322_1003,E55,E57,0,0.962358,0.001851,0.009622,0.026169
CNN_20130322_1003,E1,E6,0,0.782828,0.079213,0.048879,0.089080
CNN_20130322_1003,E1,E7,1,0.251687,0.532585,0.078184,0.137544
CNN_20130322_1003,E2,E6,0,0.984316,0.000860,0.005039,0.009785
CNN_20130322_1003,E2,E7,0,0.938737,0.010458,0.018365,0.032439
CNN_20130322_1003,E3,E6,1,0.154683,0.651124,0.064830,0.129363
CNN_20130322_1003,E3,E7,1,0.011050,0.924586,0.022069,0.042294
CNN_20130322_1003,E5,E6,1,0.005092,0.945810,0.015593,0.033505
CNN_20130322_1003,E5,E7,1,0.000292,0.987149,0.004037,0.008521
CNN_20130322_1003,E6,E9,0,0.995533,0.000088,0.001191,0.003188
CNN_20130322_1003,E6,E10,0,0.986011,0.000821,0.003538,0.009630
CNN_20130322_1003,E6,E11,1,0.035450,0.869759,0.031389,0.063402
CNN_20130322_1003,E6,E1000,1,0.014063,0.924151,0.020719,0.041068
CNN_20130322_1003,E7,E9,0,0.997849,0.000020,0.000534,0.001597
CNN_20130322_1003,E7,E10,0,0.995602,0.000088,0.001147,0.003163
CNN_20130322_1003,E7,E11,1,0.237558,0.567248,0.064931,0.130263
CNN_20130322_1003,E7,E1000,1,0.110140,0.737486,0.051299,0.101075
CNN_20130322_1003,E9,E12,1,0.032760,0.856912,0.033470,0.076857
CNN_20130322_1003,E9,E13,1,0.001968,0.964272,0.010172,0.023589
CNN_20130322_1003,E9,E14,1,0.000016,0.997566,0.000709,0.001709
CNN_20130322_1003,E9,E15,1,0.000035,0.995542,0.001243,0.003181
CNN_20130322_1003,E10,E12,0,0.480986,0.305141,0.064466,0.149407
CNN_20130322_1003,E10,E13,1,0.065162,0.786265,0.044549,0.104024
CNN_20130322_1003,E10,E14,1,0.000170,0.992881,0.002269,0.004681
CNN_20130322_1003,E10,E15,1,0.000582,0.983713,0.004728,0.010977
CNN_20130322_1003,E11,E12,0,0.989541,0.000313,0.002968,0.007178
CNN_20130322_1003,E11,E13,0,0.949680,0.004919,0.013568,0.031833
CNN_20130322_1003,E11,E14,1,0.212326,0.598386,0.063483,0.125804
CNN_20130322_1003,E11,E15,0,0.428736,0.324167,0.074471,0.172626
CNN_20130322_1003,E1000,E12,0,0.993091,0.000146,0.001932,0.004830
CNN_20130322_1003,E1000,E13,0,0.973058,0.001608,0.007682,0.017653
CNN_20130322_1003,E1000,E14,0,0.419541,0.377038,0.069314,0.134108
CNN_20130322_1003,E1000,E15,0,0.643645,0.154699,0.061665,0.139991
CNN_20130322_1003,E12,E17,1,0.000487,0.979256,0.006288,0.013969
CNN_20130322_1003,E12,E19,1,0.000065,0.993027,0.001949,0.004958
CNN_20130322_1003,E12,E20,0,0.810324,0.036889,0.037746,0.115041
CNN_20130322_1003,E13,E17,1,0.012748,0.892646,0.028469,0.066137
CNN_20130322_1003,E13,E19,1,0.000254,0.985463,0.004279,0.010005
CNN_20130322_1003,E13,E20,0,0.966024,0.001479,0.007570,0.024927
CNN_20130322_1003,E14,E17,1,0.349825,0.377374,0.081011,0.191790
CNN_20130322_1003,E14,E19,1,0.010775,0.912062,0.023590,0.053573
CNN_20130322_1003,E14,E20,0,0.995523,0.000039,0.000992,0.003446
CNN_20130322_1003,E15,E17,1,0.218478,0.496955,0.080419,0.204149
CNN_20130322_1003,E15,E19,1,0.005122,0.933051,0.018014,0.043814
CNN_20130322_1003,E15,E20,0,0.993564,0.000060,0.001382,0.004994
CNN_20130322_1003,E17,E21,1,0.230714,0.437491,0.094715,0.237080
CNN_20130322_1003,E19,E21,0,0.974452,0.001074,0.007025,0.017448
CNN_20130322_1003,E20,E21,1,0.001628,0.960976,0.010376,0.027021
CNN_20130322_1003,E21,E23,0,0.987199,0.000403,0.003675,0.008722
CNN_20130322_1003,E21,E27,0,0.917576,0.009118,0.020495,0.052811
CNN_20130322_1003,E30,E34,0,0.849427,0.019691,0.037335,0.093547
CNN_20130322_1003,E30,E36,1,0.000199,0.987086,0.003846,0.008869
CNN_20130322_1003,E31,E34,0,0.965506,0.001350,0.008598,0.024546
CNN_20130322_1003,E31,E36,1,0.000482,0.982257,0.005458,0.011803
CNN_20130322_1003,E32,E34,0,0.998367,0.000007,0.000335,0.001291
CNN_20130322_1003,E32,E36,0,0.776591,0.073820,0.049781,0.099807
CNN_20130322_1003,E33,E34,0,0.997617,0.000016,0.000540,0.001828
CNN_20130322_1003,E33,E36,0,0.439653,0.344952,0.074130,0.141265
CNN_20130322_1003,E34,E38,1,0.003654,0.920155,0.019660,0.056530
CNN_20130322_1003,E36,E38,0,0.963952,0.001583,0.008822,0.025643
CNN_20130322_1003,E38,E40,0,0.778788,0.049567,0.045026,0.126619
CNN_20130322_1003,E38,E41,1,0.021101,0.884218,0.031006,0.063674
CNN_20130322_1003,E38,E42,1,0.002315,0.961575,0.011628,0.024482
CNN_20130322_1003,E40,E43,0,0.927298,0.006323,0.015716,0.050663
CNN_20130322_1003,E40,E44,0,0.987963,0.000232,0.002636,0.009169
CNN_20130322_1003,E41,E43,0,0.986860,0.000341,0.003223,0.009576
CNN_20130322_1003,E41,E44,0,0.996923,0.000024,0.000686,0.002368
CNN_20130322_1003,E42,E43,0,0.994371,0.000062,0.001315,0.004253
CNN_20130322_1003,E42,E44,0,0.998253,0.000008,0.000358,0.001380
CNN_20130322_1003,E43,E45,3,0.328192,0.228492,0.106517,0.336799
CNN_20130322_1003,E43,E47,1,0.077105,0.655976,0.068745,0.198174
CNN_20130322_1003,E44,E45,1,0.033011,0.713685,0.059060,0.194244
CNN_20130322_1003,E44,E47,1,0.003911,0.923571,0.018148,0.054370
CNN_20130322_1003,E45,E48,0,0.586535,0.065189,0.078991,0.269285
CNN_20130322_1003,E47,E48,0,0.824101,0.019873,0.037222,0.118804
CNN_20130322_1003,E48,E50,0,0.916655,0.003676,0.017953,0.061716
CNN_20130322_1003,E50,E51,1,0.001241,0.949832,0.011340,0.037587
CNN_20130322_1003,E51,E52,0,0.762519,0.019956,0.041817,0.175708
CNN_20130322_1003,E52,E53,0,0.986165,0.000155,0.002923,0.010757
CNN_20130322_1003,E53,E55,1,0.079827,0.607684,0.080254,0.232234
