WSJ_20130322_159,E5,E6,1,0.000453,0.972520,0.006832,0.020195
WSJ_20130322_159,E5,E10,3,0.297546,0.240263,0.084583,0.377608
WSJ_20130322_159,E5,E11,0,0.961363,0.000851,0.007230,0.030555
WSJ_20130322_159,E6,E10,0,0.882434,0.005898,0.022144,0.089524
WSJ_20130322_159,E6,E11,0,0.993796,0.000030,0.001246,0.004928
WSJ_20130322_159,E10,E11,0,0.900892,0.002862,0.015967,0.080279
WSJ_20130322_159,E12,E14,3,0.245305,0.293087,0.079093,0.382515
WSJ_20130322_159,E18,E19,0,0.703111,0.052625,0.053686,0.190578
WSJ_20130322_159,E20,E22,1,0.000097,0.985823,0.003186,0.010894
WSJ_20130322_159,E29,E31,0,0.797469,0.019625,0.031594,0.151313
WSJ_20130322_159,E29,E34,0,0.393778,0.215831,0.072117,0.318274
WSJ_20130322_159,E29,E37,0,0.981605,0.000219,0.003562,0.014614
WSJ_20130322_159,E31,E34,1,0.122523,0.513728,0.068331,0.295418
WSJ_20130322_159,E31,E37,0,0.952017,0.001295,0.009353,0.037335
WSJ_20130322_159,E34,E37,0,0.989254,0.000088,0.002249,0.008410
WSJ_20130322_159,E38,E39,1,0.000155,0.982709,0.004042,0.013094
WSJ_20130322_159,E38,E40,1,0.000612,0.950238,0.009324,0.039826
WSJ_20130322_159,E39,E40,3,0.220347,0.327373,0.086886,0.365395
WSJ_20130322_159,E42,E44,1,0.000138,0.979943,0.003885,0.016034
WSJ_20130322_159,E46,E47,1,0.002142,0.912318,0.019946,0.065595
WSJ_20130322_159,E46,E49,3,0.220749,0.302121,0.085980,0.391150
WSJ_20130322_159,E47,E49,0,0.853483,0.010865,0.024523,0.111128
WSJ_20130322_159,E1,E5,1,0.060076,0.669454,0.054836,0.215633
WSJ_20130322_159,E1,E6,1,0.000254,0.977228,0.005026,0.017492
WSJ_20130322_159,E1,E10,1,0.101676,0.506942,0.071782,0.319600
WSJ_20130322_159,E1,E11,0,0.769969,0.025513,0.037344,0.167174
WSJ_20130322_159,E5,E12,0,0.987456,0.000080,0.002277,0.010186
WSJ_20130322_159,E5,E14,0,0.904453,0.003477,0.015863,0.076206
WSJ_20130322_159,E6,E12,0,0.997810,0.000004,0.000385,0.001801
WSJ_20130322_159,E6,E14,0,0.993519,0.000030,0.001256,0.005196
WSJ_20130322_159,E10,E12,0,0.969342,0.000292,0.005108,0.025257
WSJ_20130322_159,E10,E14,0,0.769361,0.013291,0.033873,0.183475
WSJ_20130322_159,E11,E12,0,0.765874,0.014535,0.034279,0.185312
WSJ_20130322_159,E11,E14,3,0.194150,0.280042,0.078570,0.447238
WSJ_20130322_159,E12,E18,0,0.963736,0.000517,0.006386,0.029361
WSJ_20130322_159,E12,E19,0,0.846927,0.013810,0.029801,0.109462
WSJ_20130322_159,E14,E18,0,0.989122,0.000061,0.001877,0.008940
WSJ_20130322_159,E14,E19,0,0.912798,0.005181,0.017500,0.064520
WSJ_20130322_159,E18,E20,1,0.000382,0.966134,0.006874,0.026610
WSJ_20130322_159,E18,E22,1,0.000002,0.998266,0.000324,0.001408
WSJ_20130322_159,E19,E20,1,0.000136,0.982465,0.003654,0.013745
WSJ_20130322_159,E19,E22,1,0.000002,0.998295,0.000324,0.001379
WSJ_20130322_159,E20,E26,1,0.189968,0.405456,0.082281,0.322296
WSJ_20130322_159,E22,E26,0,0.969457,0.001030,0.007021,0.022492
WSJ_20130322_159,E26,E29,0,0.994035,0.000024,0.001108,0.004833
WSJ_20130322_159,E26,E31,0,0.996717,0.000008,0.000575,0.002700
WSJ_20130322_159,E26,E34,0,0.983730,0.000152,0.003112,0.013006
WSJ_20130322_159,E26,E37,0,0.998074,0.000004,0.000354,0.001568
WSJ_20130322_159,E29,E38,0,0.680466,0.047705,0.050060,0.221768
WSJ_20130322_159,E29,E39,1,0.000086,0.988325,0.002517,0.009072
WSJ_20130322_159,E29,E40,1,0.003608,0.892195,0.018864,0.085334
WSJ_20130322_159,E31,E38,0,0.365041,0.202775,0.082219,0.349965
WSJ_20130322_159,E31,E39,1,0.000024,0.994041,0.001280,0.004655
WSJ_20130322_159,E31,E40,1,0.000519,0.957674,0.007836,0.033971
WSJ_20130322_159,E34,E38,0,0.797287,0.021109,0.036096,0.145509
WSJ_20130322_159,E34,E39,1,0.000176,0.984127,0.003644,0.012053
WSJ_20130322_159,E34,E40,1,0.007816,0.851818,0.027340,0.113025
WSJ_20130322_159,E37,E38,1,0.026308,0.694429,0.049299,0.229964
WSJ_20130322_159,E37,E39,1,0.000005,0.997202,0.000517,0.002276
WSJ_20130322_159,E37,E40,1,0.000067,0.984801,0.002617,0.012515
WSJ_20130322_159,E38,E42,0,0.974102,0.000267,0.005076,0.020555
WSJ_20130322_159,E38,E44,1,0.029296,0.686101,0.052850,0.231754
WSJ_20130322_159,E39,E42,0,0.996348,0.000010,0.000645,0.002998
WSJ_20130322_159,E39,E44,0,0.597207,0.065905,0.061247,0.275641
WSJ_20130322_159,E40,E42,0,0.992451,0.000033,0.001397,0.006118
WSJ_20130322_159,E40,E44,3,0.259883,0.242921,0.090002,0.407194
WSJ_20130322_159,E42,E46,0,0.857980,0.006207,0.023034,0.112779
WSJ_20130322_159,E42,E47,3,0.223609,0.259595,0.091902,0.424894
WSJ_20130322_159,E42,E49,0,0.431555,0.150756,0.074465,0.343224
WSJ_20130322_159,E44,E46,0,0.996430,0.000009,0.000602,0.002960
WSJ_20130322_159,E44,E47,0,0.982342,0.000146,0.003156,0.014356
WSJ_20130322_159,E44,E49,0,0.986550,0.000104,0.002401,0.010945
WSJ_20130322_159,E46,E55,0,0.855623,0.012256,0.029394,0.102727
WSJ_20130322_159,E47,E55,0,0.908968,0.005829,0.017712,0.067492
WSJ_20130322_159,E49,E55,0,0.861250,0.013813,0.024451,0.100486
nyt_20130322_strange_computer,E8,E11,0,0.998019,0.000005,0.000419,0.001556
nyt_20130322_strange_computer,E14,E16,1,0.000028,0.992945,0.001480,0.005548
nyt_20130322_strange_computer,E19,E22,3,0.255027,0.295821,0.094854,0.354299
nyt_20130322_strange_computer,E19,E23,1,0.001823,0.925384,0.015690,0.057102
nyt_20130322_strange_computer,E22,E23,1,0.031680,0.694487,0.063748,0.210086
nyt_20130322_strange_computer,E6,E8,1,0.131019,0.511163,0.096423,0.261396
nyt_20130322_strange_computer,E6,E11,0,0.996445,0.000012,0.000720,0.002823
nyt_20130322_strange_computer,E8,E14,0,0.997230,0.000010,0.000609,0.002151
nyt_20130322_strange_computer,E8,E16,0,0.848663,0.017524,0.038208,0.095604
nyt_20130322_strange_computer,E11,E14,0,0.680438,0.042962,0.058686,0.217914
nyt_20130322_strange_computer,E11,E16,1,0.000303,0.972880,0.006036,0.020781
nyt_20130322_strange_computer,E14,E19,0,0.448036,0.161682,0.085717,0.304565
nyt_20130322_strange_computer,E14,E22,1,0.078804,0.544139,0.084997,0.292060
nyt_20130322_strange_computer,E14,E23,1,0.003477,0.889264,0.025342,0.081918
nyt_20130322_strange_computer,E16,E19,0,0.992857,0.000048,0.001619,0.005477
nyt_20130322_strange_computer,E16,E22,0,0.980692,0.000221,0.004378,0.014708
nyt_20130322_strange_computer,E16,E23,0,0.754241,0.027115,0.050488,0.168156
nyt_20130322_strange_computer,E19,E24,3,0.321354,0.233609,0.101258,0.343779
nyt_20130322_strange_computer,E22,E24,0,0.685368,0.042201,0.067076,0.205355
nyt_20130322_strange_computer,E23,E24,0,0.855891,0.011844,0.034525,0.097740
CNN_20130321_821,E4,E5,1,0.056204,0.585493,0.077654,0.280649
CNN_20130321_821,E5,E8,0,0.700608,0.025165,0.052671,0.221556
CNN_20130321_821,E8,E1000,0,0.894145,0.003084,0.020734,0.082037
CNN_20130321_821,E1002,E20,0,0.769323,0.014271,0.050706,0.165699
nyt_20130321_cyprus,E2,E5,1,0.050300,0.668004,0.071083,0.210613
nyt_20130321_cyprus,E7,E2009,1,0.021856,0.756882,0.045316,0.175946
nyt_20130321_cyprus,E13,E15,0,0.776111,0.016867,0.041249,0.165773
nyt_20130321_cyprus,E22,E23,1,0.111038,0.470182,0.075272,0.343509
nyt_20130321_cyprus,E22,E24,1,0.000038,0.991914,0.001722,0.006327
nyt_20130321_cyprus,E23,E24,1,0.001072,0.950732,0.010845,0.037351
nyt_20130321_cyprus,E33,E35,1,0.086086,0.572026,0.080986,0.260902
nyt_20130321_cyprus,E41,E42,1,0.000183,0.975043,0.004834,0.019940
nyt_20130321_cyprus,E46,E47,0,0.690467,0.081792,0.057512,0.170229
nyt_20130321_cyprus,E48,E51,0,0.978181,0.000285,0.004769,0.016765
nyt_20130321_cyprus,E2,E7,0,0.980637,0.000292,0.004905,0.014166
nyt_20130321_cyprus,E2,E2009,0,0.792590,0.022901,0.047661,0.136848
nyt_20130321_cyprus,E5,E7,0,0.990681,0.000067,0.002036,0.007216
nyt_20130321_cyprus,E5,E2009,0,0.924103,0.002840,0.016452,0.056606
nyt_20130321_cyprus,E7,E9,1,0.000032,0.991506,0.001677,0.006785
nyt_20130321_cyprus,E2009,E9,1,0.000715,0.956722,0.009926,0.032637
nyt_20130321_cyprus,E10,E13,0,0.985833,0.000159,0.003411,0.010597
nyt_20130321_cyprus,E10,E15,0,0.986094,0.000109,0.002834,0.010963
nyt_20130321_cyprus,E13,E21,0,0.870565,0.007652,0.027062,0.094721
nyt_20130321_cyprus,E15,E21,0,0.728154,0.026757,0.050061,0.195029
nyt_20130321_cyprus,E21,E22,0,0.930575,0.002728,0.014566,0.052131
nyt_20130321_cyprus,E21,E23,0,0.552414,0.084093,0.070609,0.292884
nyt_20130321_cyprus,E21,E24,1,0.000155,0.983049,0.003979,0.012816
nyt_20130321_cyprus,E22,E25,1,0.000336,0.966391,0.006504,0.026769
nyt_20130321_cyprus,E23,E25,1,0.018875,0.744756,0.045953,0.190416
nyt_20130321_cyprus,E24,E25,0,0.887682,0.007254,0.024802,0.080263
nyt_20130321_cyprus,E33,E36,1,0.038515,0.634095,0.065623,0.261766
nyt_20130321_cyprus,E35,E36,3,0.261122,0.224323,0.098335,0.416219
nyt_20130321_cyprus,E36,E41,0,0.989150,0.000067,0.002151,0.008633
nyt_20130321_cyprus,E36,E42,3,0.208054,0.323901,0.097785,0.370259
nyt_20130321_cyprus,E46,E48,0,0.312509,0.298435,0.088850,0.300207
nyt_20130321_cyprus,E46,E51,0,0.989712,0.000115,0.002568,0.007605
nyt_20130321_cyprus,E47,E48,1,0.149845,0.486446,0.076099,0.287610
nyt_20130321_cyprus,E47,E51,0,0.976006,0.000519,0.005379,0.018096
nyt_20130321_cyprus,E48,E57,1,0.000035,0.992455,0.001689,0.005821
nyt_20130321_cyprus,E51,E57,1,0.000003,0.997861,0.000415,0.001721
bbc_20130322_1353,E1,E5,1,0.000003,0.997745,0.000414,0.001838
bbc_20130322_1353,E8,E10,1,0.000093,0.987486,0.002849,0.009571
bbc_20130322_1353,E15,E16,1,0.014772,0.754517,0.039966,0.190745
bbc_20130322_1353,E19,E20,1,0.000252,0.987135,0.003731,0.008883
bbc_20130322_1353,E19,E21,1,0.000641,0.977540,0.006536,0.015283
bbc_20130322_1353,E20,E21,1,0.182114,0.604842,0.066469,0.146576
bbc_20130322_1353,E23,E25,1,0.037181,0.692904,0.057009,0.212906
bbc_20130322_1353,E23,E26,1,0.004769,0.891277,0.024446,0.079509
bbc_20130322_1353,E23,E27,1,0.000021,0.994440,0.001210,0.004330
bbc_20130322_1353,E25,E26,1,0.001871,0.922470,0.014684,0.060976
bbc_20130322_1353,E25,E27,1,0.000028,0.992396,0.001508,0.006068
bbc_20130322_1353,E26,E27,1,0.000247,0.976075,0.005258,0.018419
bbc_20130322_1353,E28,E29,1,0.000052,0.989612,0.002155,0.008181
bbc_20130322_1353,E28,E31,1,0.000056,0.990593,0.002175,0.007176
bbc_20130322_1353,E29,E31,1,0.048165,0.760116,0.048792,0.142928
bbc_20130322_1353,E33,E34,0,0.960224,0.001068,0.008516,0.030192
bbc_20130322_1353,E35,E36,0,0.775327,0.025540,0.045478,0.153654
bbc_20130322_1353,E35,E37,1,0.000141,0.983186,0.003818,0.012856
bbc_20130322_1353,E36,E37,1,0.000045,0.989588,0.001969,0.008398
bbc_20130322_1353,E1,E8,0,0.471031,0.112874,0.070978,0.345117
bbc_20130322_1353,E1,E10,1,0.000057,0.990652,0.002116,0.007176
bbc_20130322_1353,E5,E8,0,0.998178,0.000003,0.000319,0.001500
bbc_20130322_1353,E5,E10,0,0.882118,0.011712,0.027685,0.078484
bbc_20130322_1353,E8,E11,0,0.774228,0.016288,0.034859,0.174625
bbc_20130322_1353,E10,E11,0,0.990752,0.000053,0.001798,0.007397
bbc_20130322_1353,E11,E13,3,0.286212,0.205257,0.086999,0.421532
bbc_20130322_1353,E13,E15,0,0.959580,0.000732,0.007896,0.031793
bbc_20130322_1353,E13,E16,0,0.752737,0.021460,0.041365,0.184438
bbc_20130322_1353,E15,E17,1,0.000657,0.947851,0.009355,0.042137
bbc_20130322_1353,E16,E17,1,0.004832,0.858983,0.024226,0.111959
bbc_20130322_1353,E17,E19,1,0.200482,0.450654,0.081002,0.267862
bbc_20130322_1353,E17,E20,1,0.000083,0.989453,0.002601,0.007863
bbc_20130322_1353,E17,E21,1,0.000516,0.971403,0.007125,0.020956
bbc_20130322_1353,E19,E23,0,0.758020,0.045048,0.049609,0.147324
bbc_20130322_1353,E19,E25,0,0.931044,0.004190,0.014810,0.049956
bbc_20130322_1353,E19,E26,1,0.170691,0.490160,0.080475,0.258674
bbc_20130322_1353,E19,E27,1,0.001292,0.959441,0.009557,0.029710
bbc_20130322_1353,E20,E23,0,0.979986,0.000571,0.005022,0.014421
bbc_20130322_1353,E20,E25,0,0.985532,0.000294,0.003351,0.010823
bbc_20130322_1353,E20,E26,0,0.882195,0.015216,0.025934,0.076655
bbc_20130322_1353,E20,E27,1,0.098860,0.691848,0.055561,0.153730
bbc_20130322_1353,E21,E23,0,0.973601,0.000895,0.006888,0.018616
bbc_20130322_1353,E21,E25,0,0.981254,0.000445,0.004531,0.013770
bbc_20130322_1353,E21,E26,0,0.847166,0.022948,0.034333,0.095552
bbc_20130322_1353,E21,E27,1,0.069748,0.739018,0.053081,0.138153
bbc_20130322_1353,E23,E28,0,0.340344,0.233579,0.089905,0.336171
bbc_20130322_1353,E23,E29,1,0.000731,0.960768,0.008758,0.029742
bbc_20130322_1353,E23,E31,1,0.006592,0.900774,0.022791,0.069843
bbc_20130322_1353,E25,E28,0,0.616445,0.062754,0.058274,0.262528
bbc_20130322_1353,E25,E29,1,0.010302,0.852379,0.027610,0.109709
bbc_20130322_1353,E25,E31,1,0.021694,0.810801,0.035663,0.131842
bbc_20130322_1353,E26,E28,0,0.885268,0.006202,0.021675,0.086854
bbc_20130322_1353,E26,E29,1,0.121269,0.540469,0.074845,0.263416
bbc_20130322_1353,E26,E31,1,0.175697,0.487808,0.078056,0.258439
bbc_20130322_1353,E27,E28,0,0.984876,0.000149,0.003107,0.011867
bbc_20130322_1353,E27,E29,0,0.700336,0.059806,0.054169,0.185689
bbc_20130322_1353,E27,E31,0,0.783746,0.038795,0.042097,0.135363
bbc_20130322_1353,E28,E33,1,0.094651,0.515585,0.074563,0.315201
bbc_20130322_1353,E28,E34,0,0.590405,0.083022,0.063639,0.262933
bbc_20130322_1353,E29,E33,0,0.951680,0.001486,0.009677,0.037157
bbc_20130322_1353,E29,E34,0,0.994688,0.000024,0.001045,0.004243
bbc_20130322_1353,E31,E33,0,0.959862,0.001379,0.008165,0.030594
bbc_20130322_1353,E31,E34,0,0.995220,0.000023,0.000936,0.003821
bbc_20130322_1353,E33,E35,0,0.993914,0.000028,0.001200,0.004858
bbc_20130322_1353,E33,E36,0,0.994789,0.000020,0.000998,0.004193
bbc_20130322_1353,E33,E37,0,0.437329,0.160397,0.088684,0.313591
bbc_20130322_1353,E34,E35,0,0.995112,0.000018,0.000893,0.003978
bbc_20130322_1353,E34,E36,0,0.994917,0.000020,0.000981,0.004082
bbc_20130322_1353,E34,E37,1,0.136304,0.499786,0.074897,0.289014
nyt_20130321_women_senate,E1000009,E2,0,0.466039,0.217861,0.084243,0.231858
nyt_20130321_women_senate,E4,E5,1,0.001536,0.952221,0.013450,0.032793
nyt_20130321_women_senate,E4,E6,0,0.380094,0.270729,0.096213,0.252964
nyt_20130321_women_senate,E5,E6,0,0.926656,0.004633,0.018017,0.050694
nyt_20130321_women_senate,E9,E10,0,0.993950,0.000033,0.001315,0.004703
nyt_20130321_women_senate,E11,E12,0,0.842718,0.023901,0.038950,0.094432
nyt_20130321_women_senate,E14,E15,1,0.024614,0.755966,0.057855,0.161565
nyt_20130321_women_senate,E16,E17,1,0.005678,0.863210,0.027320,0.103792
nyt_20130321_women_senate,E19,E20,1,0.000065,0.989708,0.002397,0.007829
nyt_20130321_women_senate,E19,E21,1,0.000444,0.970221,0.007573,0.021761
nyt_20130321_women_senate,E20,E21,0,0.667914,0.066988,0.074810,0.190287
nyt_20130321_women_senate,E23,E24,0,0.852131,0.010745,0.032504,0.104620
nyt_20130321_women_senate,E26,E27,0,0.907627,0.006367,0.023032,0.062974
nyt_20130321_women_senate,E26,E1000014,0,0.874219,0.014275,0.031962,0.079544
nyt_20130321_women_senate,E27,E1000014,1,0.045131,0.710732,0.061334,0.182803
nyt_20130321_women_senate,E37,E1000015,0,0.632053,0.046517,0.054788,0.266642
nyt_20130321_women_senate,E40,E41,0,0.936293,0.002092,0.013588,0.048027
nyt_20130321_women_senate,E40,E42,0,0.784080,0.022610,0.044383,0.148927
nyt_20130321_women_senate,E41,E42,1,0.118444,0.521770,0.081330,0.278455
nyt_20130321_women_senate,E43,E47,0,0.997095,0.000009,0.000582,0.002314
nyt_20130321_women_senate,E43,E48,0,0.990603,0.000058,0.001937,0.007402
nyt_20130321_women_senate,E47,E48,3,0.249178,0.235459,0.101555,0.413809
nyt_20130321_women_senate,E49,E50,0,0.953415,0.001549,0.010726,0.034310
nyt_20130321_women_senate,E49,E53,1,0.181530,0.449607,0.092462,0.276402
nyt_20130321_women_senate,E50,E53,1,0.002735,0.922418,0.016872,0.057975
nyt_20130321_women_senate,E1000009,E4,1,0.217795,0.444447,0.095520,0.242238
nyt_20130321_women_senate,E1000009,E5,1,0.000119,0.987567,0.003205,0.009108
nyt_20130321_women_senate,E1000009,E6,1,0.069998,0.704155,0.058212,0.167635
nyt_20130321_women_senate,E2,E4,0,0.601288,0.107512,0.082420,0.208780
nyt_20130321_women_senate,E2,E5,1,0.001111,0.957271,0.011005,0.030613
nyt_20130321_women_senate,E2,E6,1,0.294636,0.347787,0.090500,0.267077
nyt_20130321_women_senate,E4,E7,0,0.982823,0.000235,0.004328,0.012613
nyt_20130321_women_senate,E5,E7,0,0.996315,0.000014,0.000797,0.002874
nyt_20130321_women_senate,E6,E7,0,0.982021,0.000245,0.004107,0.013626
nyt_20130321_women_senate,E7,E8,1,0.002810,0.924182,0.016748,0.056260
nyt_20130321_women_senate,E8,E9,0,0.929633,0.003920,0.015433,0.051014
nyt_20130321_women_senate,E8,E10,0,0.998223,0.000005,0.000378,0.001395
nyt_20130321_women_senate,E11,E1000012,0,0.713665,0.062195,0.057912,0.166227
nyt_20130321_women_senate,E12,E1000012,1,0.058845,0.713755,0.060107,0.167294
nyt_20130321_women_senate,E14,E16,0,0.882139,0.006578,0.026478,0.084805
nyt_20130321_women_senate,E14,E17,0,0.574771,0.093123,0.082570,0.249536
nyt_20130321_women_senate,E15,E16,0,0.941510,0.001436,0.013902,0.043152
nyt_20130321_women_senate,E15,E17,0,0.772936,0.019684,0.051162,0.156217
nyt_20130321_women_senate,E16,E19,1,0.164282,0.433718,0.091171,0.310829
nyt_20130321_women_senate,E16,E20,1,0.000056,0.988986,0.002316,0.008642
nyt_20130321_women_senate,E16,E21,1,0.000742,0.952569,0.010345,0.036343
nyt_20130321_women_senate,E17,E19,0,0.793192,0.026837,0.045714,0.134257
nyt_20130321_women_senate,E17,E20,1,0.000571,0.964198,0.008796,0.026435
nyt_20130321_women_senate,E17,E21,1,0.029150,0.740828,0.056399,0.173623
nyt_20130321_women_senate,E19,E22,1,0.001184,0.956398,0.011086,0.031331
nyt_20130321_women_senate,E20,E22,0,0.789142,0.033498,0.049255,0.128105
nyt_20130321_women_senate,E21,E22,0,0.325171,0.277523,0.102303,0.295003
nyt_20130321_women_senate,E22,E23,0,0.963951,0.000888,0.008636,0.026526
nyt_20130321_women_senate,E22,E24,0,0.996725,0.000012,0.000709,0.002554
nyt_20130321_women_senate,E23,E25,0,0.878455,0.005324,0.024955,0.091266
nyt_20130321_women_senate,E24,E25,0,0.512402,0.078967,0.079263,0.329369
nyt_20130321_women_senate,E25,E26,1,0.000069,0.988778,0.002559,0.008594
nyt_20130321_women_senate,E25,E27,1,0.010956,0.821856,0.036757,0.130430
nyt_20130321_women_senate,E25,E1000014,1,0.004227,0.892519,0.024282,0.078973
nyt_20130321_women_senate,E26,E29,0,0.665845,0.060946,0.071631,0.201577
nyt_20130321_women_senate,E27,E29,1,0.008772,0.843550,0.034916,0.112763
nyt_20130321_women_senate,E1000014,E29,1,0.023874,0.768177,0.052993,0.154956
nyt_20130321_women_senate,E29,E36,0,0.990756,0.000061,0.001988,0.007196
nyt_20130321_women_senate,E36,E37,0,0.841789,0.007721,0.029299,0.121191
nyt_20130321_women_senate,E36,E1000015,0,0.859776,0.005891,0.023286,0.111046
nyt_20130321_women_senate,E37,E40,1,0.000030,0.992232,0.001576,0.006162
nyt_20130321_women_senate,E37,E41,1,0.010570,0.838304,0.032154,0.118972
nyt_20130321_women_senate,E37,E42,1,0.000210,0.976742,0.004876,0.018171
nyt_20130321_women_senate,E1000015,E40,1,0.000118,0.982801,0.003510,0.013571
nyt_20130321_women_senate,E1000015,E41,1,0.066820,0.601509,0.064003,0.267668
nyt_20130321_women_senate,E1000015,E42,1,0.007040,0.857994,0.027132,0.107835
nyt_20130321_women_senate,E40,E43,0,0.829391,0.015045,0.034887,0.120677
nyt_20130321_women_senate,E40,E47,0,0.995328,0.000017,0.000912,0.003743
nyt_20130321_women_senate,E40,E48,0,0.984414,0.000121,0.003144,0.012322
nyt_20130321_women_senate,E41,E43,1,0.207141,0.398215,0.088107,0.306537
nyt_20130321_women_senate,E41,E47,0,0.981546,0.000189,0.003919,0.014347
nyt_20130321_women_senate,E41,E48,0,0.918956,0.002310,0.016419,0.062315
nyt_20130321_women_senate,E42,E43,0,0.525205,0.130814,0.080870,0.263111
nyt_20130321_women_senate,E42,E47,0,0.990289,0.000065,0.002074,0.007572
nyt_20130321_women_senate,E42,E48,0,0.966473,0.000491,0.007301,0.025735
nyt_20130321_women_senate,E43,E49,0,0.915533,0.005174,0.019825,0.059468
nyt_20130321_women_senate,E43,E50,0,0.994025,0.000034,0.001307,0.004634
nyt_20130321_women_senate,E43,E53,0,0.583154,0.119800,0.073813,0.223233
nyt_20130321_women_senate,E47,E49,1,0.008670,0.850409,0.032170,0.108752
nyt_20130321_women_senate,E47,E50,0,0.477611,0.137905,0.080760,0.303724
nyt_20130321_women_senate,E47,E53,1,0.000344,0.971521,0.006396,0.021739
nyt_20130321_women_senate,E48,E49,3,0.238685,0.295744,0.106443,0.359129
nyt_20130321_women_senate,E48,E50,0,0.908976,0.003336,0.018477,0.069211
nyt_20130321_women_senate,E48,E53,1,0.017696,0.781742,0.045633,0.154929
bbc_20130322_1150,E1,E2,0,0.902241,0.016151,0.027065,0.054543
bbc_20130322_1150,E6,E7,1,0.013344,0.799771,0.044887,0.141998
bbc_20130322_1150,E8,E10,1,0.027549,0.787129,0.051344,0.133977
bbc_20130322_1150,E8,E11,0,0.706459,0.052764,0.067238,0.173538
bbc_20130322_1150,E10,E11,0,0.824768,0.026902,0.045048,0.103282
bbc_20130322_1150,E14,E15,1,0.002946,0.911917,0.018877,0.066261
bbc_20130322_1150,E14,E17,1,0.013357,0.828895,0.036112,0.121636
bbc_20130322_1150,E15,E17,0,0.370348,0.217735,0.094673,0.317245
bbc_20130322_1150,E19,E20,1,0.014309,0.846308,0.039113,0.100270
bbc_20130322_1150,E19,E21,0,0.823426,0.013577,0.035747,0.127250
bbc_20130322_1150,E20,E21,0,0.931655,0.002991,0.014702,0.050653
bbc_20130322_1150,E23,E24,1,0.047777,0.657962,0.071237,0.223023
bbc_20130322_1150,E29,E30,0,0.994599,0.000047,0.001456,0.003898
bbc_20130322_1150,E53,E35,0,0.996410,0.000014,0.000741,0.002835
bbc_20130322_1150,E39,E40,0,0.989359,0.000076,0.002300,0.008265
bbc_20130322_1150,E41,E42,1,0.000620,0.972275,0.008361,0.018744
bbc_20130322_1150,E41,E43,0,0.522512,0.141834,0.101667,0.233987
bbc_20130322_1150,E42,E43,0,0.992003,0.000081,0.002170,0.005745
bbc_20130322_1150,E1,E3,0,0.992293,0.000096,0.002185,0.005426
bbc_20130322_1150,E2,E3,0,0.689639,0.106995,0.060454,0.142911
bbc_20130322_1150,E3,E4,1,0.000465,0.974077,0.007012,0.018446
bbc_20130322_1150,E4,E6,0,0.998576,0.000003,0.000294,0.001128
bbc_20130322_1150,E4,E7,0,0.985015,0.000176,0.003629,0.011181
bbc_20130322_1150,E6,E8,1,0.000161,0.982368,0.004213,0.013258
bbc_20130322_1150,E6,E10,1,0.000100,0.987223,0.003085,0.009592
bbc_20130322_1150,E6,E11,1,0.002062,0.929646,0.018792,0.049500
bbc_20130322_1150,E7,E8,1,0.015497,0.812135,0.044225,0.128144
bbc_20130322_1150,E7,E10,1,0.006929,0.882736,0.029917,0.080417
bbc_20130322_1150,E7,E11,0,0.336787,0.242318,0.116786,0.304109
bbc_20130322_1150,E8,E12,0,0.962133,0.000796,0.009446,0.027625
bbc_20130322_1150,E10,E12,0,0.969224,0.000780,0.008020,0.021976
bbc_20130322_1150,E11,E12,0,0.517007,0.142628,0.094162,0.246203
bbc_20130322_1150,E12,E14,0,0.946599,0.001498,0.013334,0.038568
bbc_20130322_1150,E12,E15,0,0.633533,0.060941,0.072884,0.232643
bbc_20130322_1150,E12,E17,0,0.618536,0.070692,0.073664,0.237108
bbc_20130322_1150,E18,E19,0,0.967040,0.000572,0.007893,0.024495
bbc_20130322_1150,E18,E20,0,0.843373,0.015532,0.041042,0.100053
bbc_20130322_1150,E18,E21,0,0.967207,0.000692,0.007676,0.024425
bbc_20130322_1150,E19,E23,0,0.743452,0.024934,0.050810,0.180804
bbc_20130322_1150,E19,E24,0,0.489818,0.135703,0.094582,0.279897
bbc_20130322_1150,E20,E23,0,0.960376,0.000871,0.008616,0.030137
bbc_20130322_1150,E20,E24,0,0.727236,0.044412,0.056893,0.171460
bbc_20130322_1150,E21,E23,0,0.569410,0.071501,0.066854,0.292235
bbc_20130322_1150,E21,E24,1,0.052925,0.638018,0.064552,0.244506
bbc_20130322_1150,E28,E29,1,0.000002,0.998635,0.000252,0.001112
bbc_20130322_1150,E28,E30,1,0.001627,0.937915,0.013285,0.047173
bbc_20130322_1150,E29,E34,0,0.999521,0.000000,0.000091,0.000387
bbc_20130322_1150,E30,E34,0,0.983029,0.000320,0.004030,0.012620
bbc_20130322_1150,E34,E53,1,0.000188,0.977522,0.004602,0.017688
bbc_20130322_1150,E34,E35,0,0.724367,0.032731,0.044819,0.198082
bbc_20130322_1150,E53,E36,0,0.981577,0.000242,0.004359,0.013822
bbc_20130322_1150,E35,E36,1,0.020392,0.787472,0.039911,0.152225
bbc_20130322_1150,E36,E39,1,0.001032,0.945160,0.012534,0.041274
bbc_20130322_1150,E36,E40,1,0.195268,0.356653,0.104748,0.343330
bbc_20130322_1150,E39,E41,0,0.991492,0.000073,0.002122,0.006312
bbc_20130322_1150,E39,E42,1,0.051321,0.698029,0.073206,0.177444
bbc_20130322_1150,E39,E43,0,0.982165,0.000264,0.004703,0.012868
bbc_20130322_1150,E40,E41,1,0.276623,0.317377,0.097705,0.308295
bbc_20130322_1150,E40,E42,1,0.000053,0.990484,0.002162,0.007302
bbc_20130322_1150,E40,E43,3,0.291082,0.300640,0.103929,0.304348
bbc_20130322_1150,E41,E44,0,0.862036,0.025359,0.037486,0.075119
bbc_20130322_1150,E42,E44,0,0.997086,0.000016,0.000750,0.002149
bbc_20130322_1150,E43,E44,0,0.692659,0.088845,0.066611,0.151886
bbc_20130322_332,E1,E2,3,0.198243,0.319597,0.095542,0.386619
bbc_20130322_332,E1,E3,1,0.003043,0.902759,0.019608,0.074590
bbc_20130322_332,E1,E4,1,0.000003,0.998197,0.000347,0.001454
bbc_20130322_332,E2,E3,1,0.004644,0.867228,0.028665,0.099463
bbc_20130322_332,E2,E4,1,0.000006,0.996985,0.000593,0.002416
bbc_20130322_332,E3,E4,1,0.000055,0.990509,0.002204,0.007232
bbc_20130322_332,E12,E13,1,0.028601,0.699229,0.056334,0.215835
bbc_20130322_332,E17,E18,1,0.136322,0.408317,0.096203,0.359158
bbc_20130322_332,E22,E23,0,0.996587,0.000013,0.000728,0.002673
bbc_20130322_332,E27,E28,1,0.083881,0.592677,0.075716,0.247726
bbc_20130322_332,E27,E29,0,0.893023,0.008988,0.024603,0.073387
bbc_20130322_332,E28,E29,0,0.927745,0.003828,0.017292,0.051135
bbc_20130322_332,E31,E33,1,0.001380,0.949389,0.013811,0.035420
bbc_20130322_332,E31,E34,0,0.426815,0.237284,0.099265,0.236636
bbc_20130322_332,E31,E35,0,0.899647,0.006628,0.026060,0.067665
bbc_20130322_332,E33,E34,0,0.766966,0.063656,0.051540,0.117838
bbc_20130322_332,E33,E35,0,0.898403,0.011654,0.025876,0.064067
bbc_20130322_332,E34,E35,0,0.888196,0.016304,0.026883,0.068617
bbc_20130322_332,E37,E38,0,0.387586,0.145432,0.084780,0.382202
bbc_20130322_332,E37,E40,3,0.211001,0.256905,0.088785,0.443308
bbc_20130322_332,E38,E40,3,0.345462,0.177740,0.089218,0.387580
bbc_20130322_332,E1,E5,0,0.720678,0.034565,0.045663,0.199095
bbc_20130322_332,E2,E5,3,0.377582,0.146075,0.086813,0.389529
bbc_20130322_332,E3,E5,0,0.933647,0.001846,0.013328,0.051179
bbc_20130322_332,E4,E5,0,0.996929,0.000008,0.000563,0.002500
bbc_20130322_332,E5,E9,1,0.000337,0.969010,0.006564,0.024089
bbc_20130322_332,E9,E11,1,0.045489,0.735272,0.060595,0.158644
bbc_20130322_332,E11,E12,0,0.987860,0.000097,0.002661,0.009382
bbc_20130322_332,E11,E13,0,0.774989,0.016992,0.045910,0.162108
bbc_20130322_332,E12,E17,1,0.000463,0.961750,0.007936,0.029852
bbc_20130322_332,E12,E18,1,0.001525,0.923263,0.014930,0.060282
bbc_20130322_332,E13,E17,1,0.007193,0.846879,0.031589,0.114339
bbc_20130322_332,E13,E18,1,0.016677,0.766370,0.045544,0.171408
bbc_20130322_332,E17,E19,0,0.966809,0.000441,0.006640,0.026109
bbc_20130322_332,E18,E19,0,0.969560,0.000390,0.006268,0.023782
bbc_20130322_332,E19,E22,1,0.000197,0.979783,0.004814,0.015206
bbc_20130322_332,E19,E23,0,0.491956,0.122890,0.092805,0.292350
bbc_20130322_332,E22,E24,1,0.151671,0.442402,0.097648,0.308279
bbc_20130322_332,E23,E24,1,0.000020,0.994009,0.001205,0.004766
bbc_20130322_332,E27,E30,0,0.679162,0.065258,0.061855,0.193725
bbc_20130322_332,E28,E30,0,0.661587,0.065460,0.064939,0.208014
bbc_20130322_332,E29,E30,1,0.072077,0.705169,0.057452,0.165302
bbc_20130322_332,E30,E31,1,0.011203,0.837256,0.033294,0.118246
bbc_20130322_332,E30,E33,1,0.032750,0.752159,0.052259,0.162832
bbc_20130322_332,E30,E34,1,0.143150,0.536619,0.077081,0.243151
bbc_20130322_332,E30,E35,0,0.443745,0.183842,0.084322,0.288091
bbc_20130322_332,E31,E36,0,0.585006,0.118661,0.087950,0.208383
bbc_20130322_332,E33,E36,0,0.974007,0.001309,0.007546,0.017138
bbc_20130322_332,E34,E36,0,0.978919,0.001046,0.006012,0.014022
bbc_20130322_332,E35,E36,0,0.926704,0.008699,0.018931,0.045666
bbc_20130322_332,E36,E37,0,0.997312,0.000010,0.000584,0.002094
bbc_20130322_332,E36,E38,0,0.993034,0.000043,0.001500,0.005423
bbc_20130322_332,E36,E40,0,0.989011,0.000086,0.002255,0.008647
bbc_20130322_1600,E2,E5,0,0.761508,0.037713,0.051668,0.149111
bbc_20130322_1600,E6,E7,1,0.007063,0.907987,0.030506,0.054444
bbc_20130322_1600,E6,E8,0,0.984307,0.000312,0.004668,0.010713
bbc_20130322_1600,E6,E9,0,0.883321,0.019303,0.033013,0.064362
bbc_20130322_1600,E7,E8,0,0.997419,0.000014,0.000669,0.001898
bbc_20130322_1600,E7,E9,0,0.987202,0.000390,0.003997,0.008410
bbc_20130322_1600,E8,E9,1,0.012992,0.895193,0.026001,0.065814
bbc_20130322_1600,E10,E11,0,0.759247,0.044772,0.056357,0.139624
bbc_20130322_1600,E10,E12,0,0.974237,0.000714,0.007149,0.017900
bbc_20130322_1600,E11,E12,0,0.933460,0.004766,0.017469,0.044304
bbc_20130322_1600,E16,E20,1,0.020965,0.762776,0.054075,0.162183
bbc_20130322_1600,E21,E22,0,0.957855,0.001330,0.009765,0.031051
bbc_20130322_1600,E2,E6,0,0.657736,0.084055,0.076754,0.181454
bbc_20130322_1600,E2,E7,1,0.046033,0.777659,0.057566,0.118741
bbc_20130322_1600,E2,E8,0,0.982642,0.000347,0.004968,0.012043
bbc_20130322_1600,E2,E9,0,0.928630,0.007077,0.019592,0.044701
bbc_20130322_1600,E5,E6,0,0.492209,0.202936,0.088891,0.215964
bbc_20130322_1600,E5,E7,1,0.006152,0.926774,0.020883,0.046191
bbc_20130322_1600,E5,E8,0,0.967358,0.001467,0.008925,0.022250
bbc_20130322_1600,E5,E9,0,0.610913,0.157032,0.068113,0.163943
bbc_20130322_1600,E6,E10,0,0.415879,0.240072,0.114074,0.229974
bbc_20130322_1600,E6,E11,1,0.235549,0.393205,0.115488,0.255758
bbc_20130322_1600,E6,E12,0,0.765101,0.043583,0.062026,0.129289
bbc_20130322_1600,E7,E10,0,0.880719,0.016220,0.031391,0.071669
bbc_20130322_1600,E7,E11,0,0.980876,0.000500,0.005701,0.012922
bbc_20130322_1600,E7,E12,0,0.993990,0.000062,0.001657,0.004291
bbc_20130322_1600,E8,E10,1,0.000163,0.984637,0.003791,0.011410
bbc_20130322_1600,E8,E11,1,0.003901,0.927322,0.017913,0.050863
bbc_20130322_1600,E8,E12,1,0.086894,0.659639,0.065384,0.188082
bbc_20130322_1600,E9,E10,1,0.003061,0.942761,0.014208,0.039970
bbc_20130322_1600,E9,E11,1,0.072721,0.710253,0.058603,0.158423
bbc_20130322_1600,E9,E12,0,0.550820,0.174687,0.073393,0.201099
bbc_20130322_1600,E10,E13,0,0.990543,0.000095,0.002387,0.006975
bbc_20130322_1600,E11,E13,0,0.970519,0.000857,0.007765,0.020860
bbc_20130322_1600,E12,E13,0,0.882814,0.013187,0.028127,0.075872
bbc_20130322_1600,E13,E30,1,0.122688,0.543132,0.085175,0.249006
bbc_20130322_1600,E30,E14,0,0.741368,0.042450,0.058638,0.157544
bbc_20130322_1600,E14,E16,0,0.940195,0.001792,0.013532,0.044481
bbc_20130322_1600,E14,E20,0,0.432061,0.174997,0.112602,0.280340
bbc_20130322_1600,E16,E21,1,0.044164,0.653788,0.072272,0.229776
bbc_20130322_1600,E16,E22,0,0.777962,0.023671,0.043734,0.154633
bbc_20130322_1600,E20,E21,3,0.293500,0.274001,0.111403,0.321096
bbc_20130322_1600,E20,E22,0,0.956403,0.001225,0.010823,0.031548
bbc_20130322_1600,E21,E25,0,0.985659,0.000145,0.003231,0.010965
bbc_20130322_1600,E22,E25,0,0.922173,0.002650,0.014792,0.060385
WSJ_20130322_804,E1,E2002,0,0.984125,0.000110,0.002988,0.012777
WSJ_20130322_804,E11,E13,0,0.605084,0.039960,0.062390,0.292566
WSJ_20130322_804,E11,E14,1,0.014788,0.749894,0.045809,0.189509
WSJ_20130322_804,E13,E14,1,0.010362,0.764444,0.039938,0.185256
WSJ_20130322_804,E22,E23,1,0.055263,0.527369,0.067424,0.349944
WSJ_20130322_804,E25,E26,0,0.778282,0.023349,0.047124,0.151245
WSJ_20130322_804,E25,E30,0,0.975246,0.000345,0.005841,0.018568
WSJ_20130322_804,E26,E30,0,0.882645,0.003594,0.020187,0.093574
WSJ_20130322_804,E9,E11,0,0.387026,0.141161,0.092077,0.379736
WSJ_20130322_804,E9,E13,0,0.757911,0.014765,0.038097,0.189226
WSJ_20130322_804,E9,E14,1,0.030630,0.663613,0.056443,0.249314
WSJ_20130322_804,E11,E16,1,0.017261,0.711316,0.048853,0.222569
WSJ_20130322_804,E13,E16,1,0.009828,0.754127,0.039128,0.196917
WSJ_20130322_804,E14,E16,1,0.057003,0.510204,0.072650,0.360142
WSJ_20130322_804,E16,E17,0,0.995272,0.000013,0.000788,0.003928
WSJ_20130322_804,E17,E18,1,0.000232,0.973266,0.005493,0.021009
WSJ_20130322_804,E21,E22,0,0.665543,0.030889,0.055144,0.248425
WSJ_20130322_804,E21,E23,3,0.301055,0.165739,0.091154,0.442053
WSJ_20130322_804,E22,E25,1,0.039440,0.596453,0.063416,0.300692
WSJ_20130322_804,E22,E26,1,0.044716,0.555556,0.065907,0.333821
WSJ_20130322_804,E22,E30,3,0.132021,0.340299,0.085529,0.442151
WSJ_20130322_804,E23,E25,0,0.435340,0.105667,0.081669,0.377324
WSJ_20130322_804,E23,E26,0,0.439691,0.094399,0.078580,0.387329
WSJ_20130322_804,E23,E30,0,0.701782,0.023589,0.046682,0.227946
WSJ_20130322_804,E25,E33,0,0.993513,0.000036,0.001396,0.005055
WSJ_20130322_804,E26,E33,0,0.979065,0.000157,0.003722,0.017055
WSJ_20130322_804,E30,E33,0,0.826707,0.007157,0.027881,0.138255
WSJ_20130322_804,E33,E35,1,0.001403,0.909566,0.015449,0.073582
WSJ_20130318_731,E1,E2,1,0.002491,0.934463,0.016962,0.046083
WSJ_20130318_731,E1,E3,1,0.072113,0.586076,0.082912,0.258898
WSJ_20130318_731,E2,E3,0,0.517924,0.146593,0.090323,0.245160
WSJ_20130318_731,E11,E12,1,0.000394,0.964147,0.007784,0.027675
WSJ_20130318_731,E11,E13,1,0.001436,0.937308,0.014927,0.046330
WSJ_20130318_731,E12,E13,3,0.343109,0.183940,0.101591,0.371360
WSJ_20130318_731,E20,E21,0,0.994686,0.000023,0.001067,0.004225
WSJ_20130318_731,E20,E22,0,0.989662,0.000072,0.002188,0.008077
WSJ_20130318_731,E21,E22,0,0.753914,0.021013,0.042984,0.182089
WSJ_20130318_731,E9,E10,1,0.000391,0.972197,0.007166,0.020246
WSJ_20130318_731,E10,E11,0,0.998702,0.000002,0.000257,0.001039
WSJ_20130318_731,E10,E12,0,0.990668,0.000072,0.002134,0.007126
WSJ_20130318_731,E10,E13,0,0.995895,0.000018,0.000904,0.003183
WSJ_20130318_731,E11,E14,1,0.137819,0.416975,0.111915,0.333291
WSJ_20130318_731,E12,E14,0,0.759596,0.017922,0.049697,0.172784
WSJ_20130318_731,E13,E14,0,0.426608,0.127526,0.105053,0.340813
CNN_20130322_1003,E1,E2,1,0.000651,0.972548,0.008250,0.018552
CNN_20130322_1003,E1,E3,0,0.443323,0.242426,0.090666,0.223585
CNN_20130322_1003,E1,E5,0,0.960303,0.001722,0.011078,0.026896
CNN_20130322_1003,E2,E3,0,0.962947,0.001827,0.010937,0.024289
CNN_20130322_1003,E2,E5,0,0.995307,0.000033,0.001239,0.003421
CNN_20130322_1003,E3,E5,0,0.822493,0.026783,0.040692,0.110031
CNN_20130322_1003,E6,E7,1,0.022484,0.904645,0.025640,0.047231
CNN_20130322_1003,E9,E10,1,0.129655,0.676342,0.057822,0.136181
CNN_20130322_1003,E9,E11,1,0.001751,0.959813,0.010478,0.027957
CNN_20130322_1003,E9,E1000,1,0.000116,0.990589,0.002664,0.006631
CNN_20130322_1003,E10,E11,1,0.026351,0.850884,0.032877,0.089888
CNN_20130322_1003,E10,E1000,1,0.001240,0.973155,0.007631,0.017975
CNN_20130322_1003,E11,E1000,1,0.087528,0.721326,0.060723,0.130423
CNN_20130322_1003,E12,E13,1,0.069411,0.732893,0.060382,0.137314
CNN_20130322_1003,E12,E14,1,0.000025,0.995706,0.001142,0.003127
CNN_20130322_1003,E12,E15,1,0.000022,0.995577,0.001114,0.003287
CNN_20130322_1003,E13,E14,1,0.000094,0.993061,0.002126,0.004720
CNN_20130322_1003,E13,E15,1,0.000060,0.993649,0.001830,0.004461
CNN_20130322_1003,E14,E15,1,0.015657,0.904198,0.025213,0.054933
CNN_20130322_1003,E17,E19,1,0.000414,0.972263,0.007359,0.019965
CNN_20130322_1003,E17,E20,0,0.805336,0.020121,0.050145,0.124397
CNN_20130322_1003,E19,E20,0,0.998343,0.000005,0.000382,0.001271
CNN_20130322_1003,E23,E27,1,0.309276,0.315666,0.100545,0.274512
CNN_20130322_1003,E30,E31,1,0.005898,0.884362,0.028465,0.081275
CNN_20130322_1003,E30,E32,1,0.000026,0.993939,0.001380,0.004655
CNN_20130322_1003,E30,E33,1,0.000008,0.997151,0.000659,0.002182
CNN_20130322_1003,E31,E32,1,0.000066,0.990390,0.002359,0.007185
CNN_20130322_1003,E31,E33,1,0.000005,0.997695,0.000509,0.001791
CNN_20130322_1003,E32,E33,1,0.003130,0.948451,0.013967,0.034452
CNN_20130322_1003,E34,E36,1,0.000021,0.994756,0.001186,0.004036
CNN_20130322_1003,E40,E41,1,0.000278,0.984182,0.004612,0.010928
CNN_20130322_1003,E40,E42,1,0.000280,0.985760,0.004330,0.009630
CNN_20130322_1003,E41,E42,1,0.015353,0.900179,0.026319,0.058149
CNN_20130322_1003,E43,E44,0,0.887997,0.005676,0.023405,0.082922
CNN_20130322_1003,E45,E47,3,0.323275,0.224920,0.110656,0.341149
CNN_20130322_1003,E55,E57,0,0.982656,0.000228,0.004080,0.013036
CNN_20130322_1003,E1,E6,0,0.810291,0.046855,0.045572,0.097282
CNN_20130322_1003,E1,E7,1,0.328614,0.400345,0.087940,0.183101
CNN_20130322_1003,E2,E6,0,0.990479,0.000200,0.003044,0.006277
CNN_20130322_1003,E2,E7,0,0.963457,0.002764,0.011678,0.022101
CNN_20130322_1003,E3,E6,0,0.517390,0.219840,0.078891,0.183880
CNN_20130322_1003,E3,E7,1,0.114552,0.670330,0.066215,0.148903
CNN_20130322_1003,E5,E6,1,0.028908,0.866798,0.034764,0.069530
CNN_20130322_1003,E5,E7,1,0.002404,0.965737,0.010798,0.021061
CNN_20130322_1003,E6,E9,0,0.994149,0.000096,0.001748,0.004007
CNN_20130322_1003,E6,E10,0,0.980712,0.001224,0.005616,0.012448
CNN_20130322_1003,E6,E11,0,0.399464,0.334189,0.078224,0.188123
CNN_20130322_1003,E6,E1000,1,0.032055,0.860270,0.035182,0.072493
CNN_20130322_1003,E7,E9,0,0.996760,0.000033,0.000948,0.002259
CNN_20130322_1003,E7,E10,0,0.992170,0.000238,0.002419,0.005173
CNN_20130322_1003,E7,E11,0,0.729247,0.094427,0.054336,0.121991
CNN_20130322_1003,E7,E1000,1,0.144444,0.668977,0.063687,0.122891
CNN_20130322_1003,E9,E12,1,0.032368,0.822851,0.040989,0.103792
CNN_20130322_1003,E9,E13,1,0.008091,0.924976,0.020901,0.046032
CNN_20130322_1003,E9,E14,1,0.000007,0.998021,0.000519,0.001453
CNN_20130322_1003,E9,E15,1,0.000007,0.997829,0.000538,0.001625
CNN_20130322_1003,E10,E12,0,0.382999,0.339258,0.077457,0.200286
CNN_20130322_1003,E10,E13,1,0.146230,0.646017,0.063771,0.143982
CNN_20130322_1003,E10,E14,1,0.000039,0.995769,0.001221,0.002971
CNN_20130322_1003,E10,E15,1,0.000031,0.995676,0.001174,0.003118
CNN_20130322_1003,E11,E12,0,0.967086,0.001794,0.009695,0.021425
CNN_20130322_1003,E11,E13,0,0.933342,0.008351,0.019834,0.038472
CNN_20130322_1003,E11,E14,1,0.010416,0.927615,0.021599,0.040369
CNN_20130322_1003,E11,E15,1,0.008332,0.927980,0.020930,0.042757
CNN_20130322_1003,E1000,E12,0,0.991925,0.000146,0.002510,0.005419
CNN_20130322_1003,E1000,E13,0,0.986944,0.000469,0.004464,0.008123
CNN_20130322_1003,E1000,E14,1,0.168031,0.655942,0.067375,0.108651
CNN_20130322_1003,E1000,E15,1,0.140828,0.671652,0.067489,0.120030
CNN_20130322_1003,E12,E17,1,0.001147,0.963259,0.010649,0.024945
CNN_20130322_1003,E12,E19,1,0.000039,0.993053,0.001673,0.005235
CNN_20130322_1003,E12,E20,0,0.814720,0.031647,0.043087,0.110546
CNN_20130322_1003,E13,E17,1,0.010405,0.903285,0.027929,0.058381
CNN_20130322_1003,E13,E19,1,0.000325,0.983177,0.004959,0.011539
CNN_20130322_1003,E13,E20,0,0.952991,0.003314,0.013220,0.030476
CNN_20130322_1003,E14,E17,0,0.535063,0.202054,0.082467,0.180415
CNN_20130322_1003,E14,E19,1,0.056456,0.772824,0.050725,0.119996
CNN_20130322_1003,E14,E20,0,0.995594,0.000036,0.001181,0.003189
CNN_20130322_1003,E15,E17,0,0.589017,0.151277,0.080806,0.178899
CNN_20130322_1003,E15,E19,1,0.077245,0.714048,0.061554,0.147152
CNN_20130322_1003,E15,E20,0,0.995425,0.000033,0.001189,0.003353
CNN_20130322_1003,E17,E21,0,0.545220,0.157300,0.098855,0.198625
CNN_20130322_1003,E19,E21,0,0.996388,0.000029,0.001029,0.002554
CNN_20130322_1003,E20,E21,1,0.065572,0.756058,0.056945,0.121425
CNN_20130322_1003,E21,E23,0,0.832440,0.028172,0.042779,0.096610
CNN_20130322_1003,E21,E27,0,0.946671,0.003566,0.015336,0.034427
CNN_20130322_1003,E30,E34,0,0.965805,0.000638,0.008323,0.025234
CNN_20130322_1003,E30,E36,1,0.000386,0.976942,0.006321,0.016351
CNN_20130322_1003,E31,E34,0,0.981804,0.000205,0.004182,0.013809
CNN_20130322_1003,E31,E36,1,0.000420,0.977649,0.005821,0.016111
CNN_20130322_1003,E32,E34,0,0.998874,0.000002,0.000220,0.000904
CNN_20130322_1003,E32,E36,0,0.678832,0.106457,0.062838,0.151873
CNN_20130322_1003,E33,E34,0,0.999545,0.000000,0.000083,0.000372
CNN_20130322_1003,E33,E36,0,0.899901,0.017161,0.024109,0.058830
CNN_20130322_1003,E34,E38,1,0.034634,0.703751,0.062339,0.199276
CNN_20130322_1003,E36,E38,0,0.963462,0.001277,0.008911,0.026350
CNN_20130322_1003,E38,E40,0,0.690704,0.076716,0.070154,0.162426
CNN_20130322_1003,E38,E41,1,0.002545,0.951531,0.014205,0.031720
CNN_20130322_1003,E38,E42,1,0.001967,0.961667,0.011885,0.024481
CNN_20130322_1003,E40,E43,0,0.872678,0.008193,0.027272,0.091857
CNN_20130322_1003,E40,E44,0,0.961708,0.001246,0.009624,0.027422
CNN_20130322_1003,E41,E43,0,0.987057,0.000118,0.002826,0.010000
CNN_20130322_1003,E41,E44,0,0.993545,0.000045,0.001521,0.004890
CNN_20130322_1003,E42,E43,0,0.992731,0.000058,0.001744,0.005467
CNN_20130322_1003,E42,E44,0,0.996128,0.000025,0.000981,0.002866
CNN_20130322_1003,E43,E45,0,0.696882,0.026240,0.061213,0.215665
CNN_20130322_1003,E43,E47,0,0.568756,0.075458,0.074432,0.281353
CNN_20130322_1003,E44,E45,1,0.111824,0.418596,0.102543,0.367038
CNN_20130322_1003,E44,E47,1,0.032622,0.711947,0.055094,0.200338
CNN_20130322_1003,E45,E48,0,0.629913,0.042112,0.081783,0.246192
CNN_20130322_1003,E47,E48,0,0.715627,0.029695,0.058274,0.196403
CNN_20130322_1003,E48,E50,0,0.967088,0.000588,0.007990,0.024333
CNN_20130322_1003,E50,E51,1,0.003292,0.909277,0.018911,0.068520
CNN_20130322_1003,E51,E52,0,0.892352,0.005598,0.021531,0.080519
CNN_20130322_1003,E52,E53,0,0.983019,0.000161,0.003645,0.013175
CNN_20130322_1003,E53,E55,0,0.357334,0.188767,0.103642,0.350257
