WSJ_20130322_159,E5,E6,1,0.009949,0.880967,0.029918,0.079165
WSJ_20130322_159,E5,E10,0,0.835803,0.018030,0.034815,0.111351
WSJ_20130322_159,E5,E11,0,0.940969,0.002390,0.013247,0.043395
WSJ_20130322_159,E6,E10,0,0.906862,0.004396,0.019503,0.069239
WSJ_20130322_159,E6,E11,0,0.963208,0.000753,0.007867,0.028172
WSJ_20130322_159,E10,E11,0,0.629451,0.058481,0.069503,0.242564
WSJ_20130322_159,E12,E14,1,0.041909,0.696021,0.057924,0.204146
WSJ_20130322_159,E18,E19,1,0.153024,0.460332,0.098663,0.287982
WSJ_20130322_159,E20,E22,1,0.000071,0.989696,0.002185,0.008048
WSJ_20130322_159,E29,E31,0,0.906452,0.004080,0.014790,0.074678
WSJ_20130322_159,E29,E34,1,0.149128,0.478004,0.076013,0.296855
WSJ_20130322_159,E29,E37,0,0.941284,0.001832,0.010998,0.045886
WSJ_20130322_159,E31,E34,1,0.020759,0.781178,0.039359,0.158704
WSJ_20130322_159,E31,E37,0,0.810152,0.015116,0.032538,0.142194
WSJ_20130322_159,E34,E37,0,0.989562,0.000088,0.002135,0.008216
WSJ_20130322_159,E38,E39,1,0.001186,0.950626,0.011813,0.036374
WSJ_20130322_159,E38,E40,1,0.030212,0.711730,0.058552,0.199507
WSJ_20130322_159,E39,E40,0,0.579842,0.089112,0.075829,0.255218
WSJ_20130322_159,E42,E44,1,0.000075,0.989071,0.002261,0.008593
WSJ_20130322_159,E46,E47,1,0.009723,0.839157,0.035506,0.115614
WSJ_20130322_159,E46,E49,1,0.039332,0.642766,0.071134,0.246768
WSJ_20130322_159,E47,E49,0,0.338697,0.244357,0.096215,0.320731
WSJ_20130322_159,E1,E5,1,0.153748,0.490500,0.073398,0.282354
WSJ_20130322_159,E1,E6,1,0.003310,0.916409,0.019154,0.061127
WSJ_20130322_159,E1,E10,0,0.500965,0.135574,0.083667,0.279795
WSJ_20130322_159,E1,E11,0,0.745676,0.031345,0.046554,0.176425
WSJ_20130322_159,E5,E12,0,0.995125,0.000026,0.001014,0.003835
WSJ_20130322_159,E5,E14,0,0.922524,0.003911,0.015523,0.058041
WSJ_20130322_159,E6,E12,0,0.994826,0.000028,0.001077,0.004068
WSJ_20130322_159,E6,E14,0,0.916206,0.004026,0.017439,0.062330
WSJ_20130322_159,E10,E12,0,0.935088,0.001871,0.012509,0.050533
WSJ_20130322_159,E10,E14,3,0.292885,0.259721,0.098493,0.348901
WSJ_20130322_159,E11,E12,0,0.879938,0.006348,0.024777,0.088937
WSJ_20130322_159,E11,E14,1,0.115237,0.489346,0.088501,0.306916
WSJ_20130322_159,E12,E18,0,0.945639,0.001325,0.009681,0.043355
WSJ_20130322_159,E12,E19,0,0.481603,0.136760,0.087546,0.294092
WSJ_20130322_159,E14,E18,0,0.986606,0.000111,0.002382,0.010901
WSJ_20130322_159,E14,E19,0,0.840239,0.014186,0.031509,0.114066
WSJ_20130322_159,E18,E20,1,0.001330,0.941646,0.013144,0.043881
WSJ_20130322_159,E18,E22,1,0.000015,0.995832,0.000831,0.003322
WSJ_20130322_159,E19,E20,1,0.000472,0.969864,0.006830,0.022833
WSJ_20130322_159,E19,E22,1,0.000006,0.997616,0.000471,0.001906
WSJ_20130322_159,E20,E26,1,0.057770,0.624918,0.068748,0.248563
WSJ_20130322_159,E22,E26,0,0.974916,0.000514,0.005249,0.019321
WSJ_20130322_159,E26,E29,0,0.989018,0.000086,0.002117,0.008780
WSJ_20130322_159,E26,E31,0,0.997763,0.000006,0.000425,0.001805
WSJ_20130322_159,E26,E34,0,0.951087,0.001464,0.010538,0.036911
WSJ_20130322_159,E26,E37,0,0.995121,0.000025,0.001002,0.003852
WSJ_20130322_159,E29,E38,3,0.286335,0.266710,0.095552,0.351404
WSJ_20130322_159,E29,E39,1,0.000259,0.978764,0.004609,0.016368
WSJ_20130322_159,E29,E40,1,0.039159,0.691821,0.051402,0.217617
WSJ_20130322_159,E31,E38,1,0.064381,0.588848,0.072818,0.273953
WSJ_20130322_159,E31,E39,1,0.000087,0.987829,0.002451,0.009633
WSJ_20130322_159,E31,E40,1,0.005289,0.874471,0.022665,0.097575
WSJ_20130322_159,E34,E38,0,0.775356,0.018968,0.041054,0.164622
WSJ_20130322_159,E34,E39,1,0.003569,0.918419,0.018080,0.059932
WSJ_20130322_159,E34,E40,0,0.381900,0.195312,0.083588,0.339199
WSJ_20130322_159,E37,E38,1,0.037405,0.673500,0.062085,0.227010
WSJ_20130322_159,E37,E39,1,0.000083,0.989372,0.002303,0.008242
WSJ_20130322_159,E37,E40,1,0.002629,0.918074,0.016989,0.062308
WSJ_20130322_159,E38,E42,0,0.941821,0.001375,0.011300,0.045503
WSJ_20130322_159,E38,E44,1,0.000519,0.966089,0.007445,0.025947
WSJ_20130322_159,E39,E42,0,0.990694,0.000074,0.001990,0.007242
WSJ_20130322_159,E39,E44,1,0.034563,0.734407,0.058869,0.172161
WSJ_20130322_159,E40,E42,0,0.978080,0.000293,0.004493,0.017135
WSJ_20130322_159,E40,E44,1,0.007900,0.846623,0.031941,0.113537
WSJ_20130322_159,E42,E46,0,0.859031,0.006519,0.026153,0.108297
WSJ_20130322_159,E42,E47,0,0.387260,0.158743,0.093374,0.360622
WSJ_20130322_159,E42,E49,1,0.105784,0.483706,0.086168,0.324341
WSJ_20130322_159,E44,E46,0,0.996981,0.000010,0.000577,0.002432
WSJ_20130322_159,E44,E47,0,0.992900,0.000037,0.001322,0.005741
WSJ_20130322_159,E44,E49,0,0.977707,0.000337,0.004930,0.017027
WSJ_20130322_159,E46,E55,0,0.451372,0.133806,0.085644,0.329178
WSJ_20130322_159,E47,E55,0,0.955263,0.001359,0.009282,0.034096
WSJ_20130322_159,E49,E55,0,0.820323,0.018464,0.033939,0.127273
nyt_20130322_strange_computer,E8,E11,0,0.996371,0.000018,0.000784,0.002828
nyt_20130322_strange_computer,E14,E16,1,0.000379,0.972989,0.006086,0.020545
nyt_20130322_strange_computer,E19,E22,0,0.757139,0.029681,0.047332,0.165847
nyt_20130322_strange_computer,E19,E23,0,0.329866,0.279284,0.094199,0.296652
nyt_20130322_strange_computer,E22,E23,1,0.300092,0.302364,0.097711,0.299832
nyt_20130322_strange_computer,E6,E8,1,0.166493,0.489519,0.086081,0.257907
nyt_20130322_strange_computer,E6,E11,0,0.996000,0.000017,0.000779,0.003204
nyt_20130322_strange_computer,E8,E14,0,0.995260,0.000028,0.001040,0.003672
nyt_20130322_strange_computer,E8,E16,0,0.778337,0.033655,0.049340,0.138668
nyt_20130322_strange_computer,E11,E14,0,0.703008,0.043953,0.063288,0.189751
nyt_20130322_strange_computer,E11,E16,1,0.001291,0.949283,0.012563,0.036863
nyt_20130322_strange_computer,E14,E19,3,0.298470,0.247727,0.108764,0.345040
nyt_20130322_strange_computer,E14,E22,1,0.097460,0.513458,0.087291,0.301791
nyt_20130322_strange_computer,E14,E23,1,0.033656,0.715214,0.062046,0.189085
nyt_20130322_strange_computer,E16,E19,0,0.978437,0.000307,0.004763,0.016493
nyt_20130322_strange_computer,E16,E22,0,0.982823,0.000204,0.003738,0.013235
nyt_20130322_strange_computer,E16,E23,0,0.961466,0.000880,0.008894,0.028760
nyt_20130322_strange_computer,E19,E24,0,0.804578,0.024839,0.041865,0.128719
nyt_20130322_strange_computer,E22,E24,0,0.706948,0.054589,0.060212,0.178251
nyt_20130322_strange_computer,E23,E24,0,0.836415,0.016395,0.036584,0.110605
CNN_20130321_821,E4,E5,0,0.470521,0.163178,0.100736,0.265566
CNN_20130321_821,E5,E8,0,0.617518,0.082334,0.067540,0.232608
CNN_20130321_821,E8,E1000,0,0.766340,0.026807,0.047520,0.159333
CNN_20130321_821,E1002,E20,0,0.892414,0.004822,0.025427,0.077336
nyt_20130321_cyprus,E2,E5,1,0.009526,0.867184,0.033706,0.089584
nyt_20130321_cyprus,E7,E2009,1,0.005032,0.888804,0.024071,0.082094
nyt_20130321_cyprus,E13,E15,0,0.417789,0.146509,0.095996,0.339705
nyt_20130321_cyprus,E22,E23,1,0.104523,0.510088,0.079431,0.305958
nyt_20130321_cyprus,E22,E24,1,0.000013,0.996206,0.000758,0.003023
nyt_20130321_cyprus,E23,E24,1,0.000190,0.983169,0.003848,0.012793
nyt_20130321_cyprus,E33,E35,0,0.472257,0.150321,0.087850,0.289572
nyt_20130321_cyprus,E41,E42,1,0.005775,0.888355,0.026015,0.079855
nyt_20130321_cyprus,E46,E47,1,0.299812,0.355513,0.078974,0.265701
nyt_20130321_cyprus,E48,E51,0,0.992153,0.000060,0.001726,0.006060
nyt_20130321_cyprus,E2,E7,0,0.939729,0.002178,0.014280,0.043813
nyt_20130321_cyprus,E2,E2009,0,0.533633,0.103072,0.087075,0.276220
nyt_20130321_cyprus,E5,E7,0,0.995001,0.000032,0.001116,0.003851
nyt_20130321_cyprus,E5,E2009,0,0.975462,0.000424,0.005718,0.018396
nyt_20130321_cyprus,E7,E9,1,0.000127,0.986589,0.002994,0.010290
nyt_20130321_cyprus,E2009,E9,1,0.010536,0.851292,0.034124,0.104048
nyt_20130321_cyprus,E10,E13,0,0.925719,0.004091,0.016300,0.053890
nyt_20130321_cyprus,E10,E15,0,0.940471,0.001862,0.012357,0.045310
nyt_20130321_cyprus,E13,E21,0,0.958961,0.001053,0.009509,0.030477
nyt_20130321_cyprus,E15,E21,0,0.910224,0.004127,0.020104,0.065545
nyt_20130321_cyprus,E21,E22,0,0.821491,0.014779,0.033984,0.129747
nyt_20130321_cyprus,E21,E23,3,0.277845,0.284169,0.092763,0.345222
nyt_20130321_cyprus,E21,E24,1,0.000020,0.995520,0.000938,0.003522
nyt_20130321_cyprus,E22,E25,1,0.000535,0.968687,0.007222,0.023556
nyt_20130321_cyprus,E23,E25,1,0.027213,0.761044,0.050232,0.161511
nyt_20130321_cyprus,E24,E25,0,0.951392,0.001949,0.011108,0.035551
nyt_20130321_cyprus,E33,E36,0,0.526709,0.106445,0.086063,0.280783
nyt_20130321_cyprus,E35,E36,3,0.216738,0.339829,0.092059,0.351374
nyt_20130321_cyprus,E36,E41,0,0.972292,0.000459,0.005713,0.021536
nyt_20130321_cyprus,E36,E42,1,0.074966,0.619639,0.073362,0.232033
nyt_20130321_cyprus,E46,E48,1,0.028575,0.771305,0.048502,0.151617
nyt_20130321_cyprus,E46,E51,0,0.989930,0.000095,0.002245,0.007730
nyt_20130321_cyprus,E47,E48,1,0.006620,0.911638,0.022014,0.059727
nyt_20130321_cyprus,E47,E51,0,0.985722,0.000192,0.003146,0.010939
nyt_20130321_cyprus,E48,E57,1,0.002230,0.935237,0.016284,0.046249
nyt_20130321_cyprus,E51,E57,1,0.000008,0.997136,0.000552,0.002303
bbc_20130322_1353,E1,E5,1,0.001272,0.948643,0.011203,0.038881
bbc_20130322_1353,E8,E10,1,0.000064,0.991468,0.002019,0.006449
bbc_20130322_1353,E15,E16,1,0.000725,0.964070,0.008559,0.026645
bbc_20130322_1353,E19,E20,1,0.000201,0.987329,0.003460,0.009010
bbc_20130322_1353,E19,E21,1,0.000370,0.980956,0.005218,0.013456
bbc_20130322_1353,E20,E21,1,0.217934,0.479801,0.074727,0.227538
bbc_20130322_1353,E23,E25,1,0.163070,0.446490,0.079911,0.310529
bbc_20130322_1353,E23,E26,1,0.002857,0.926826,0.016395,0.053922
bbc_20130322_1353,E23,E27,1,0.000029,0.994531,0.001183,0.004256
bbc_20130322_1353,E25,E26,1,0.001033,0.960692,0.008396,0.029879
bbc_20130322_1353,E25,E27,1,0.000015,0.996197,0.000789,0.002999
bbc_20130322_1353,E26,E27,1,0.000123,0.987718,0.002863,0.009296
bbc_20130322_1353,E28,E29,1,0.000372,0.976909,0.005430,0.017289
bbc_20130322_1353,E28,E31,1,0.000342,0.979025,0.004852,0.015781
bbc_20130322_1353,E29,E31,1,0.111966,0.629883,0.058651,0.199500
bbc_20130322_1353,E33,E34,0,0.691653,0.056529,0.056314,0.195504
bbc_20130322_1353,E35,E36,0,0.782541,0.021732,0.044694,0.151033
bbc_20130322_1353,E35,E37,1,0.000449,0.972832,0.006573,0.020146
bbc_20130322_1353,E36,E37,1,0.000114,0.987030,0.002865,0.009992
bbc_20130322_1353,E1,E8,0,0.526473,0.113209,0.075563,0.284755
bbc_20130322_1353,E1,E10,1,0.000048,0.992605,0.001622,0.005724
bbc_20130322_1353,E5,E8,0,0.985827,0.000156,0.003007,0.011009
bbc_20130322_1353,E5,E10,1,0.004299,0.928033,0.016421,0.051247
bbc_20130322_1353,E8,E11,0,0.843095,0.011841,0.027874,0.117190
bbc_20130322_1353,E10,E11,0,0.998132,0.000005,0.000370,0.001493
bbc_20130322_1353,E11,E13,1,0.016355,0.812382,0.037718,0.133545
bbc_20130322_1353,E13,E15,0,0.972484,0.000611,0.006941,0.019964
bbc_20130322_1353,E13,E16,0,0.574214,0.137793,0.078497,0.209497
bbc_20130322_1353,E15,E17,1,0.001254,0.948233,0.012008,0.038506
bbc_20130322_1353,E16,E17,1,0.062255,0.636453,0.066565,0.234726
bbc_20130322_1353,E17,E19,1,0.063363,0.686491,0.056647,0.193499
bbc_20130322_1353,E17,E20,1,0.000160,0.985528,0.003417,0.010895
bbc_20130322_1353,E17,E21,1,0.000354,0.976482,0.005600,0.017565
bbc_20130322_1353,E19,E23,0,0.597426,0.106000,0.067872,0.228702
bbc_20130322_1353,E19,E25,0,0.846863,0.019246,0.030027,0.103863
bbc_20130322_1353,E19,E26,1,0.268216,0.386556,0.087134,0.258094
bbc_20130322_1353,E19,E27,1,0.000249,0.985302,0.004023,0.010426
bbc_20130322_1353,E20,E23,0,0.985096,0.000221,0.003318,0.011365
bbc_20130322_1353,E20,E25,0,0.986644,0.000161,0.002615,0.010580
bbc_20130322_1353,E20,E26,0,0.872397,0.014288,0.025235,0.088080
bbc_20130322_1353,E20,E27,1,0.016363,0.871198,0.027834,0.084604
bbc_20130322_1353,E21,E23,0,0.971190,0.000665,0.005850,0.022295
bbc_20130322_1353,E21,E25,0,0.976831,0.000596,0.005082,0.017491
bbc_20130322_1353,E21,E26,0,0.773096,0.042759,0.041840,0.142306
bbc_20130322_1353,E21,E27,1,0.005030,0.930648,0.016256,0.048066
bbc_20130322_1353,E23,E28,0,0.342310,0.272249,0.087120,0.298322
bbc_20130322_1353,E23,E29,1,0.029207,0.779909,0.044334,0.146550
bbc_20130322_1353,E23,E31,1,0.118737,0.579121,0.069554,0.232588
bbc_20130322_1353,E25,E28,0,0.428002,0.223211,0.075495,0.273293
bbc_20130322_1353,E25,E29,1,0.003136,0.938141,0.013169,0.045554
bbc_20130322_1353,E25,E31,1,0.009850,0.893076,0.021436,0.075637
bbc_20130322_1353,E26,E28,0,0.877304,0.010930,0.024836,0.086930
bbc_20130322_1353,E26,E29,1,0.132666,0.556607,0.070334,0.240393
bbc_20130322_1353,E26,E31,1,0.296370,0.351605,0.078462,0.273564
bbc_20130322_1353,E27,E28,0,0.991821,0.000076,0.001842,0.006261
bbc_20130322_1353,E27,E29,0,0.847557,0.022249,0.030094,0.100100
bbc_20130322_1353,E27,E31,0,0.922440,0.006673,0.016141,0.054746
bbc_20130322_1353,E28,E33,1,0.010743,0.858482,0.030125,0.100650
bbc_20130322_1353,E28,E34,1,0.153269,0.486809,0.076904,0.283017
bbc_20130322_1353,E29,E33,0,0.518336,0.169934,0.068906,0.242824
bbc_20130322_1353,E29,E34,0,0.839146,0.019515,0.029118,0.112221
bbc_20130322_1353,E31,E33,0,0.593958,0.138958,0.058794,0.208290
bbc_20130322_1353,E31,E34,0,0.878071,0.014239,0.022230,0.085460
bbc_20130322_1353,E33,E35,0,0.996262,0.000014,0.000695,0.003029
bbc_20130322_1353,E33,E36,0,0.992773,0.000045,0.001453,0.005728
bbc_20130322_1353,E33,E37,1,0.022962,0.815833,0.046402,0.114803
bbc_20130322_1353,E34,E35,0,0.988919,0.000083,0.002074,0.008925
bbc_20130322_1353,E34,E36,0,0.986800,0.000120,0.002589,0.010491
bbc_20130322_1353,E34,E37,1,0.036617,0.745273,0.051567,0.166543
nyt_20130321_women_senate,E1000009,E2,1,0.039349,0.791639,0.047308,0.121705
nyt_20130321_women_senate,E4,E5,1,0.001192,0.957829,0.011101,0.029878
nyt_20130321_women_senate,E4,E6,1,0.114067,0.593726,0.072220,0.219986
nyt_20130321_women_senate,E5,E6,0,0.829049,0.023550,0.034321,0.113079
nyt_20130321_women_senate,E9,E10,0,0.988296,0.000125,0.002608,0.008972
nyt_20130321_women_senate,E11,E12,0,0.790214,0.038175,0.041469,0.130142
nyt_20130321_women_senate,E14,E15,1,0.043978,0.737415,0.056746,0.161862
nyt_20130321_women_senate,E16,E17,1,0.116519,0.540203,0.078080,0.265198
nyt_20130321_women_senate,E19,E20,1,0.001156,0.957105,0.011099,0.030639
nyt_20130321_women_senate,E19,E21,1,0.019243,0.806773,0.044943,0.129041
nyt_20130321_women_senate,E20,E21,0,0.457406,0.178181,0.092496,0.271917
nyt_20130321_women_senate,E23,E24,0,0.957359,0.001166,0.010224,0.031250
nyt_20130321_women_senate,E26,E27,0,0.918276,0.006384,0.022468,0.052871
nyt_20130321_women_senate,E26,E1000014,0,0.885020,0.010480,0.027353,0.077147
nyt_20130321_women_senate,E27,E1000014,1,0.078704,0.645772,0.083400,0.192124
nyt_20130321_women_senate,E37,E1000015,1,0.214866,0.363511,0.107962,0.313662
nyt_20130321_women_senate,E40,E41,0,0.938970,0.002199,0.013113,0.045718
nyt_20130321_women_senate,E40,E42,0,0.636935,0.075515,0.067234,0.220316
nyt_20130321_women_senate,E41,E42,1,0.137262,0.502071,0.087644,0.273023
nyt_20130321_women_senate,E43,E47,0,0.980347,0.000250,0.004012,0.015391
nyt_20130321_women_senate,E43,E48,0,0.958827,0.001068,0.008686,0.031420
nyt_20130321_women_senate,E47,E48,0,0.356321,0.240458,0.089443,0.313778
nyt_20130321_women_senate,E49,E50,0,0.837451,0.015577,0.033309,0.113663
nyt_20130321_women_senate,E49,E53,1,0.002525,0.943585,0.013426,0.040463
nyt_20130321_women_senate,E50,E53,1,0.000581,0.973711,0.006417,0.019291
nyt_20130321_women_senate,E1000009,E4,0,0.600388,0.106475,0.072138,0.221000
nyt_20130321_women_senate,E1000009,E5,1,0.001008,0.963039,0.009736,0.026217
nyt_20130321_women_senate,E1000009,E6,1,0.049546,0.737433,0.051852,0.161169
nyt_20130321_women_senate,E2,E4,0,0.963733,0.001026,0.008087,0.027154
nyt_20130321_women_senate,E2,E5,1,0.039904,0.760756,0.051250,0.148089
nyt_20130321_women_senate,E2,E6,0,0.720922,0.058247,0.050154,0.170678
nyt_20130321_women_senate,E4,E7,0,0.861492,0.014901,0.032279,0.091328
nyt_20130321_women_senate,E5,E7,0,0.987211,0.000171,0.003132,0.009487
nyt_20130321_women_senate,E6,E7,0,0.965730,0.001364,0.008181,0.024725
nyt_20130321_women_senate,E7,E8,1,0.000250,0.982476,0.004288,0.012986
nyt_20130321_women_senate,E8,E9,0,0.930326,0.004510,0.014786,0.050377
nyt_20130321_women_senate,E8,E10,0,0.997996,0.000006,0.000402,0.001595
nyt_20130321_women_senate,E11,E1000012,0,0.654176,0.083538,0.062700,0.199585
nyt_20130321_women_senate,E12,E1000012,1,0.083420,0.647627,0.063336,0.205617
nyt_20130321_women_senate,E14,E16,0,0.970604,0.000815,0.007205,0.021375
nyt_20130321_women_senate,E14,E17,0,0.934432,0.002974,0.014412,0.048183
nyt_20130321_women_senate,E15,E16,0,0.969325,0.000645,0.006791,0.023240
nyt_20130321_women_senate,E15,E17,0,0.935883,0.002515,0.014061,0.047542
nyt_20130321_women_senate,E16,E19,1,0.060216,0.677534,0.065283,0.196967
nyt_20130321_women_senate,E16,E20,1,0.000270,0.980018,0.004741,0.014970
nyt_20130321_women_senate,E16,E21,1,0.001724,0.939868,0.014494,0.043914
nyt_20130321_women_senate,E17,E19,1,0.293352,0.313926,0.096453,0.296269
nyt_20130321_women_senate,E17,E20,1,0.000728,0.966005,0.008515,0.024752
nyt_20130321_women_senate,E17,E21,1,0.011481,0.849551,0.034604,0.104365
nyt_20130321_women_senate,E19,E22,1,0.085627,0.611396,0.072062,0.230915
nyt_20130321_women_senate,E20,E22,0,0.728966,0.050641,0.052303,0.168090
nyt_20130321_women_senate,E21,E22,0,0.777606,0.030141,0.046566,0.145687
nyt_20130321_women_senate,E22,E23,0,0.881085,0.010221,0.025930,0.082764
nyt_20130321_women_senate,E22,E24,0,0.994928,0.000029,0.001082,0.003961
nyt_20130321_women_senate,E23,E25,0,0.682996,0.044539,0.061236,0.211230
nyt_20130321_women_senate,E24,E25,1,0.120932,0.500853,0.084722,0.293493
nyt_20130321_women_senate,E25,E26,1,0.000159,0.984949,0.003477,0.011414
nyt_20130321_women_senate,E25,E27,1,0.003286,0.923345,0.021760,0.051609
nyt_20130321_women_senate,E25,E1000014,1,0.002144,0.931502,0.016846,0.049509
nyt_20130321_women_senate,E26,E29,0,0.872864,0.010243,0.029203,0.087690
nyt_20130321_women_senate,E27,E29,1,0.144965,0.490071,0.107054,0.257910
nyt_20130321_women_senate,E1000014,E29,1,0.182228,0.426630,0.100456,0.290685
nyt_20130321_women_senate,E29,E36,0,0.990415,0.000084,0.002127,0.007374
nyt_20130321_women_senate,E36,E37,0,0.643034,0.057494,0.063608,0.235864
nyt_20130321_women_senate,E36,E1000015,0,0.318502,0.262411,0.108711,0.310376
nyt_20130321_women_senate,E37,E40,1,0.000402,0.972715,0.006191,0.020693
nyt_20130321_women_senate,E37,E41,1,0.056498,0.628467,0.071033,0.244002
nyt_20130321_women_senate,E37,E42,1,0.001356,0.945863,0.012740,0.040041
nyt_20130321_women_senate,E1000015,E40,1,0.007742,0.878110,0.031377,0.082771
nyt_20130321_women_senate,E1000015,E41,0,0.591263,0.085106,0.084718,0.238914
nyt_20130321_women_senate,E1000015,E42,1,0.048547,0.685036,0.073592,0.192824
nyt_20130321_women_senate,E40,E43,0,0.694884,0.054883,0.055469,0.194764
nyt_20130321_women_senate,E40,E47,0,0.961134,0.000803,0.007674,0.030389
nyt_20130321_women_senate,E40,E48,0,0.916991,0.003673,0.016845,0.062490
nyt_20130321_women_senate,E41,E43,1,0.169324,0.458080,0.085804,0.286791
nyt_20130321_women_senate,E41,E47,0,0.794710,0.019801,0.038552,0.146937
nyt_20130321_women_senate,E41,E48,0,0.611140,0.078080,0.068583,0.242197
nyt_20130321_women_senate,E42,E43,0,0.630758,0.091530,0.065920,0.211792
nyt_20130321_women_senate,E42,E47,0,0.954157,0.001278,0.009560,0.035005
nyt_20130321_women_senate,E42,E48,0,0.901485,0.006257,0.021005,0.071253
nyt_20130321_women_senate,E43,E49,0,0.814237,0.025139,0.037691,0.122933
nyt_20130321_women_senate,E43,E50,0,0.937405,0.002579,0.013152,0.046865
nyt_20130321_women_senate,E43,E53,1,0.009823,0.895081,0.023523,0.071574
nyt_20130321_women_senate,E47,E49,1,0.106145,0.580429,0.073499,0.239927
nyt_20130321_women_senate,E47,E50,0,0.381425,0.230184,0.086605,0.301786
nyt_20130321_women_senate,E47,E53,1,0.000103,0.989453,0.002522,0.007922
nyt_20130321_women_senate,E48,E49,0,0.410303,0.174949,0.090554,0.324194
nyt_20130321_women_senate,E48,E50,0,0.716306,0.033711,0.051832,0.198152
nyt_20130321_women_senate,E48,E53,1,0.000671,0.966045,0.007814,0.025471
bbc_20130322_1150,E1,E2,0,0.982359,0.000397,0.004275,0.012968
bbc_20130322_1150,E6,E7,1,0.004594,0.886183,0.026159,0.083064
bbc_20130322_1150,E8,E10,1,0.002724,0.935394,0.016977,0.044905
bbc_20130322_1150,E8,E11,1,0.043028,0.717229,0.067414,0.172330
bbc_20130322_1150,E10,E11,0,0.497821,0.156154,0.094887,0.251137
bbc_20130322_1150,E14,E15,1,0.010235,0.851262,0.032027,0.106477
bbc_20130322_1150,E14,E17,1,0.006123,0.893837,0.024518,0.075522
bbc_20130322_1150,E15,E17,1,0.272959,0.321317,0.095705,0.310020
bbc_20130322_1150,E19,E20,0,0.518259,0.132839,0.082296,0.266606
bbc_20130322_1150,E19,E21,0,0.785911,0.025406,0.042636,0.146047
bbc_20130322_1150,E20,E21,0,0.802152,0.020185,0.035369,0.142294
bbc_20130322_1150,E23,E24,3,0.252219,0.313196,0.104451,0.330134
bbc_20130322_1150,E29,E30,0,0.995197,0.000030,0.001138,0.003635
bbc_20130322_1150,E53,E35,0,0.997009,0.000011,0.000572,0.002408
bbc_20130322_1150,E39,E40,0,0.975533,0.000497,0.006159,0.017811
bbc_20130322_1150,E41,E42,1,0.000139,0.987510,0.003043,0.009308
bbc_20130322_1150,E41,E43,1,0.000605,0.970081,0.007543,0.021771
bbc_20130322_1150,E42,E43,0,0.957452,0.001359,0.010600,0.030589
bbc_20130322_1150,E1,E3,0,0.994518,0.000036,0.001186,0.004261
bbc_20130322_1150,E2,E3,0,0.756056,0.060055,0.049996,0.133893
bbc_20130322_1150,E3,E4,1,0.000734,0.967654,0.008213,0.023399
bbc_20130322_1150,E4,E6,0,0.997876,0.000006,0.000383,0.001735
bbc_20130322_1150,E4,E7,0,0.968237,0.000727,0.007069,0.023967
bbc_20130322_1150,E6,E8,1,0.000371,0.973799,0.005986,0.019844
bbc_20130322_1150,E6,E10,1,0.000047,0.992265,0.001648,0.006040
bbc_20130322_1150,E6,E11,1,0.000315,0.976592,0.005372,0.017721
bbc_20130322_1150,E7,E8,1,0.124072,0.549223,0.081248,0.245458
bbc_20130322_1150,E7,E10,1,0.002112,0.943420,0.014499,0.039968
bbc_20130322_1150,E7,E11,1,0.025847,0.778231,0.053747,0.142176
bbc_20130322_1150,E8,E12,0,0.605261,0.090878,0.074664,0.229197
bbc_20130322_1150,E10,E12,0,0.935679,0.002912,0.014913,0.046495
bbc_20130322_1150,E11,E12,0,0.788416,0.024278,0.048277,0.139028
bbc_20130322_1150,E12,E14,0,0.970434,0.000641,0.007169,0.021756
bbc_20130322_1150,E12,E15,0,0.965718,0.000732,0.007702,0.025848
bbc_20130322_1150,E12,E17,0,0.926921,0.003268,0.017507,0.052305
bbc_20130322_1150,E18,E19,0,0.867742,0.008737,0.034598,0.088922
bbc_20130322_1150,E18,E20,0,0.897864,0.006416,0.025921,0.069800
bbc_20130322_1150,E18,E21,0,0.978899,0.000349,0.005332,0.015421
bbc_20130322_1150,E19,E23,0,0.919822,0.003547,0.016729,0.059902
bbc_20130322_1150,E19,E24,1,0.210735,0.377973,0.094462,0.316831
bbc_20130322_1150,E20,E23,0,0.922596,0.002954,0.014800,0.059650
bbc_20130322_1150,E20,E24,1,0.289266,0.322490,0.094727,0.293517
bbc_20130322_1150,E21,E23,0,0.836607,0.011777,0.030461,0.121155
bbc_20130322_1150,E21,E24,1,0.066895,0.643687,0.066881,0.222537
bbc_20130322_1150,E28,E29,1,0.000018,0.996025,0.000935,0.003022
bbc_20130322_1150,E28,E30,1,0.057580,0.665679,0.059447,0.217294
bbc_20130322_1150,E29,E34,0,0.999284,0.000001,0.000136,0.000579
bbc_20130322_1150,E30,E34,0,0.970843,0.000580,0.006118,0.022459
bbc_20130322_1150,E34,E53,1,0.000509,0.971266,0.006855,0.021371
bbc_20130322_1150,E34,E35,0,0.939531,0.002439,0.012702,0.045328
bbc_20130322_1150,E53,E36,0,0.981851,0.000274,0.004271,0.013604
bbc_20130322_1150,E35,E36,1,0.038191,0.703060,0.063529,0.195221
bbc_20130322_1150,E36,E39,1,0.021064,0.772188,0.053114,0.153634
bbc_20130322_1150,E36,E40,1,0.013432,0.824469,0.036782,0.125317
bbc_20130322_1150,E39,E41,0,0.989937,0.000108,0.002404,0.007551
bbc_20130322_1150,E39,E42,1,0.058895,0.696129,0.071422,0.173555
bbc_20130322_1150,E39,E43,0,0.862879,0.013684,0.034447,0.088990
bbc_20130322_1150,E40,E41,0,0.879356,0.008470,0.024320,0.087854
bbc_20130322_1150,E40,E42,1,0.000728,0.962780,0.008844,0.027648
bbc_20130322_1150,E40,E43,1,0.040768,0.725261,0.057536,0.176435
bbc_20130322_1150,E41,E44,1,0.098072,0.643189,0.070682,0.188056
bbc_20130322_1150,E42,E44,0,0.991981,0.000068,0.001774,0.006177
bbc_20130322_1150,E43,E44,0,0.675626,0.075773,0.063482,0.185120
bbc_20130322_332,E1,E2,0,0.476734,0.130228,0.089346,0.303692
bbc_20130322_332,E1,E3,1,0.021912,0.785048,0.043776,0.149265
bbc_20130322_332,E1,E4,1,0.000015,0.996127,0.000791,0.003068
bbc_20130322_332,E2,E3,1,0.011950,0.843377,0.037784,0.106888
bbc_20130322_332,E2,E4,1,0.000025,0.994807,0.001105,0.004063
bbc_20130322_332,E3,E4,1,0.000081,0.990537,0.002218,0.007164
bbc_20130322_332,E12,E13,1,0.022823,0.732570,0.054000,0.190607
bbc_20130322_332,E17,E18,1,0.144802,0.455651,0.089343,0.310204
bbc_20130322_332,E22,E23,0,0.995207,0.000026,0.001019,0.003748
bbc_20130322_332,E27,E28,1,0.178982,0.424397,0.102284,0.294338
bbc_20130322_332,E27,E29,0,0.963265,0.000876,0.007923,0.027936
bbc_20130322_332,E28,E29,0,0.978920,0.000326,0.004552,0.016201
bbc_20130322_332,E31,E33,1,0.271828,0.345920,0.099783,0.282470
bbc_20130322_332,E31,E34,1,0.234020,0.416831,0.092653,0.256496
bbc_20130322_332,E31,E35,1,0.009220,0.892478,0.029236,0.069067
bbc_20130322_332,E33,E34,0,0.382424,0.306540,0.075832,0.235204
bbc_20130322_332,E33,E35,0,0.392407,0.305173,0.085190,0.217230
bbc_20130322_332,E34,E35,0,0.430254,0.288718,0.078769,0.202259
bbc_20130322_332,E37,E38,0,0.808082,0.014834,0.036112,0.140972
bbc_20130322_332,E37,E40,0,0.639689,0.051250,0.067777,0.241283
bbc_20130322_332,E38,E40,3,0.317243,0.237920,0.096115,0.348722
bbc_20130322_332,E1,E5,0,0.615095,0.059937,0.069301,0.255667
bbc_20130322_332,E2,E5,0,0.396506,0.178660,0.103663,0.321172
bbc_20130322_332,E3,E5,0,0.904817,0.005339,0.021845,0.067999
bbc_20130322_332,E4,E5,0,0.994503,0.000035,0.001215,0.004247
bbc_20130322_332,E5,E9,1,0.000084,0.988439,0.002413,0.009065
bbc_20130322_332,E9,E11,1,0.000822,0.965470,0.009006,0.024702
bbc_20130322_332,E11,E12,0,0.976282,0.000435,0.005835,0.017449
bbc_20130322_332,E11,E13,0,0.960075,0.000904,0.009360,0.029661
bbc_20130322_332,E12,E17,1,0.017119,0.789461,0.042838,0.150582
bbc_20130322_332,E12,E18,1,0.021089,0.762791,0.048109,0.168011
bbc_20130322_332,E13,E17,3,0.207563,0.340166,0.099797,0.352474
bbc_20130322_332,E13,E18,1,0.152717,0.404415,0.095230,0.347638
bbc_20130322_332,E17,E19,0,0.657789,0.045944,0.061612,0.234655
bbc_20130322_332,E18,E19,0,0.733636,0.027643,0.048778,0.189943
bbc_20130322_332,E19,E22,1,0.002710,0.916451,0.020122,0.060717
bbc_20130322_332,E19,E23,0,0.870468,0.007622,0.031566,0.090344
bbc_20130322_332,E22,E24,1,0.023892,0.781511,0.047626,0.146971
bbc_20130322_332,E23,E24,1,0.000097,0.988491,0.002549,0.008862
bbc_20130322_332,E27,E30,0,0.982945,0.000204,0.003677,0.013174
bbc_20130322_332,E28,E30,0,0.988056,0.000112,0.002532,0.009300
bbc_20130322_332,E29,E30,0,0.406551,0.204949,0.078221,0.310279
bbc_20130322_332,E30,E31,1,0.075924,0.618114,0.069960,0.236002
bbc_20130322_332,E30,E33,1,0.022474,0.815201,0.039655,0.122671
bbc_20130322_332,E30,E34,1,0.020710,0.825752,0.037478,0.116060
bbc_20130322_332,E30,E35,1,0.039470,0.765760,0.054695,0.140075
bbc_20130322_332,E31,E36,0,0.566055,0.118291,0.080287,0.235367
bbc_20130322_332,E33,E36,0,0.771996,0.046118,0.042661,0.139225
bbc_20130322_332,E34,E36,0,0.780194,0.057535,0.042606,0.119665
bbc_20130322_332,E35,E36,0,0.850656,0.025402,0.034199,0.089743
bbc_20130322_332,E36,E37,0,0.988750,0.000123,0.002618,0.008509
bbc_20130322_332,E36,E38,0,0.991046,0.000063,0.001785,0.007106
bbc_20130322_332,E36,E40,0,0.985081,0.000159,0.003164,0.011596
bbc_20130322_1600,E2,E5,0,0.948237,0.001853,0.010772,0.039138
bbc_20130322_1600,E6,E7,1,0.021340,0.852800,0.033081,0.092778
bbc_20130322_1600,E6,E8,0,0.970426,0.000837,0.007493,0.021244
bbc_20130322_1600,E6,E9,0,0.591798,0.141189,0.067792,0.199222
bbc_20130322_1600,E7,E8,0,0.995720,0.000025,0.000949,0.003305
bbc_20130322_1600,E7,E9,0,0.944471,0.003947,0.011803,0.039779
bbc_20130322_1600,E8,E9,1,0.009260,0.897425,0.020693,0.072622
bbc_20130322_1600,E10,E11,1,0.115744,0.586244,0.070998,0.227014
bbc_20130322_1600,E10,E12,0,0.677931,0.074040,0.057021,0.191008
bbc_20130322_1600,E11,E12,0,0.810903,0.028744,0.037095,0.123257
bbc_20130322_1600,E16,E20,1,0.137518,0.483463,0.079882,0.299137
bbc_20130322_1600,E21,E22,0,0.868560,0.012337,0.027388,0.091715
bbc_20130322_1600,E2,E6,0,0.631644,0.101220,0.067886,0.199250
bbc_20130322_1600,E2,E7,1,0.104560,0.637728,0.066132,0.191581
bbc_20130322_1600,E2,E8,0,0.993400,0.000052,0.001505,0.005042
bbc_20130322_1600,E2,E9,0,0.875702,0.015148,0.025418,0.083732
bbc_20130322_1600,E5,E6,1,0.082539,0.639619,0.063626,0.214216
bbc_20130322_1600,E5,E7,1,0.003287,0.939507,0.014489,0.042718
bbc_20130322_1600,E5,E8,0,0.924960,0.005358,0.016271,0.053411
bbc_20130322_1600,E5,E9,0,0.384788,0.285550,0.075270,0.254391
bbc_20130322_1600,E6,E10,1,0.042694,0.757299,0.050897,0.149110
bbc_20130322_1600,E6,E11,1,0.155024,0.533815,0.079529,0.231632
bbc_20130322_1600,E6,E12,1,0.044288,0.751806,0.050911,0.152995
bbc_20130322_1600,E7,E10,0,0.548462,0.166138,0.067729,0.217671
bbc_20130322_1600,E7,E11,0,0.572694,0.157282,0.071414,0.198610
bbc_20130322_1600,E7,E12,0,0.886401,0.014366,0.025614,0.073620
bbc_20130322_1600,E8,E10,1,0.000106,0.988971,0.002642,0.008281
bbc_20130322_1600,E8,E11,1,0.000129,0.987261,0.002873,0.009737
bbc_20130322_1600,E8,E12,1,0.001563,0.954978,0.009729,0.033730
bbc_20130322_1600,E9,E10,1,0.007651,0.914391,0.017793,0.060164
bbc_20130322_1600,E9,E11,1,0.008724,0.904299,0.020053,0.066925
bbc_20130322_1600,E9,E12,1,0.093392,0.688246,0.054481,0.163880
bbc_20130322_1600,E10,E13,0,0.987672,0.000141,0.002544,0.009643
bbc_20130322_1600,E11,E13,0,0.993239,0.000046,0.001395,0.005320
bbc_20130322_1600,E12,E13,0,0.985720,0.000183,0.002925,0.011172
bbc_20130322_1600,E13,E30,1,0.017789,0.808834,0.037299,0.136079
bbc_20130322_1600,E30,E14,0,0.872352,0.008935,0.025466,0.093247
bbc_20130322_1600,E14,E16,0,0.953657,0.001535,0.010499,0.034309
bbc_20130322_1600,E14,E20,0,0.638324,0.058452,0.069605,0.233618
bbc_20130322_1600,E16,E21,1,0.184916,0.413292,0.086134,0.315658
bbc_20130322_1600,E16,E22,0,0.660078,0.056493,0.055980,0.227450
bbc_20130322_1600,E20,E21,0,0.696333,0.047485,0.055296,0.200886
bbc_20130322_1600,E20,E22,0,0.908031,0.004895,0.019515,0.067559
bbc_20130322_1600,E21,E25,0,0.973046,0.000529,0.005930,0.020495
bbc_20130322_1600,E22,E25,0,0.881944,0.006794,0.020857,0.090405
WSJ_20130322_804,E1,E2002,0,0.927639,0.002568,0.015234,0.054559
WSJ_20130322_804,E11,E13,0,0.749961,0.023263,0.044530,0.182246
WSJ_20130322_804,E11,E14,1,0.095329,0.525614,0.077926,0.301131
WSJ_20130322_804,E13,E14,1,0.047118,0.671704,0.066361,0.214816
WSJ_20130322_804,E22,E23,1,0.178510,0.392894,0.097583,0.331013
WSJ_20130322_804,E25,E26,0,0.517756,0.094223,0.101043,0.286977
WSJ_20130322_804,E25,E30,0,0.916317,0.003256,0.019770,0.060657
WSJ_20130322_804,E26,E30,0,0.942884,0.001497,0.011302,0.044317
WSJ_20130322_804,E9,E11,3,0.273751,0.295016,0.092083,0.339149
WSJ_20130322_804,E9,E13,0,0.852019,0.008844,0.028308,0.110830
WSJ_20130322_804,E9,E14,1,0.209715,0.352116,0.093691,0.344478
WSJ_20130322_804,E11,E16,1,0.075402,0.578243,0.069706,0.276649
WSJ_20130322_804,E13,E16,1,0.031624,0.732153,0.054332,0.181891
WSJ_20130322_804,E14,E16,1,0.088950,0.556219,0.073698,0.281133
WSJ_20130322_804,E16,E17,0,0.989927,0.000080,0.002098,0.007895
WSJ_20130322_804,E17,E18,1,0.000576,0.971379,0.007434,0.020611
WSJ_20130322_804,E21,E22,0,0.615238,0.072042,0.070450,0.242270
WSJ_20130322_804,E21,E23,0,0.463444,0.145457,0.091825,0.299275
WSJ_20130322_804,E22,E25,3,0.229518,0.308384,0.099745,0.362353
WSJ_20130322_804,E22,E26,0,0.573318,0.067039,0.073197,0.286447
WSJ_20130322_804,E22,E30,0,0.854175,0.008357,0.027961,0.109507
WSJ_20130322_804,E23,E25,0,0.616557,0.068206,0.066738,0.248499
WSJ_20130322_804,E23,E26,0,0.789570,0.017532,0.038520,0.154377
WSJ_20130322_804,E23,E30,0,0.937012,0.001918,0.012275,0.048796
WSJ_20130322_804,E25,E33,0,0.958902,0.000857,0.009128,0.031113
WSJ_20130322_804,E26,E33,0,0.955721,0.000850,0.008553,0.034875
WSJ_20130322_804,E30,E33,0,0.612472,0.053091,0.065388,0.269049
WSJ_20130322_804,E33,E35,1,0.066986,0.610923,0.073624,0.248467
WSJ_20130318_731,E1,E2,1,0.001639,0.946542,0.013716,0.038103
WSJ_20130318_731,E1,E3,1,0.023845,0.775965,0.050655,0.149535
WSJ_20130318_731,E2,E3,0,0.368131,0.261280,0.094779,0.275810
WSJ_20130318_731,E11,E12,1,0.000918,0.957385,0.010683,0.031013
WSJ_20130318_731,E11,E13,1,0.150472,0.443791,0.101062,0.304675
WSJ_20130318_731,E12,E13,0,0.781352,0.021569,0.046259,0.150820
WSJ_20130318_731,E20,E21,0,0.980752,0.000235,0.004046,0.014966
WSJ_20130318_731,E20,E22,0,0.980051,0.000273,0.004201,0.015475
WSJ_20130318_731,E21,E22,0,0.870466,0.006350,0.025912,0.097273
WSJ_20130318_731,E9,E10,1,0.000285,0.979000,0.004976,0.015740
WSJ_20130318_731,E10,E11,0,0.998855,0.000002,0.000215,0.000927
WSJ_20130318_731,E10,E12,0,0.971933,0.000683,0.005785,0.021598
WSJ_20130318_731,E10,E13,0,0.991553,0.000066,0.001795,0.006585
WSJ_20130318_731,E11,E14,1,0.151951,0.400952,0.109304,0.337793
WSJ_20130318_731,E12,E14,0,0.761202,0.024327,0.052131,0.162340
WSJ_20130318_731,E13,E14,0,0.358280,0.188845,0.108163,0.344711
CNN_20130322_1003,E1,E2,1,0.000513,0.976718,0.006653,0.016116
CNN_20130322_1003,E1,E3,0,0.439000,0.245233,0.089552,0.226216
CNN_20130322_1003,E1,E5,0,0.980625,0.000383,0.004257,0.014735
CNN_20130322_1003,E2,E3,0,0.954570,0.002938,0.012035,0.030457
CNN_20130322_1003,E2,E5,0,0.997447,0.000009,0.000492,0.002052
CNN_20130322_1003,E3,E5,0,0.946849,0.003262,0.012191,0.037698
CNN_20130322_1003,E6,E7,1,0.001802,0.968204,0.009948,0.020046
CNN_20130322_1003,E9,E10,1,0.130172,0.622343,0.051040,0.196445
CNN_20130322_1003,E9,E11,1,0.000035,0.994915,0.001267,0.003783
CNN_20130322_1003,E9,E1000,1,0.000008,0.997613,0.000520,0.001859
CNN_20130322_1003,E10,E11,1,0.000265,0.986944,0.003094,0.009697
CNN_20130322_1003,E10,E1000,1,0.000023,0.996067,0.000928,0.002983
CNN_20130322_1003,E11,E1000,1,0.011420,0.904592,0.022182,0.061806
CNN_20130322_1003,E12,E13,0,0.516058,0.187514,0.079387,0.217042
CNN_20130322_1003,E12,E14,1,0.000892,0.973478,0.006827,0.018803
CNN_20130322_1003,E12,E15,1,0.000188,0.986856,0.003359,0.009598
CNN_20130322_1003,E13,E14,1,0.001427,0.966355,0.008668,0.023550
CNN_20130322_1003,E13,E15,1,0.000251,0.984777,0.003964,0.011008
CNN_20130322_1003,E14,E15,1,0.007455,0.930248,0.018120,0.044178
CNN_20130322_1003,E17,E19,1,0.003368,0.924502,0.019333,0.052797
CNN_20130322_1003,E17,E20,0,0.961684,0.000990,0.009410,0.027916
CNN_20130322_1003,E19,E20,0,0.994047,0.000042,0.001343,0.004568
CNN_20130322_1003,E23,E27,0,0.436646,0.213566,0.087169,0.262619
CNN_20130322_1003,E30,E31,1,0.001071,0.960325,0.010645,0.027959
CNN_20130322_1003,E30,E32,1,0.000104,0.989296,0.002546,0.008054
CNN_20130322_1003,E30,E33,1,0.000035,0.994394,0.001350,0.004221
CNN_20130322_1003,E31,E32,1,0.000238,0.982663,0.004246,0.012853
CNN_20130322_1003,E31,E33,1,0.000172,0.987173,0.003272,0.009383
CNN_20130322_1003,E32,E33,1,0.066356,0.734157,0.050988,0.148499
CNN_20130322_1003,E34,E36,1,0.000059,0.992300,0.001773,0.005869
CNN_20130322_1003,E40,E41,1,0.002260,0.958161,0.010818,0.028762
CNN_20130322_1003,E40,E42,1,0.001884,0.962385,0.010570,0.025161
CNN_20130322_1003,E41,E42,1,0.026554,0.859507,0.031203,0.082735
CNN_20130322_1003,E43,E44,0,0.638917,0.100761,0.059865,0.200457
CNN_20130322_1003,E45,E47,0,0.779359,0.027297,0.044991,0.148354
CNN_20130322_1003,E55,E57,0,0.966140,0.000933,0.007337,0.025590
CNN_20130322_1003,E1,E6,0,0.629087,0.124646,0.069834,0.176433
CNN_20130322_1003,E1,E7,1,0.060574,0.757544,0.059109,0.122773
CNN_20130322_1003,E2,E6,0,0.979521,0.000678,0.005436,0.014365
CNN_20130322_1003,E2,E7,0,0.807219,0.047658,0.046410,0.098713
CNN_20130322_1003,E3,E6,0,0.424791,0.271792,0.088411,0.215006
CNN_20130322_1003,E3,E7,1,0.016507,0.883063,0.032751,0.067678
CNN_20130322_1003,E5,E6,1,0.000355,0.982943,0.004623,0.012079
CNN_20130322_1003,E5,E7,1,0.000040,0.995014,0.001379,0.003567
CNN_20130322_1003,E6,E9,0,0.998953,0.000002,0.000205,0.000839
CNN_20130322_1003,E6,E10,0,0.997848,0.000008,0.000429,0.001715
CNN_20130322_1003,E6,E11,0,0.858500,0.028407,0.029021,0.084073
CNN_20130322_1003,E6,E1000,0,0.440360,0.285648,0.078755,0.195237
CNN_20130322_1003,E7,E9,0,0.999403,0.000001,0.000118,0.000478
CNN_20130322_1003,E7,E10,0,0.998958,0.000002,0.000225,0.000815
CNN_20130322_1003,E7,E11,0,0.957639,0.003727,0.011457,0.027178
CNN_20130322_1003,E7,E1000,0,0.757472,0.076340,0.051852,0.114336
CNN_20130322_1003,E9,E12,1,0.023951,0.846412,0.029961,0.099676
CNN_20130322_1003,E9,E13,1,0.019503,0.848027,0.030216,0.102254
CNN_20130322_1003,E9,E14,1,0.000043,0.994380,0.001355,0.004223
CNN_20130322_1003,E9,E15,1,0.000022,0.995893,0.000932,0.003154
CNN_20130322_1003,E10,E12,1,0.319248,0.396983,0.063472,0.220297
CNN_20130322_1003,E10,E13,1,0.251887,0.469866,0.068586,0.209662
CNN_20130322_1003,E10,E14,1,0.000412,0.984613,0.003794,0.011181
CNN_20130322_1003,E10,E15,1,0.000093,0.991618,0.002048,0.006241
CNN_20130322_1003,E11,E12,0,0.991989,0.000108,0.001814,0.006089
CNN_20130322_1003,E11,E13,0,0.990345,0.000153,0.002408,0.007094
CNN_20130322_1003,E11,E14,0,0.687673,0.110634,0.052782,0.148910
CNN_20130322_1003,E11,E15,0,0.381099,0.331480,0.074695,0.212725
CNN_20130322_1003,E1000,E12,0,0.997228,0.000014,0.000584,0.002174
CNN_20130322_1003,E1000,E13,0,0.996525,0.000022,0.000806,0.002647
CNN_20130322_1003,E1000,E14,0,0.924942,0.010155,0.017219,0.047683
CNN_20130322_1003,E1000,E15,0,0.806854,0.047897,0.038382,0.106867
CNN_20130322_1003,E12,E17,1,0.000304,0.981347,0.004731,0.013619
CNN_20130322_1003,E12,E19,1,0.000078,0.991757,0.002022,0.006143
CNN_20130322_1003,E12,E20,1,0.327538,0.344875,0.084389,0.243198
CNN_20130322_1003,E13,E17,1,0.000826,0.968330,0.008272,0.022572
CNN_20130322_1003,E13,E19,1,0.000141,0.988613,0.002886,0.008360
CNN_20130322_1003,E13,E20,0,0.608068,0.120994,0.068460,0.202479
CNN_20130322_1003,E14,E17,1,0.050246,0.765033,0.048782,0.135939
CNN_20130322_1003,E14,E19,1,0.004067,0.942411,0.014340,0.039182
CNN_20130322_1003,E14,E20,0,0.959726,0.002228,0.009591,0.028455
CNN_20130322_1003,E15,E17,1,0.186431,0.490813,0.082641,0.240116
CNN_20130322_1003,E15,E19,1,0.020761,0.849120,0.033788,0.096330
CNN_20130322_1003,E15,E20,0,0.981090,0.000401,0.004516,0.013993
CNN_20130322_1003,E17,E21,0,0.726527,0.044208,0.054596,0.174669
CNN_20130322_1003,E19,E21,0,0.990291,0.000101,0.002128,0.007481
CNN_20130322_1003,E20,E21,1,0.082101,0.674503,0.060643,0.182753
CNN_20130322_1003,E21,E23,0,0.783204,0.035477,0.045836,0.135483
CNN_20130322_1003,E21,E27,0,0.932016,0.004071,0.015747,0.048166
CNN_20130322_1003,E30,E34,0,0.896687,0.004789,0.021543,0.076981
CNN_20130322_1003,E30,E36,1,0.000374,0.977624,0.005563,0.016439
CNN_20130322_1003,E31,E34,0,0.971022,0.000487,0.005887,0.022604
CNN_20130322_1003,E31,E36,1,0.003123,0.937808,0.014881,0.044188
CNN_20130322_1003,E32,E34,0,0.998034,0.000006,0.000390,0.001570
CNN_20130322_1003,E32,E36,0,0.647632,0.099082,0.061258,0.192028
CNN_20130322_1003,E33,E34,0,0.998839,0.000003,0.000227,0.000931
CNN_20130322_1003,E33,E36,0,0.679913,0.112424,0.051618,0.156046
CNN_20130322_1003,E34,E38,1,0.073818,0.615137,0.072409,0.238636
CNN_20130322_1003,E36,E38,0,0.972211,0.000740,0.006597,0.020453
CNN_20130322_1003,E38,E40,0,0.460336,0.171278,0.090817,0.277569
CNN_20130322_1003,E38,E41,1,0.008498,0.903116,0.023711,0.064675
CNN_20130322_1003,E38,E42,1,0.006826,0.914613,0.022826,0.055735
CNN_20130322_1003,E40,E43,0,0.952676,0.002088,0.009940,0.035296
CNN_20130322_1003,E40,E44,0,0.964833,0.001535,0.008144,0.025489
CNN_20130322_1003,E41,E43,0,0.987152,0.000203,0.002600,0.010045
CNN_20130322_1003,E41,E44,0,0.990704,0.000131,0.002048,0.007117
CNN_20130322_1003,E42,E43,0,0.994360,0.000053,0.001348,0.004239
CNN_20130322_1003,E42,E44,0,0.995378,0.000039,0.001098,0.003485
CNN_20130322_1003,E43,E45,0,0.371317,0.232021,0.087928,0.308733
CNN_20130322_1003,E43,E47,0,0.685491,0.068905,0.054887,0.190717
CNN_20130322_1003,E44,E45,1,0.042168,0.731894,0.052226,0.173712
CNN_20130322_1003,E44,E47,1,0.273527,0.345411,0.079097,0.301965
CNN_20130322_1003,E45,E48,0,0.548240,0.119566,0.082835,0.249359
CNN_20130322_1003,E47,E48,0,0.324370,0.305360,0.081707,0.288563
CNN_20130322_1003,E48,E50,0,0.975902,0.000358,0.004982,0.018758
CNN_20130322_1003,E50,E51,1,0.008427,0.874064,0.025904,0.091605
CNN_20130322_1003,E51,E52,0,0.692805,0.049796,0.056871,0.200528
CNN_20130322_1003,E52,E53,0,0.959289,0.000817,0.008718,0.031176
CNN_20130322_1003,E53,E55,0,0.555161,0.103500,0.081856,0.259483
