WSJ_20130322_159,E5,E6,1,0.014079,0.804387,0.040479,0.141055
WSJ_20130322_159,E5,E10,0,0.934971,0.002011,0.015383,0.047635
WSJ_20130322_159,E5,E11,0,0.989559,0.000076,0.002444,0.007921
WSJ_20130322_159,E6,E10,0,0.912375,0.003630,0.018276,0.065719
WSJ_20130322_159,E6,E11,0,0.989661,0.000068,0.002237,0.008033
WSJ_20130322_159,E10,E11,0,0.676631,0.030755,0.064570,0.228045
WSJ_20130322_159,E12,E14,3,0.225902,0.224767,0.088692,0.460639
WSJ_20130322_159,E18,E19,0,0.717274,0.023247,0.048676,0.210802
WSJ_20130322_159,E20,E22,1,0.000876,0.938647,0.011867,0.048611
WSJ_20130322_159,E29,E31,3,0.362742,0.133374,0.082539,0.421345
WSJ_20130322_159,E29,E34,1,0.125304,0.398142,0.086310,0.390243
WSJ_20130322_159,E29,E37,0,0.840129,0.008399,0.027143,0.124330
WSJ_20130322_159,E31,E34,3,0.135150,0.358297,0.085014,0.421539
WSJ_20130322_159,E31,E37,0,0.850960,0.006410,0.023736,0.118894
WSJ_20130322_159,E34,E37,0,0.979090,0.000257,0.004492,0.016161
WSJ_20130322_159,E38,E39,1,0.001719,0.926311,0.015912,0.056059
WSJ_20130322_159,E38,E40,1,0.010459,0.785192,0.039294,0.165054
WSJ_20130322_159,E39,E40,0,0.472801,0.091058,0.079934,0.356207
WSJ_20130322_159,E42,E44,1,0.000031,0.988661,0.001903,0.009405
WSJ_20130322_159,E46,E47,1,0.016468,0.745301,0.047260,0.190971
WSJ_20130322_159,E46,E49,0,0.475913,0.107887,0.082231,0.333969
WSJ_20130322_159,E47,E49,0,0.766067,0.017463,0.039030,0.177440
WSJ_20130322_159,E1,E5,1,0.003421,0.886026,0.021765,0.088788
WSJ_20130322_159,E1,E6,1,0.000317,0.965731,0.006522,0.027430
WSJ_20130322_159,E1,E10,0,0.417201,0.121784,0.090884,0.370131
WSJ_20130322_159,E1,E11,0,0.828141,0.008734,0.032095,0.131029
WSJ_20130322_159,E5,E12,0,0.995202,0.000020,0.001079,0.003699
WSJ_20130322_159,E5,E14,0,0.973770,0.000346,0.005627,0.020258
WSJ_20130322_159,E6,E12,0,0.997173,0.000007,0.000583,0.002236
WSJ_20130322_159,E6,E14,0,0.977020,0.000266,0.004500,0.018214
WSJ_20130322_159,E10,E12,0,0.812990,0.009130,0.035270,0.142610
WSJ_20130322_159,E10,E14,3,0.226275,0.214640,0.101971,0.457114
WSJ_20130322_159,E11,E12,0,0.622825,0.037435,0.066828,0.272912
WSJ_20130322_159,E11,E14,1,0.083139,0.420800,0.090530,0.405531
WSJ_20130322_159,E12,E18,0,0.892136,0.003324,0.018856,0.085684
WSJ_20130322_159,E12,E19,0,0.626153,0.041286,0.058698,0.273863
WSJ_20130322_159,E14,E18,0,0.987753,0.000069,0.002239,0.009938
WSJ_20130322_159,E14,E19,0,0.962080,0.000530,0.006833,0.030557
WSJ_20130322_159,E18,E20,1,0.009239,0.792594,0.037823,0.160344
WSJ_20130322_159,E18,E22,1,0.000042,0.989056,0.002161,0.008741
WSJ_20130322_159,E19,E20,1,0.004403,0.832902,0.026620,0.136074
WSJ_20130322_159,E19,E22,1,0.000011,0.993877,0.000994,0.005118
WSJ_20130322_159,E20,E26,1,0.053415,0.607843,0.073274,0.265468
WSJ_20130322_159,E22,E26,0,0.854306,0.014115,0.032620,0.098959
WSJ_20130322_159,E26,E29,0,0.982442,0.000130,0.003584,0.013844
WSJ_20130322_159,E26,E31,0,0.974029,0.000239,0.004950,0.020782
WSJ_20130322_159,E26,E34,0,0.894898,0.003441,0.021123,0.080538
WSJ_20130322_159,E26,E37,0,0.991022,0.000042,0.001764,0.007173
WSJ_20130322_159,E29,E38,0,0.422452,0.118734,0.084377,0.374437
WSJ_20130322_159,E29,E39,1,0.000399,0.963601,0.007000,0.029000
WSJ_20130322_159,E29,E40,1,0.005018,0.841349,0.026658,0.126975
WSJ_20130322_159,E31,E38,0,0.418064,0.111596,0.081074,0.389266
WSJ_20130322_159,E31,E39,1,0.000407,0.961462,0.006979,0.031152
WSJ_20130322_159,E31,E40,1,0.005044,0.834568,0.026167,0.134221
WSJ_20130322_159,E34,E38,0,0.847188,0.010374,0.031292,0.111145
WSJ_20130322_159,E34,E39,1,0.006039,0.882845,0.024879,0.086238
WSJ_20130322_159,E34,E40,1,0.055553,0.587231,0.070922,0.286294
WSJ_20130322_159,E37,E38,1,0.045645,0.555244,0.067140,0.331971
WSJ_20130322_159,E37,E39,1,0.000028,0.990540,0.001708,0.007725
WSJ_20130322_159,E37,E40,1,0.000244,0.964783,0.005896,0.029077
WSJ_20130322_159,E38,E42,0,0.645016,0.035804,0.061287,0.257893
WSJ_20130322_159,E38,E44,1,0.000230,0.969363,0.005859,0.024547
WSJ_20130322_159,E39,E42,0,0.981608,0.000148,0.003566,0.014678
WSJ_20130322_159,E39,E44,1,0.055186,0.552108,0.068138,0.324568
WSJ_20130322_159,E40,E42,0,0.958687,0.000524,0.007177,0.033612
WSJ_20130322_159,E40,E44,1,0.011903,0.748100,0.037915,0.202082
WSJ_20130322_159,E42,E46,0,0.782170,0.013199,0.037612,0.167018
WSJ_20130322_159,E42,E47,1,0.085068,0.462873,0.074572,0.377487
WSJ_20130322_159,E42,E49,3,0.311494,0.217456,0.089651,0.381399
WSJ_20130322_159,E44,E46,0,0.994220,0.000015,0.001009,0.004755
WSJ_20130322_159,E44,E47,0,0.954685,0.000574,0.007374,0.037367
WSJ_20130322_159,E44,E49,0,0.974380,0.000225,0.004472,0.020923
WSJ_20130322_159,E46,E55,0,0.969318,0.000501,0.006928,0.023253
WSJ_20130322_159,E47,E55,0,0.989299,0.000061,0.002154,0.008487
WSJ_20130322_159,E49,E55,0,0.922231,0.002284,0.013903,0.061582
nyt_20130322_strange_computer,E8,E11,0,0.995906,0.000023,0.001053,0.003018
nyt_20130322_strange_computer,E14,E16,1,0.000123,0.984291,0.003821,0.011765
nyt_20130322_strange_computer,E19,E22,0,0.355527,0.223394,0.101883,0.319196
nyt_20130322_strange_computer,E19,E23,1,0.114662,0.546488,0.088228,0.250622
nyt_20130322_strange_computer,E22,E23,0,0.471199,0.162463,0.106813,0.259525
nyt_20130322_strange_computer,E6,E8,1,0.275056,0.336422,0.119453,0.269068
nyt_20130322_strange_computer,E6,E11,0,0.995199,0.000025,0.001178,0.003598
nyt_20130322_strange_computer,E8,E14,0,0.998384,0.000004,0.000364,0.001248
nyt_20130322_strange_computer,E8,E16,0,0.921624,0.006417,0.024442,0.047518
nyt_20130322_strange_computer,E11,E14,0,0.871543,0.006293,0.030931,0.091234
nyt_20130322_strange_computer,E11,E16,1,0.001930,0.935288,0.018317,0.044465
nyt_20130322_strange_computer,E14,E19,3,0.181696,0.336811,0.115615,0.365877
nyt_20130322_strange_computer,E14,E22,1,0.176982,0.386350,0.118433,0.318234
nyt_20130322_strange_computer,E14,E23,1,0.012917,0.823154,0.044701,0.119228
nyt_20130322_strange_computer,E16,E19,0,0.980889,0.000243,0.004975,0.013893
nyt_20130322_strange_computer,E16,E22,0,0.971220,0.000601,0.008227,0.019951
nyt_20130322_strange_computer,E16,E23,0,0.932769,0.003497,0.020341,0.043393
nyt_20130322_strange_computer,E19,E24,0,0.817644,0.015056,0.038061,0.129239
nyt_20130322_strange_computer,E22,E24,0,0.956949,0.001049,0.011313,0.030690
nyt_20130322_strange_computer,E23,E24,0,0.839264,0.011526,0.040451,0.108759
CNN_20130321_821,E4,E5,3,0.365670,0.160337,0.101286,0.372707
CNN_20130321_821,E5,E8,0,0.511415,0.064067,0.078531,0.345986
CNN_20130321_821,E8,E1000,0,0.867590,0.004284,0.027071,0.101055
CNN_20130321_821,E1002,E20,0,0.852737,0.005822,0.032599,0.108842
nyt_20130321_cyprus,E2,E5,1,0.211637,0.371438,0.108113,0.308812
nyt_20130321_cyprus,E7,E2009,1,0.008682,0.806796,0.036997,0.147525
nyt_20130321_cyprus,E13,E15,3,0.173270,0.238735,0.105057,0.482937
nyt_20130321_cyprus,E22,E23,3,0.138228,0.331551,0.090478,0.439743
nyt_20130321_cyprus,E22,E24,1,0.000005,0.996744,0.000572,0.002679
nyt_20130321_cyprus,E23,E24,1,0.000106,0.983040,0.003640,0.013214
nyt_20130321_cyprus,E33,E35,0,0.634073,0.065535,0.076647,0.223744
nyt_20130321_cyprus,E41,E42,1,0.003719,0.886463,0.025835,0.083983
nyt_20130321_cyprus,E46,E47,0,0.915951,0.004425,0.018712,0.060912
nyt_20130321_cyprus,E48,E51,0,0.989480,0.000069,0.002178,0.008272
nyt_20130321_cyprus,E2,E7,0,0.958881,0.000596,0.008452,0.032071
nyt_20130321_cyprus,E2,E2009,0,0.357063,0.185384,0.115474,0.342079
nyt_20130321_cyprus,E5,E7,0,0.984668,0.000108,0.003212,0.012011
nyt_20130321_cyprus,E5,E2009,0,0.694181,0.037490,0.068324,0.200006
nyt_20130321_cyprus,E7,E9,1,0.000071,0.984075,0.003008,0.012846
nyt_20130321_cyprus,E2009,E9,1,0.031238,0.659677,0.068113,0.240972
nyt_20130321_cyprus,E10,E13,0,0.995638,0.000017,0.000968,0.003377
nyt_20130321_cyprus,E10,E15,0,0.985007,0.000115,0.003205,0.011674
nyt_20130321_cyprus,E13,E21,0,0.787322,0.012533,0.042189,0.157957
nyt_20130321_cyprus,E15,E21,0,0.957027,0.000751,0.008555,0.033667
nyt_20130321_cyprus,E21,E22,0,0.934024,0.001515,0.012950,0.051511
nyt_20130321_cyprus,E21,E23,0,0.540112,0.054916,0.072738,0.332234
nyt_20130321_cyprus,E21,E24,1,0.000024,0.992328,0.001511,0.006137
nyt_20130321_cyprus,E22,E25,1,0.000129,0.978903,0.004261,0.016707
nyt_20130321_cyprus,E23,E25,1,0.019430,0.716473,0.051687,0.212410
nyt_20130321_cyprus,E24,E25,0,0.963564,0.000917,0.009583,0.025936
nyt_20130321_cyprus,E33,E36,0,0.686548,0.034492,0.063887,0.215072
nyt_20130321_cyprus,E35,E36,3,0.343665,0.148650,0.099252,0.408432
nyt_20130321_cyprus,E36,E41,0,0.865360,0.006200,0.027761,0.100679
nyt_20130321_cyprus,E36,E42,3,0.349262,0.169445,0.102971,0.378322
nyt_20130321_cyprus,E46,E48,1,0.156633,0.441471,0.086024,0.315872
nyt_20130321_cyprus,E46,E51,0,0.993746,0.000031,0.001390,0.004833
nyt_20130321_cyprus,E47,E48,1,0.012342,0.810775,0.037606,0.139277
nyt_20130321_cyprus,E47,E51,0,0.966035,0.000592,0.007410,0.025963
nyt_20130321_cyprus,E48,E57,1,0.000680,0.959574,0.009393,0.030353
nyt_20130321_cyprus,E51,E57,1,0.000014,0.994235,0.001098,0.004654
bbc_20130322_1353,E1,E5,1,0.000837,0.939418,0.011668,0.048077
bbc_20130322_1353,E8,E10,1,0.000075,0.986563,0.002927,0.010436
bbc_20130322_1353,E15,E16,1,0.014501,0.733030,0.044326,0.208143
bbc_20130322_1353,E19,E20,1,0.008570,0.881822,0.029165,0.080444
bbc_20130322_1353,E19,E21,1,0.167038,0.459940,0.091974,0.281047
bbc_20130322_1353,E20,E21,0,0.480510,0.184279,0.088366,0.246845
bbc_20130322_1353,E23,E25,1,0.004322,0.862786,0.025434,0.107458
bbc_20130322_1353,E23,E26,1,0.001492,0.927774,0.014963,0.055771
bbc_20130322_1353,E23,E27,1,0.000010,0.995720,0.000875,0.003395
bbc_20130322_1353,E25,E26,1,0.008142,0.843657,0.031342,0.116859
bbc_20130322_1353,E25,E27,1,0.000026,0.993156,0.001503,0.005315
bbc_20130322_1353,E26,E27,1,0.000081,0.987518,0.002977,0.009423
bbc_20130322_1353,E28,E29,1,0.000207,0.974836,0.005238,0.019720
bbc_20130322_1353,E28,E31,1,0.000101,0.984189,0.003391,0.012320
bbc_20130322_1353,E29,E31,1,0.271251,0.345015,0.083744,0.299990
bbc_20130322_1353,E33,E34,0,0.814407,0.018592,0.044118,0.122884
bbc_20130322_1353,E35,E36,0,0.500003,0.103036,0.103313,0.293648
bbc_20130322_1353,E35,E37,1,0.000491,0.961591,0.009173,0.028745
bbc_20130322_1353,E36,E37,1,0.000357,0.962962,0.006949,0.029732
bbc_20130322_1353,E1,E8,0,0.751422,0.019178,0.044066,0.185334
bbc_20130322_1353,E1,E10,1,0.000110,0.982795,0.003741,0.013355
bbc_20130322_1353,E5,E8,0,0.986526,0.000083,0.002717,0.010674
bbc_20130322_1353,E5,E10,1,0.020996,0.739373,0.052337,0.187293
bbc_20130322_1353,E8,E11,0,0.592657,0.044721,0.060025,0.302597
bbc_20130322_1353,E10,E11,0,0.996312,0.000008,0.000673,0.003006
bbc_20130322_1353,E11,E13,1,0.052673,0.589529,0.073584,0.284214
bbc_20130322_1353,E13,E15,0,0.993352,0.000034,0.001498,0.005115
bbc_20130322_1353,E13,E16,0,0.959840,0.000701,0.009118,0.030341
bbc_20130322_1353,E15,E17,1,0.003155,0.870765,0.022405,0.103674
bbc_20130322_1353,E16,E17,1,0.044316,0.541249,0.068318,0.346116
bbc_20130322_1353,E17,E19,1,0.013772,0.797738,0.039602,0.148888
bbc_20130322_1353,E17,E20,1,0.000250,0.973524,0.005743,0.020483
bbc_20130322_1353,E17,E21,1,0.003158,0.896354,0.021076,0.079411
bbc_20130322_1353,E19,E23,0,0.951907,0.001312,0.011125,0.035656
bbc_20130322_1353,E19,E25,0,0.908262,0.003091,0.018177,0.070470
bbc_20130322_1353,E19,E26,0,0.840524,0.010374,0.033792,0.115311
bbc_20130322_1353,E19,E27,1,0.039334,0.725091,0.058900,0.176675
bbc_20130322_1353,E20,E23,0,0.981553,0.000255,0.004431,0.013761
bbc_20130322_1353,E20,E25,0,0.982073,0.000176,0.003765,0.013986
bbc_20130322_1353,E20,E26,0,0.965047,0.000660,0.007859,0.026434
bbc_20130322_1353,E20,E27,1,0.188931,0.457474,0.088188,0.265408
bbc_20130322_1353,E21,E23,0,0.940401,0.003108,0.014931,0.041560
bbc_20130322_1353,E21,E25,0,0.942352,0.002017,0.012697,0.042935
bbc_20130322_1353,E21,E26,0,0.889957,0.007652,0.025447,0.076944
bbc_20130322_1353,E21,E27,1,0.025408,0.816984,0.042579,0.115029
bbc_20130322_1353,E23,E28,0,0.754493,0.021089,0.044490,0.179928
bbc_20130322_1353,E23,E29,1,0.100733,0.502389,0.078694,0.318183
bbc_20130322_1353,E23,E31,1,0.048584,0.654888,0.061373,0.235155
bbc_20130322_1353,E25,E28,0,0.914084,0.002691,0.015472,0.067753
bbc_20130322_1353,E25,E29,3,0.252980,0.310460,0.085657,0.350903
bbc_20130322_1353,E25,E31,3,0.244974,0.333686,0.085865,0.335475
bbc_20130322_1353,E26,E28,0,0.964406,0.000465,0.006679,0.028450
bbc_20130322_1353,E26,E29,0,0.576545,0.082039,0.068778,0.272637
bbc_20130322_1353,E26,E31,0,0.524883,0.111805,0.075600,0.287712
bbc_20130322_1353,E27,E28,0,0.997774,0.000004,0.000427,0.001795
bbc_20130322_1353,E27,E29,0,0.986185,0.000126,0.003023,0.010666
bbc_20130322_1353,E27,E31,0,0.981256,0.000242,0.004164,0.014337
bbc_20130322_1353,E28,E33,1,0.003498,0.909006,0.020405,0.067091
bbc_20130322_1353,E28,E34,1,0.086039,0.549375,0.078753,0.285833
bbc_20130322_1353,E29,E33,0,0.729420,0.054318,0.055544,0.160719
bbc_20130322_1353,E29,E34,0,0.942095,0.001870,0.012348,0.043687
bbc_20130322_1353,E31,E33,0,0.865911,0.020490,0.031532,0.082067
bbc_20130322_1353,E31,E34,0,0.980238,0.000366,0.004669,0.014727
bbc_20130322_1353,E33,E35,0,0.997135,0.000008,0.000622,0.002235
bbc_20130322_1353,E33,E36,0,0.989900,0.000058,0.002150,0.007891
bbc_20130322_1353,E33,E37,0,0.401692,0.148820,0.101501,0.347986
bbc_20130322_1353,E34,E35,0,0.993232,0.000029,0.001424,0.005314
bbc_20130322_1353,E34,E36,0,0.993224,0.000025,0.001317,0.005435
bbc_20130322_1353,E34,E37,0,0.556490,0.069881,0.075723,0.297906
nyt_20130321_women_senate,E1000009,E2,0,0.799237,0.039256,0.042832,0.118675
nyt_20130321_women_senate,E4,E5,1,0.005600,0.900857,0.026786,0.066758
nyt_20130321_women_senate,E4,E6,0,0.474968,0.189267,0.089478,0.246287
nyt_20130321_women_senate,E5,E6,0,0.917296,0.005285,0.020911,0.056509
nyt_20130321_women_senate,E9,E10,0,0.996278,0.000014,0.000839,0.002869
nyt_20130321_women_senate,E11,E12,0,0.783924,0.029868,0.053104,0.133104
nyt_20130321_women_senate,E14,E15,1,0.022820,0.732280,0.056330,0.188570
nyt_20130321_women_senate,E16,E17,3,0.263501,0.230402,0.082017,0.424080
nyt_20130321_women_senate,E19,E20,1,0.000904,0.950739,0.011815,0.036541
nyt_20130321_women_senate,E19,E21,1,0.009417,0.814406,0.038830,0.137346
nyt_20130321_women_senate,E20,E21,0,0.595872,0.063424,0.072340,0.268364
nyt_20130321_women_senate,E23,E24,0,0.880991,0.004708,0.022923,0.091379
nyt_20130321_women_senate,E26,E27,0,0.960317,0.001278,0.011897,0.026509
nyt_20130321_women_senate,E26,E1000014,0,0.873885,0.011120,0.035454,0.079541
nyt_20130321_women_senate,E27,E1000014,1,0.067818,0.615406,0.083731,0.233045
nyt_20130321_women_senate,E37,E1000015,1,0.028508,0.681711,0.052809,0.236972
nyt_20130321_women_senate,E40,E41,0,0.968479,0.000472,0.006778,0.024271
nyt_20130321_women_senate,E40,E42,0,0.520358,0.115265,0.084843,0.279534
nyt_20130321_women_senate,E41,E42,1,0.037317,0.687918,0.063492,0.211272
nyt_20130321_women_senate,E43,E47,0,0.990237,0.000084,0.002437,0.007242
nyt_20130321_women_senate,E43,E48,0,0.995045,0.000021,0.001112,0.003822
nyt_20130321_women_senate,E47,E48,0,0.832501,0.014120,0.038286,0.115092
nyt_20130321_women_senate,E49,E50,0,0.948718,0.002366,0.012776,0.036140
nyt_20130321_women_senate,E49,E53,1,0.003691,0.925368,0.018870,0.052070
nyt_20130321_women_senate,E50,E53,1,0.000097,0.986661,0.003233,0.010009
nyt_20130321_women_senate,E1000009,E4,1,0.306081,0.324322,0.099777,0.269821
nyt_20130321_women_senate,E1000009,E5,1,0.000227,0.978891,0.005430,0.015453
nyt_20130321_women_senate,E1000009,E6,1,0.040361,0.740790,0.054564,0.164286
nyt_20130321_women_senate,E2,E4,0,0.458850,0.179699,0.088061,0.273391
nyt_20130321_women_senate,E2,E5,1,0.000584,0.963186,0.008936,0.027294
nyt_20130321_women_senate,E2,E6,1,0.153120,0.485786,0.082365,0.278729
nyt_20130321_women_senate,E4,E7,0,0.988049,0.000161,0.003306,0.008485
nyt_20130321_women_senate,E5,E7,0,0.996624,0.000015,0.000837,0.002524
nyt_20130321_women_senate,E6,E7,0,0.994699,0.000036,0.001383,0.003882
nyt_20130321_women_senate,E7,E8,1,0.000240,0.977457,0.005314,0.016990
nyt_20130321_women_senate,E8,E9,0,0.976609,0.000572,0.006152,0.016667
nyt_20130321_women_senate,E8,E10,0,0.999392,0.000001,0.000128,0.000479
nyt_20130321_women_senate,E11,E1000012,0,0.808968,0.019840,0.040962,0.130230
nyt_20130321_women_senate,E12,E1000012,3,0.244061,0.320489,0.101654,0.333795
nyt_20130321_women_senate,E14,E16,0,0.915172,0.002575,0.016020,0.066233
nyt_20130321_women_senate,E14,E17,0,0.947200,0.001179,0.010615,0.041005
nyt_20130321_women_senate,E15,E16,0,0.938403,0.000830,0.009937,0.050831
nyt_20130321_women_senate,E15,E17,0,0.961230,0.000400,0.006655,0.031715
nyt_20130321_women_senate,E16,E19,1,0.024236,0.726485,0.049273,0.200007
nyt_20130321_women_senate,E16,E20,1,0.000195,0.974006,0.004832,0.020966
nyt_20130321_women_senate,E16,E21,1,0.002898,0.881960,0.019930,0.095212
nyt_20130321_women_senate,E17,E19,1,0.088218,0.546365,0.078665,0.286752
nyt_20130321_women_senate,E17,E20,1,0.000688,0.952425,0.009300,0.037587
nyt_20130321_women_senate,E17,E21,1,0.010964,0.786138,0.037195,0.165704
nyt_20130321_women_senate,E19,E22,1,0.039836,0.678822,0.060804,0.220538
nyt_20130321_women_senate,E20,E22,0,0.808085,0.017856,0.036266,0.137794
nyt_20130321_women_senate,E21,E22,0,0.436523,0.142529,0.081368,0.339581
nyt_20130321_women_senate,E22,E23,0,0.969502,0.000360,0.005460,0.024679
nyt_20130321_women_senate,E22,E24,0,0.996239,0.000011,0.000758,0.002991
nyt_20130321_women_senate,E23,E25,0,0.562674,0.047293,0.069912,0.320122
nyt_20130321_women_senate,E24,E25,3,0.136330,0.329192,0.092318,0.442160
nyt_20130321_women_senate,E25,E26,1,0.000128,0.981362,0.004098,0.014412
nyt_20130321_women_senate,E25,E27,1,0.008234,0.814278,0.035552,0.141937
nyt_20130321_women_senate,E25,E1000014,1,0.004916,0.857418,0.028440,0.109226
nyt_20130321_women_senate,E26,E29,0,0.899357,0.004273,0.025287,0.071082
nyt_20130321_women_senate,E27,E29,3,0.249310,0.251549,0.110290,0.388851
nyt_20130321_women_senate,E1000014,E29,3,0.336575,0.192837,0.110629,0.359959
nyt_20130321_women_senate,E29,E36,0,0.995240,0.000018,0.001031,0.003712
nyt_20130321_women_senate,E36,E37,0,0.665192,0.030408,0.058356,0.246044
nyt_20130321_women_senate,E36,E1000015,3,0.146271,0.334900,0.089048,0.429782
nyt_20130321_women_senate,E37,E40,1,0.000136,0.979383,0.004237,0.016244
nyt_20130321_women_senate,E37,E41,1,0.048939,0.599207,0.069165,0.282689
nyt_20130321_women_senate,E37,E42,1,0.000165,0.977577,0.004804,0.017454
nyt_20130321_women_senate,E1000015,E40,1,0.011534,0.788014,0.035384,0.165069
nyt_20130321_women_senate,E1000015,E41,0,0.635747,0.038482,0.057577,0.268195
nyt_20130321_women_senate,E1000015,E42,1,0.015812,0.756709,0.043182,0.184298
nyt_20130321_women_senate,E40,E43,0,0.879225,0.008541,0.025851,0.086382
nyt_20130321_women_senate,E40,E47,0,0.989504,0.000082,0.002513,0.007902
nyt_20130321_women_senate,E40,E48,0,0.994054,0.000026,0.001296,0.004625
nyt_20130321_women_senate,E41,E43,3,0.306824,0.264125,0.096889,0.332162
nyt_20130321_women_senate,E41,E47,0,0.919169,0.003266,0.018395,0.059170
nyt_20130321_women_senate,E41,E48,0,0.965544,0.000535,0.007664,0.026256
nyt_20130321_women_senate,E42,E43,0,0.786844,0.027907,0.045706,0.139543
nyt_20130321_women_senate,E42,E47,0,0.984625,0.000179,0.003936,0.011260
nyt_20130321_women_senate,E42,E48,0,0.990939,0.000061,0.002126,0.006874
nyt_20130321_women_senate,E43,E49,0,0.710531,0.047632,0.058021,0.183815
nyt_20130321_women_senate,E43,E50,0,0.992678,0.000056,0.001840,0.005425
nyt_20130321_women_senate,E43,E53,1,0.005977,0.903079,0.023020,0.067924
nyt_20130321_women_senate,E47,E49,1,0.005788,0.884136,0.027100,0.082977
nyt_20130321_women_senate,E47,E50,0,0.650650,0.083582,0.069177,0.196592
nyt_20130321_women_senate,E47,E53,1,0.000026,0.993464,0.001489,0.005021
nyt_20130321_women_senate,E48,E49,1,0.017162,0.770253,0.048234,0.164350
nyt_20130321_women_senate,E48,E50,0,0.767259,0.028957,0.048939,0.154845
nyt_20130321_women_senate,E48,E53,1,0.000056,0.989078,0.002442,0.008425
bbc_20130322_1150,E1,E2,0,0.977290,0.000992,0.007638,0.014080
bbc_20130322_1150,E6,E7,1,0.016045,0.773605,0.050495,0.159856
bbc_20130322_1150,E8,E10,1,0.001045,0.958308,0.012488,0.028159
bbc_20130322_1150,E8,E11,0,0.533279,0.135154,0.114866,0.216701
bbc_20130322_1150,E10,E11,0,0.734117,0.047590,0.075035,0.143258
bbc_20130322_1150,E14,E15,1,0.016956,0.764934,0.047471,0.170639
bbc_20130322_1150,E14,E17,1,0.107996,0.486797,0.084334,0.320872
bbc_20130322_1150,E15,E17,0,0.697872,0.046843,0.057594,0.197691
bbc_20130322_1150,E19,E20,1,0.138240,0.457515,0.097566,0.306679
bbc_20130322_1150,E19,E21,0,0.843931,0.008959,0.031168,0.115942
bbc_20130322_1150,E20,E21,0,0.940290,0.002043,0.013173,0.044494
bbc_20130322_1150,E23,E24,0,0.441761,0.139844,0.106119,0.312276
bbc_20130322_1150,E29,E30,0,0.995092,0.000031,0.001291,0.003587
bbc_20130322_1150,E53,E35,0,0.998632,0.000002,0.000286,0.001080
bbc_20130322_1150,E39,E40,0,0.987465,0.000116,0.003084,0.009336
bbc_20130322_1150,E41,E42,1,0.000077,0.988890,0.002834,0.008200
bbc_20130322_1150,E41,E43,0,0.646208,0.096521,0.087438,0.169832
bbc_20130322_1150,E42,E43,0,0.987061,0.000149,0.003518,0.009272
bbc_20130322_1150,E1,E3,0,0.997812,0.000010,0.000596,0.001581
bbc_20130322_1150,E2,E3,0,0.853449,0.022226,0.037097,0.087228
bbc_20130322_1150,E3,E4,1,0.000304,0.976527,0.006259,0.016909
bbc_20130322_1150,E4,E6,0,0.999409,0.000001,0.000115,0.000475
bbc_20130322_1150,E4,E7,0,0.994072,0.000036,0.001475,0.004417
bbc_20130322_1150,E6,E8,1,0.000320,0.971081,0.006950,0.021649
bbc_20130322_1150,E6,E10,1,0.000014,0.994869,0.001056,0.004062
bbc_20130322_1150,E6,E11,1,0.000310,0.972723,0.006776,0.020191
bbc_20130322_1150,E7,E8,1,0.174387,0.440278,0.112935,0.272400
bbc_20130322_1150,E7,E10,1,0.001020,0.954901,0.012979,0.031100
bbc_20130322_1150,E7,E11,1,0.114513,0.540524,0.111491,0.233472
bbc_20130322_1150,E8,E12,0,0.345396,0.258219,0.111027,0.285358
bbc_20130322_1150,E10,E12,0,0.895682,0.007676,0.029702,0.066940
bbc_20130322_1150,E11,E12,1,0.086362,0.574150,0.106637,0.232852
bbc_20130322_1150,E12,E14,0,0.983572,0.000164,0.004021,0.012242
bbc_20130322_1150,E12,E15,0,0.976243,0.000308,0.005925,0.017523
bbc_20130322_1150,E12,E17,0,0.988437,0.000090,0.002750,0.008723
bbc_20130322_1150,E18,E19,0,0.965761,0.000626,0.008661,0.024952
bbc_20130322_1150,E18,E20,3,0.277361,0.228576,0.121940,0.372124
bbc_20130322_1150,E18,E21,0,0.991358,0.000045,0.001850,0.006747
bbc_20130322_1150,E19,E23,0,0.843123,0.010103,0.033105,0.113669
bbc_20130322_1150,E19,E24,1,0.045117,0.594494,0.077380,0.283009
bbc_20130322_1150,E20,E23,0,0.923944,0.003619,0.017847,0.054591
bbc_20130322_1150,E20,E24,3,0.279398,0.291452,0.107934,0.321216
bbc_20130322_1150,E21,E23,0,0.486890,0.115001,0.080887,0.317222
bbc_20130322_1150,E21,E24,1,0.017005,0.759812,0.046916,0.176267
bbc_20130322_1150,E28,E29,1,0.000015,0.994144,0.001146,0.004695
bbc_20130322_1150,E28,E30,1,0.063015,0.548286,0.071843,0.316856
bbc_20130322_1150,E29,E34,0,0.999361,0.000001,0.000133,0.000505
bbc_20130322_1150,E30,E34,0,0.968470,0.000629,0.006938,0.023963
bbc_20130322_1150,E34,E53,1,0.000149,0.978745,0.004475,0.016631
bbc_20130322_1150,E34,E35,0,0.976339,0.000235,0.004585,0.018841
bbc_20130322_1150,E53,E36,0,0.991318,0.000064,0.002156,0.006462
bbc_20130322_1150,E35,E36,1,0.012740,0.779795,0.047631,0.159834
bbc_20130322_1150,E36,E39,1,0.000330,0.968969,0.007181,0.023520
bbc_20130322_1150,E36,E40,1,0.004849,0.856274,0.029252,0.109626
bbc_20130322_1150,E39,E41,0,0.992133,0.000066,0.002067,0.005734
bbc_20130322_1150,E39,E42,1,0.168067,0.472366,0.101120,0.258447
bbc_20130322_1150,E39,E43,0,0.984305,0.000208,0.004252,0.011234
bbc_20130322_1150,E40,E41,0,0.889926,0.006642,0.027524,0.075908
bbc_20130322_1150,E40,E42,1,0.000557,0.963112,0.009348,0.026983
bbc_20130322_1150,E40,E43,0,0.627691,0.066647,0.074688,0.230974
bbc_20130322_1150,E41,E44,0,0.889580,0.013130,0.034475,0.062815
bbc_20130322_1150,E42,E44,0,0.995025,0.000034,0.001341,0.003601
bbc_20130322_1150,E43,E44,0,0.565672,0.138917,0.093458,0.201953
bbc_20130322_332,E1,E2,0,0.528249,0.070001,0.076385,0.325365
bbc_20130322_332,E1,E3,1,0.115294,0.486281,0.086920,0.311505
bbc_20130322_332,E1,E4,1,0.000040,0.990532,0.002030,0.007399
bbc_20130322_332,E2,E3,1,0.170330,0.405213,0.111276,0.313180
bbc_20130322_332,E2,E4,1,0.000079,0.987290,0.002995,0.009636
bbc_20130322_332,E3,E4,1,0.000067,0.988604,0.002688,0.008641
bbc_20130322_332,E12,E13,1,0.025546,0.656019,0.058831,0.259604
bbc_20130322_332,E17,E18,1,0.133280,0.439479,0.092649,0.334593
bbc_20130322_332,E22,E23,0,0.995523,0.000012,0.000844,0.003622
bbc_20130322_332,E27,E28,1,0.109088,0.506507,0.096426,0.287978
bbc_20130322_332,E27,E29,0,0.981479,0.000208,0.004500,0.013813
bbc_20130322_332,E28,E29,0,0.984219,0.000179,0.004040,0.011562
bbc_20130322_332,E31,E33,1,0.004856,0.883889,0.029065,0.082190
bbc_20130322_332,E31,E34,0,0.831796,0.016906,0.045275,0.106022
bbc_20130322_332,E31,E35,1,0.001595,0.932901,0.017108,0.048396
bbc_20130322_332,E33,E34,0,0.577957,0.090929,0.080916,0.250198
bbc_20130322_332,E33,E35,3,0.257633,0.307468,0.105506,0.329393
bbc_20130322_332,E34,E35,0,0.400154,0.203801,0.099663,0.296382
bbc_20130322_332,E37,E38,0,0.697110,0.023247,0.054427,0.225216
bbc_20130322_332,E37,E40,0,0.699145,0.022842,0.058952,0.219062
bbc_20130322_332,E38,E40,0,0.603006,0.052337,0.078610,0.266047
bbc_20130322_332,E1,E5,0,0.878120,0.005399,0.024250,0.092231
bbc_20130322_332,E2,E5,0,0.886152,0.004815,0.025632,0.083401
bbc_20130322_332,E3,E5,0,0.909052,0.003558,0.022158,0.065232
bbc_20130322_332,E4,E5,0,0.994633,0.000023,0.001197,0.004147
bbc_20130322_332,E5,E9,1,0.000207,0.976784,0.005428,0.017581
bbc_20130322_332,E9,E11,1,0.003092,0.916730,0.024765,0.055413
bbc_20130322_332,E11,E12,0,0.994580,0.000022,0.001199,0.004199
bbc_20130322_332,E11,E13,0,0.974514,0.000374,0.006591,0.018521
bbc_20130322_332,E12,E17,1,0.002582,0.891988,0.020164,0.085267
bbc_20130322_332,E12,E18,1,0.016556,0.735146,0.046843,0.201455
bbc_20130322_332,E13,E17,1,0.045545,0.586461,0.070572,0.297422
bbc_20130322_332,E13,E18,1,0.124111,0.403500,0.093161,0.379228
bbc_20130322_332,E17,E19,0,0.749984,0.015168,0.044341,0.190507
bbc_20130322_332,E18,E19,0,0.837663,0.007874,0.032343,0.122119
bbc_20130322_332,E19,E22,1,0.000215,0.973366,0.005734,0.020686
bbc_20130322_332,E19,E23,0,0.796723,0.010747,0.038423,0.154107
bbc_20130322_332,E22,E24,1,0.114786,0.460781,0.088390,0.336043
bbc_20130322_332,E23,E24,1,0.000024,0.991102,0.001589,0.007285
bbc_20130322_332,E27,E30,0,0.985364,0.000121,0.003344,0.011171
bbc_20130322_332,E28,E30,0,0.991005,0.000059,0.002119,0.006817
bbc_20130322_332,E29,E30,0,0.666538,0.044400,0.067617,0.221445
bbc_20130322_332,E30,E31,1,0.033867,0.666720,0.069916,0.229497
bbc_20130322_332,E30,E33,1,0.018133,0.739385,0.053089,0.189392
bbc_20130322_332,E30,E34,1,0.046885,0.627926,0.073506,0.251683
bbc_20130322_332,E30,E35,1,0.016311,0.764343,0.049384,0.169962
bbc_20130322_332,E31,E36,1,0.016293,0.826528,0.043790,0.113389
bbc_20130322_332,E33,E36,0,0.720673,0.050405,0.060434,0.168489
bbc_20130322_332,E34,E36,0,0.886401,0.011264,0.028392,0.073943
bbc_20130322_332,E35,E36,0,0.909780,0.008397,0.023843,0.057980
bbc_20130322_332,E36,E37,0,0.994885,0.000020,0.001112,0.003983
bbc_20130322_332,E36,E38,0,0.990167,0.000067,0.002313,0.007454
bbc_20130322_332,E36,E40,0,0.989010,0.000072,0.002492,0.008426
bbc_20130322_1600,E2,E5,0,0.793901,0.021113,0.036963,0.148023
bbc_20130322_1600,E6,E7,1,0.044115,0.759444,0.065520,0.130921
bbc_20130322_1600,E6,E8,0,0.994751,0.000032,0.001328,0.003889
bbc_20130322_1600,E6,E9,0,0.943098,0.003588,0.015439,0.037875
bbc_20130322_1600,E7,E8,0,0.999352,0.000001,0.000138,0.000509
bbc_20130322_1600,E7,E9,0,0.995218,0.000029,0.001229,0.003524
bbc_20130322_1600,E8,E9,1,0.010841,0.870447,0.026443,0.092270
bbc_20130322_1600,E10,E11,0,0.891195,0.007097,0.026655,0.075053
bbc_20130322_1600,E10,E12,0,0.955813,0.001432,0.011713,0.031043
bbc_20130322_1600,E11,E12,0,0.888370,0.007653,0.026452,0.077525
bbc_20130322_1600,E16,E20,0,0.556962,0.083394,0.078348,0.281296
bbc_20130322_1600,E21,E22,0,0.893923,0.006339,0.022228,0.077510
bbc_20130322_1600,E2,E6,0,0.813602,0.014474,0.038450,0.133474
bbc_20130322_1600,E2,E7,1,0.013754,0.834610,0.036288,0.115347
bbc_20130322_1600,E2,E8,0,0.998690,0.000002,0.000273,0.001035
bbc_20130322_1600,E2,E9,0,0.959665,0.001121,0.008652,0.030561
bbc_20130322_1600,E5,E6,3,0.324197,0.234166,0.082284,0.359353
bbc_20130322_1600,E5,E7,1,0.000813,0.956809,0.008775,0.033603
bbc_20130322_1600,E5,E8,0,0.993329,0.000039,0.001371,0.005260
bbc_20130322_1600,E5,E9,0,0.856186,0.014416,0.025617,0.103780
bbc_20130322_1600,E6,E10,1,0.050014,0.711359,0.073097,0.165531
bbc_20130322_1600,E6,E11,0,0.867826,0.013184,0.033485,0.085505
bbc_20130322_1600,E6,E12,0,0.974463,0.000650,0.007458,0.017429
bbc_20130322_1600,E7,E10,0,0.924265,0.005019,0.021421,0.049295
bbc_20130322_1600,E7,E11,0,0.990447,0.000087,0.002506,0.006960
bbc_20130322_1600,E7,E12,0,0.995603,0.000023,0.001099,0.003274
bbc_20130322_1600,E8,E10,1,0.000077,0.988135,0.002810,0.008977
bbc_20130322_1600,E8,E11,1,0.002593,0.925929,0.016785,0.054693
bbc_20130322_1600,E8,E12,1,0.037681,0.744974,0.052489,0.164856
bbc_20130322_1600,E9,E10,1,0.013569,0.851275,0.033628,0.101528
bbc_20130322_1600,E9,E11,0,0.368290,0.238725,0.089807,0.303179
bbc_20130322_1600,E9,E12,0,0.794329,0.028445,0.041654,0.135572
bbc_20130322_1600,E10,E13,0,0.993461,0.000048,0.001669,0.004822
bbc_20130322_1600,E11,E13,0,0.976395,0.000396,0.005759,0.017450
bbc_20130322_1600,E12,E13,0,0.935902,0.002181,0.014239,0.047678
bbc_20130322_1600,E13,E30,1,0.014937,0.759579,0.048542,0.176941
bbc_20130322_1600,E30,E14,0,0.954570,0.001035,0.011231,0.033165
bbc_20130322_1600,E14,E16,0,0.748113,0.021821,0.054816,0.175250
bbc_20130322_1600,E14,E20,3,0.316177,0.182088,0.130965,0.370769
bbc_20130322_1600,E16,E21,3,0.293758,0.246457,0.091589,0.368196
bbc_20130322_1600,E16,E22,0,0.760674,0.029431,0.043963,0.165932
bbc_20130322_1600,E20,E21,0,0.471505,0.112352,0.091008,0.325135
bbc_20130322_1600,E20,E22,0,0.901497,0.004498,0.021934,0.072072
bbc_20130322_1600,E21,E25,0,0.971647,0.000480,0.006282,0.021592
bbc_20130322_1600,E22,E25,0,0.921381,0.002540,0.014633,0.061445
WSJ_20130322_804,E1,E2002,0,0.914897,0.002111,0.015187,0.067805
WSJ_20130322_804,E11,E13,0,0.885909,0.004609,0.020723,0.088759
WSJ_20130322_804,E11,E14,1,0.088625,0.521862,0.074193,0.315320
WSJ_20130322_804,E13,E14,1,0.016986,0.717232,0.046768,0.219014
WSJ_20130322_804,E22,E23,3,0.171254,0.261683,0.101001,0.466062
WSJ_20130322_804,E25,E26,0,0.590773,0.070829,0.097415,0.240984
WSJ_20130322_804,E25,E30,0,0.997403,0.000010,0.000635,0.001952
WSJ_20130322_804,E26,E30,0,0.968513,0.000524,0.007764,0.023199
WSJ_20130322_804,E9,E11,3,0.231176,0.251697,0.089568,0.427559
WSJ_20130322_804,E9,E13,0,0.953865,0.000733,0.008310,0.037092
WSJ_20130322_804,E9,E14,3,0.274789,0.242164,0.089798,0.393248
WSJ_20130322_804,E11,E16,1,0.090521,0.508165,0.074175,0.327139
WSJ_20130322_804,E13,E16,1,0.013852,0.736474,0.042365,0.207309
WSJ_20130322_804,E14,E16,1,0.064038,0.560849,0.067062,0.308052
WSJ_20130322_804,E16,E17,0,0.995457,0.000014,0.000895,0.003634
WSJ_20130322_804,E17,E18,1,0.000136,0.980108,0.004324,0.015432
WSJ_20130322_804,E21,E22,0,0.703128,0.032608,0.056393,0.207870
WSJ_20130322_804,E21,E23,3,0.320968,0.158845,0.101712,0.418476
WSJ_20130322_804,E22,E25,0,0.445564,0.116012,0.097717,0.340708
WSJ_20130322_804,E22,E26,0,0.510706,0.082900,0.088013,0.318381
WSJ_20130322_804,E22,E30,0,0.933450,0.001690,0.014355,0.050506
WSJ_20130322_804,E23,E25,0,0.507939,0.079714,0.081455,0.330892
WSJ_20130322_804,E23,E26,0,0.608363,0.043579,0.064948,0.283110
WSJ_20130322_804,E23,E30,0,0.951256,0.000828,0.009404,0.038513
WSJ_20130322_804,E25,E33,0,0.989355,0.000082,0.002567,0.007995
WSJ_20130322_804,E26,E33,0,0.985106,0.000121,0.003342,0.011432
WSJ_20130322_804,E30,E33,0,0.785950,0.014643,0.041547,0.157860
WSJ_20130322_804,E33,E35,1,0.073701,0.479792,0.089717,0.356789
WSJ_20130318_731,E1,E2,1,0.000530,0.969872,0.008673,0.020925
WSJ_20130318_731,E1,E3,1,0.007913,0.856123,0.042342,0.093622
WSJ_20130318_731,E2,E3,0,0.476882,0.168708,0.115045,0.239364
WSJ_20130318_731,E11,E12,1,0.000085,0.984164,0.003291,0.012459
WSJ_20130318_731,E11,E13,1,0.101273,0.498920,0.105375,0.294432
WSJ_20130318_731,E12,E13,0,0.952602,0.000923,0.010977,0.035498
WSJ_20130318_731,E20,E21,0,0.995670,0.000019,0.001009,0.003302
WSJ_20130318_731,E20,E22,0,0.995534,0.000020,0.001060,0.003385
WSJ_20130318_731,E21,E22,0,0.895887,0.004718,0.029039,0.070356
WSJ_20130318_731,E9,E10,1,0.000550,0.963347,0.009399,0.026704
WSJ_20130318_731,E10,E11,0,0.999352,0.000001,0.000138,0.000510
WSJ_20130318_731,E10,E12,0,0.971540,0.000820,0.007603,0.020038
WSJ_20130318_731,E10,E13,0,0.997122,0.000013,0.000724,0.002142
WSJ_20130318_731,E11,E14,1,0.037868,0.678182,0.078338,0.205611
WSJ_20130318_731,E12,E14,0,0.937078,0.001563,0.015443,0.045916
WSJ_20130318_731,E13,E14,1,0.126728,0.399792,0.139100,0.334381
CNN_20130322_1003,E1,E2,1,0.000188,0.985657,0.004207,0.009948
CNN_20130322_1003,E1,E3,0,0.730402,0.078040,0.061603,0.129956
CNN_20130322_1003,E1,E5,0,0.967463,0.001469,0.008837,0.022231
CNN_20130322_1003,E2,E3,0,0.994455,0.000073,0.001719,0.003753
CNN_20130322_1003,E2,E5,0,0.998732,0.000004,0.000324,0.000941
CNN_20130322_1003,E3,E5,0,0.703265,0.078205,0.059157,0.159374
CNN_20130322_1003,E6,E7,1,0.001133,0.975834,0.008128,0.014905
CNN_20130322_1003,E9,E10,1,0.124913,0.609016,0.060138,0.205933
CNN_20130322_1003,E9,E11,1,0.000009,0.996849,0.000734,0.002409
CNN_20130322_1003,E9,E1000,1,0.000001,0.998735,0.000249,0.001015
CNN_20130322_1003,E10,E11,1,0.000102,0.991464,0.002260,0.006173
CNN_20130322_1003,E10,E1000,1,0.000006,0.997503,0.000568,0.001923
CNN_20130322_1003,E11,E1000,1,0.012161,0.902235,0.026299,0.059305
CNN_20130322_1003,E12,E13,1,0.088261,0.680608,0.069007,0.162124
CNN_20130322_1003,E12,E14,1,0.004828,0.924125,0.019150,0.051897
CNN_20130322_1003,E12,E15,1,0.000821,0.965328,0.008843,0.025009
CNN_20130322_1003,E13,E14,1,0.037910,0.780788,0.046157,0.135145
CNN_20130322_1003,E13,E15,1,0.012044,0.867208,0.030202,0.090546
CNN_20130322_1003,E14,E15,1,0.130127,0.590431,0.065947,0.213494
CNN_20130322_1003,E17,E19,1,0.000647,0.965449,0.009242,0.024662
CNN_20130322_1003,E17,E20,0,0.959961,0.000920,0.009274,0.029845
CNN_20130322_1003,E19,E20,0,0.998945,0.000002,0.000227,0.000826
CNN_20130322_1003,E23,E27,0,0.679703,0.067645,0.056857,0.195795
CNN_20130322_1003,E30,E31,1,0.015148,0.803924,0.041800,0.139128
CNN_20130322_1003,E30,E32,1,0.000006,0.997006,0.000634,0.002353
CNN_20130322_1003,E30,E33,1,0.000002,0.998279,0.000348,0.001370
CNN_20130322_1003,E31,E32,1,0.000016,0.995099,0.001110,0.003775
CNN_20130322_1003,E31,E33,1,0.000003,0.998137,0.000385,0.001475
CNN_20130322_1003,E32,E33,1,0.004370,0.935653,0.019541,0.040436
CNN_20130322_1003,E34,E36,1,0.000076,0.989320,0.002698,0.007905
CNN_20130322_1003,E40,E41,1,0.000465,0.975210,0.006081,0.018243
CNN_20130322_1003,E40,E42,1,0.000117,0.987687,0.003127,0.009068
CNN_20130322_1003,E41,E42,1,0.001841,0.959231,0.010774,0.028154
CNN_20130322_1003,E43,E44,0,0.867267,0.010292,0.027337,0.095104
CNN_20130322_1003,E45,E47,0,0.487773,0.147349,0.090976,0.273901
CNN_20130322_1003,E55,E57,0,0.995472,0.000021,0.001041,0.003466
CNN_20130322_1003,E1,E6,0,0.664480,0.115841,0.070881,0.148798
CNN_20130322_1003,E1,E7,1,0.006612,0.925778,0.022535,0.045075
CNN_20130322_1003,E2,E6,0,0.992631,0.000125,0.002313,0.004931
CNN_20130322_1003,E2,E7,0,0.874652,0.026003,0.035890,0.063455
CNN_20130322_1003,E3,E6,1,0.060796,0.745349,0.059623,0.134231
CNN_20130322_1003,E3,E7,1,0.000240,0.984419,0.004635,0.010707
CNN_20130322_1003,E5,E6,1,0.000803,0.969885,0.007654,0.021658
CNN_20130322_1003,E5,E7,1,0.000011,0.996381,0.000835,0.002773
CNN_20130322_1003,E6,E9,0,0.998718,0.000004,0.000328,0.000950
CNN_20130322_1003,E6,E10,0,0.997289,0.000018,0.000730,0.001963
CNN_20130322_1003,E6,E11,1,0.256304,0.500704,0.078322,0.164670
CNN_20130322_1003,E6,E1000,1,0.005507,0.937501,0.017869,0.039123
CNN_20130322_1003,E7,E9,0,0.999426,0.000001,0.000138,0.000435
CNN_20130322_1003,E7,E10,0,0.999002,0.000003,0.000251,0.000745
CNN_20130322_1003,E7,E11,0,0.765242,0.081165,0.052023,0.101570
CNN_20130322_1003,E7,E1000,1,0.087016,0.731721,0.059861,0.121402
CNN_20130322_1003,E9,E12,1,0.000635,0.975084,0.006619,0.017662
CNN_20130322_1003,E9,E13,1,0.000126,0.988556,0.003059,0.008260
CNN_20130322_1003,E9,E14,1,0.000010,0.996213,0.000831,0.002946
CNN_20130322_1003,E9,E15,1,0.000007,0.996764,0.000677,0.002552
CNN_20130322_1003,E10,E12,1,0.022504,0.864650,0.031455,0.081392
CNN_20130322_1003,E10,E13,1,0.005109,0.937253,0.016019,0.041619
CNN_20130322_1003,E10,E14,1,0.000161,0.987698,0.002951,0.009190
CNN_20130322_1003,E10,E15,1,0.000063,0.991578,0.002005,0.006354
CNN_20130322_1003,E11,E12,0,0.957031,0.003657,0.012837,0.026475
CNN_20130322_1003,E11,E13,0,0.901668,0.016112,0.026817,0.055403
CNN_20130322_1003,E11,E14,0,0.482924,0.248694,0.077678,0.190704
CNN_20130322_1003,E11,E15,1,0.273580,0.431115,0.084023,0.211282
CNN_20130322_1003,E1000,E12,0,0.992561,0.000132,0.002285,0.005021
CNN_20130322_1003,E1000,E13,0,0.985609,0.000484,0.004505,0.009402
CNN_20130322_1003,E1000,E14,0,0.912175,0.012325,0.022071,0.053428
CNN_20130322_1003,E1000,E15,0,0.832223,0.034275,0.038374,0.095128
CNN_20130322_1003,E12,E17,1,0.007775,0.918053,0.023607,0.050565
CNN_20130322_1003,E12,E19,1,0.000132,0.988171,0.003341,0.008356
CNN_20130322_1003,E12,E20,0,0.947685,0.003253,0.013305,0.035757
CNN_20130322_1003,E13,E17,1,0.113173,0.648812,0.072866,0.165148
CNN_20130322_1003,E13,E19,1,0.001792,0.958196,0.011951,0.028061
CNN_20130322_1003,E13,E20,0,0.991358,0.000097,0.002233,0.006313
CNN_20130322_1003,E14,E17,0,0.546891,0.209793,0.071286,0.172030
CNN_20130322_1003,E14,E19,1,0.026667,0.854157,0.033995,0.085180
CNN_20130322_1003,E14,E20,0,0.998034,0.000007,0.000479,0.001479
CNN_20130322_1003,E15,E17,0,0.760902,0.061324,0.051207,0.126567
CNN_20130322_1003,E15,E19,1,0.102669,0.661553,0.066117,0.169661
CNN_20130322_1003,E15,E20,0,0.998374,0.000004,0.000371,0.001251
CNN_20130322_1003,E17,E21,0,0.887506,0.010254,0.027957,0.074283
CNN_20130322_1003,E19,E21,0,0.995718,0.000027,0.001135,0.003120
CNN_20130322_1003,E20,E21,1,0.018077,0.833961,0.034061,0.113901
CNN_20130322_1003,E21,E23,0,0.909164,0.008636,0.023381,0.058819
CNN_20130322_1003,E21,E27,0,0.990452,0.000104,0.002512,0.006932
CNN_20130322_1003,E30,E34,0,0.960527,0.001278,0.010868,0.027328
CNN_20130322_1003,E30,E36,1,0.003547,0.929363,0.018967,0.048123
CNN_20130322_1003,E31,E34,0,0.971850,0.000679,0.007132,0.020338
CNN_20130322_1003,E31,E36,1,0.044431,0.762940,0.051879,0.140751
CNN_20130322_1003,E32,E34,0,0.998868,0.000002,0.000259,0.000870
CNN_20130322_1003,E32,E36,0,0.962902,0.001917,0.011281,0.023900
CNN_20130322_1003,E33,E34,0,0.999398,0.000001,0.000140,0.000461
CNN_20130322_1003,E33,E36,0,0.983532,0.000624,0.005264,0.010579
CNN_20130322_1003,E34,E38,1,0.091497,0.527163,0.092196,0.289144
CNN_20130322_1003,E36,E38,0,0.961361,0.001203,0.010677,0.026759
CNN_20130322_1003,E38,E40,0,0.430518,0.189225,0.095569,0.284688
CNN_20130322_1003,E38,E41,1,0.002604,0.930462,0.017425,0.049509
CNN_20130322_1003,E38,E42,1,0.000703,0.964288,0.009319,0.025690
CNN_20130322_1003,E40,E43,0,0.968869,0.001054,0.007509,0.022567
CNN_20130322_1003,E40,E44,0,0.995945,0.000021,0.000979,0.003055
CNN_20130322_1003,E41,E43,0,0.990093,0.000151,0.002610,0.007147
CNN_20130322_1003,E41,E44,0,0.998146,0.000006,0.000450,0.001398
CNN_20130322_1003,E42,E43,0,0.996176,0.000025,0.001009,0.002790
CNN_20130322_1003,E42,E44,0,0.998980,0.000002,0.000236,0.000782
CNN_20130322_1003,E43,E45,0,0.620764,0.069612,0.069764,0.239860
CNN_20130322_1003,E43,E47,0,0.643415,0.066301,0.066004,0.224280
CNN_20130322_1003,E44,E45,1,0.031705,0.698527,0.054447,0.215321
CNN_20130322_1003,E44,E47,1,0.017191,0.780838,0.040642,0.161329
CNN_20130322_1003,E45,E48,0,0.932636,0.002839,0.016744,0.047782
CNN_20130322_1003,E47,E48,0,0.922125,0.004209,0.019216,0.054450
CNN_20130322_1003,E48,E50,0,0.986251,0.000132,0.003282,0.010335
CNN_20130322_1003,E50,E51,1,0.000415,0.965836,0.007391,0.026359
CNN_20130322_1003,E51,E52,0,0.844773,0.010634,0.030896,0.113697
CNN_20130322_1003,E52,E53,0,0.987491,0.000094,0.002832,0.009583
CNN_20130322_1003,E53,E55,0,0.708702,0.042106,0.061849,0.187344
