WSJ_20130322_159,E5,E6,1,0.049714,0.720745,0.060872,0.168669
WSJ_20130322_159,E5,E10,0,0.559112,0.138344,0.078841,0.223703
WSJ_20130322_159,E5,E11,0,0.923062,0.005211,0.017428,0.054300
WSJ_20130322_159,E6,E10,0,0.505578,0.162906,0.084586,0.246931
WSJ_20130322_159,E6,E11,0,0.940339,0.002547,0.012287,0.044827
WSJ_20130322_159,E10,E11,0,0.651700,0.059622,0.062628,0.226051
WSJ_20130322_159,E12,E14,0,0.388135,0.182872,0.086708,0.342285
WSJ_20130322_159,E18,E19,0,0.706144,0.047277,0.053432,0.193147
WSJ_20130322_159,E20,E22,1,0.000115,0.987535,0.002883,0.009467
WSJ_20130322_159,E29,E31,0,0.920013,0.003125,0.014495,0.062366
WSJ_20130322_159,E29,E34,0,0.520951,0.135512,0.076114,0.267423
WSJ_20130322_159,E29,E37,0,0.742492,0.040675,0.045803,0.171031
WSJ_20130322_159,E31,E34,1,0.155946,0.445500,0.089804,0.308750
WSJ_20130322_159,E31,E37,0,0.359242,0.224979,0.089398,0.326381
WSJ_20130322_159,E34,E37,0,0.856666,0.012246,0.028210,0.102878
WSJ_20130322_159,E38,E39,1,0.000318,0.977507,0.005613,0.016563
WSJ_20130322_159,E38,E40,3,0.204940,0.302695,0.103516,0.388848
WSJ_20130322_159,E39,E40,0,0.907286,0.005038,0.019779,0.067898
WSJ_20130322_159,E42,E44,1,0.000454,0.969143,0.006626,0.023777
WSJ_20130322_159,E46,E47,1,0.001622,0.939008,0.014187,0.045182
WSJ_20130322_159,E46,E49,1,0.025196,0.747142,0.048479,0.179182
WSJ_20130322_159,E47,E49,0,0.773912,0.031138,0.041960,0.152990
WSJ_20130322_159,E1,E5,1,0.033555,0.756253,0.048439,0.161753
WSJ_20130322_159,E1,E6,1,0.003460,0.913538,0.019592,0.063409
WSJ_20130322_159,E1,E10,1,0.092014,0.563767,0.078152,0.266067
WSJ_20130322_159,E1,E11,0,0.566422,0.104139,0.072725,0.256714
WSJ_20130322_159,E5,E12,0,0.993370,0.000062,0.001404,0.005164
WSJ_20130322_159,E5,E14,0,0.947525,0.002042,0.011187,0.039247
WSJ_20130322_159,E6,E12,0,0.990091,0.000116,0.002118,0.007675
WSJ_20130322_159,E6,E14,0,0.872583,0.009364,0.025508,0.092545
WSJ_20130322_159,E10,E12,0,0.912357,0.003774,0.017452,0.066416
WSJ_20130322_159,E10,E14,3,0.254861,0.279290,0.102232,0.363617
WSJ_20130322_159,E11,E12,0,0.805833,0.017952,0.038124,0.138092
WSJ_20130322_159,E11,E14,1,0.063583,0.592966,0.073591,0.269861
WSJ_20130322_159,E12,E18,0,0.934050,0.002100,0.012256,0.051594
WSJ_20130322_159,E12,E19,0,0.783359,0.022176,0.040939,0.153526
WSJ_20130322_159,E14,E18,0,0.986551,0.000145,0.002462,0.010841
WSJ_20130322_159,E14,E19,0,0.967894,0.000785,0.006508,0.024813
WSJ_20130322_159,E18,E20,1,0.005828,0.873067,0.026138,0.094967
WSJ_20130322_159,E18,E22,1,0.000016,0.995774,0.000875,0.003336
WSJ_20130322_159,E19,E20,1,0.002988,0.915252,0.017984,0.063776
WSJ_20130322_159,E19,E22,1,0.000006,0.997624,0.000494,0.001876
WSJ_20130322_159,E20,E26,1,0.067395,0.688476,0.058192,0.185937
WSJ_20130322_159,E22,E26,0,0.938879,0.003985,0.013579,0.043557
WSJ_20130322_159,E26,E29,0,0.978320,0.000349,0.004389,0.016941
WSJ_20130322_159,E26,E31,0,0.995424,0.000026,0.000817,0.003734
WSJ_20130322_159,E26,E34,0,0.983371,0.000286,0.003764,0.012579
WSJ_20130322_159,E26,E37,0,0.988272,0.000157,0.002571,0.009000
WSJ_20130322_159,E29,E38,0,0.384900,0.227221,0.084979,0.302901
WSJ_20130322_159,E29,E39,1,0.000200,0.981740,0.004122,0.013938
WSJ_20130322_159,E29,E40,1,0.024720,0.721407,0.051996,0.201878
WSJ_20130322_159,E31,E38,1,0.048930,0.667302,0.063631,0.220138
WSJ_20130322_159,E31,E39,1,0.000065,0.990113,0.002103,0.007719
WSJ_20130322_159,E31,E40,1,0.002805,0.904687,0.020111,0.072397
WSJ_20130322_159,E34,E38,0,0.358391,0.205089,0.088219,0.348301
WSJ_20130322_159,E34,E39,1,0.000284,0.977464,0.005124,0.017127
WSJ_20130322_159,E34,E40,1,0.021092,0.737442,0.052682,0.188784
WSJ_20130322_159,E37,E38,1,0.036044,0.699134,0.053084,0.211738
WSJ_20130322_159,E37,E39,1,0.000048,0.991602,0.001753,0.006597
WSJ_20130322_159,E37,E40,1,0.002116,0.918021,0.016949,0.062914
WSJ_20130322_159,E38,E42,0,0.914090,0.003233,0.016210,0.066467
WSJ_20130322_159,E38,E44,1,0.014503,0.803216,0.037981,0.144300
WSJ_20130322_159,E39,E42,0,0.991535,0.000086,0.001755,0.006625
WSJ_20130322_159,E39,E44,0,0.715394,0.049904,0.051614,0.183087
WSJ_20130322_159,E40,E42,0,0.941728,0.001988,0.012378,0.043905
WSJ_20130322_159,E40,E44,1,0.115051,0.462263,0.084716,0.337970
WSJ_20130322_159,E42,E46,0,0.647842,0.046645,0.058287,0.247227
WSJ_20130322_159,E42,E47,1,0.064729,0.602338,0.065949,0.266984
WSJ_20130322_159,E42,E49,1,0.163100,0.412394,0.081559,0.342947
WSJ_20130322_159,E44,E46,0,0.991325,0.000082,0.001712,0.006881
WSJ_20130322_159,E44,E47,0,0.947078,0.001560,0.009296,0.042066
WSJ_20130322_159,E44,E49,0,0.973489,0.000544,0.005078,0.020890
WSJ_20130322_159,E46,E55,0,0.746704,0.037679,0.045361,0.170255
WSJ_20130322_159,E47,E55,0,0.990509,0.000117,0.002038,0.007335
WSJ_20130322_159,E49,E55,0,0.912050,0.006487,0.016546,0.064917
nyt_20130322_strange_computer,E8,E11,0,0.988779,0.000133,0.002312,0.008775
nyt_20130322_strange_computer,E14,E16,1,0.000210,0.981969,0.004181,0.013641
nyt_20130322_strange_computer,E19,E22,1,0.227716,0.347058,0.091077,0.334149
nyt_20130322_strange_computer,E19,E23,1,0.010007,0.865673,0.028753,0.095567
nyt_20130322_strange_computer,E22,E23,1,0.208107,0.424693,0.088008,0.279192
nyt_20130322_strange_computer,E6,E8,0,0.315471,0.298345,0.089665,0.296519
nyt_20130322_strange_computer,E6,E11,0,0.986520,0.000173,0.002754,0.010553
nyt_20130322_strange_computer,E8,E14,0,0.996922,0.000019,0.000645,0.002413
nyt_20130322_strange_computer,E8,E16,0,0.322293,0.317339,0.088006,0.272362
nyt_20130322_strange_computer,E11,E14,0,0.954312,0.001538,0.010500,0.033651
nyt_20130322_strange_computer,E11,E16,1,0.001323,0.947452,0.012338,0.038887
nyt_20130322_strange_computer,E14,E19,1,0.148376,0.438550,0.095860,0.317214
nyt_20130322_strange_computer,E14,E22,1,0.094785,0.536282,0.083029,0.285904
nyt_20130322_strange_computer,E14,E23,1,0.000566,0.967612,0.007686,0.024136
nyt_20130322_strange_computer,E16,E19,0,0.961621,0.000985,0.007628,0.029766
nyt_20130322_strange_computer,E16,E22,0,0.955768,0.001261,0.009159,0.033812
nyt_20130322_strange_computer,E16,E23,0,0.747898,0.045247,0.046826,0.160029
nyt_20130322_strange_computer,E19,E24,0,0.820311,0.019134,0.034695,0.125860
nyt_20130322_strange_computer,E22,E24,0,0.963417,0.001086,0.008111,0.027386
nyt_20130322_strange_computer,E23,E24,0,0.974977,0.000579,0.005503,0.018941
CNN_20130321_821,E4,E5,0,0.343519,0.259727,0.111829,0.284925
CNN_20130321_821,E5,E8,0,0.639196,0.060520,0.062501,0.237782
CNN_20130321_821,E8,E1000,0,0.689052,0.038778,0.058903,0.213268
CNN_20130321_821,E1002,E20,0,0.887075,0.005804,0.024511,0.082611
nyt_20130321_cyprus,E2,E5,1,0.086672,0.575495,0.081647,0.256186
nyt_20130321_cyprus,E7,E2009,1,0.002694,0.919405,0.018239,0.059661
nyt_20130321_cyprus,E13,E15,1,0.120130,0.459227,0.094677,0.325967
nyt_20130321_cyprus,E22,E23,1,0.109318,0.494876,0.088160,0.307647
nyt_20130321_cyprus,E22,E24,1,0.000043,0.992929,0.001574,0.005454
nyt_20130321_cyprus,E23,E24,1,0.000337,0.976950,0.005501,0.017212
nyt_20130321_cyprus,E33,E35,0,0.438998,0.177305,0.094608,0.289088
nyt_20130321_cyprus,E41,E42,1,0.059608,0.580763,0.077817,0.281813
nyt_20130321_cyprus,E46,E47,0,0.974988,0.000572,0.004959,0.019481
nyt_20130321_cyprus,E48,E51,0,0.985023,0.000228,0.003258,0.011490
nyt_20130321_cyprus,E2,E7,0,0.916919,0.004226,0.020044,0.058811
nyt_20130321_cyprus,E2,E2009,0,0.382930,0.200377,0.098440,0.318253
nyt_20130321_cyprus,E5,E7,0,0.983498,0.000282,0.003728,0.012492
nyt_20130321_cyprus,E5,E2009,0,0.854103,0.013270,0.028743,0.103884
nyt_20130321_cyprus,E7,E9,1,0.001015,0.953713,0.010985,0.034287
nyt_20130321_cyprus,E2009,E9,1,0.095880,0.588697,0.073328,0.242095
nyt_20130321_cyprus,E10,E13,0,0.921334,0.004557,0.017260,0.056849
nyt_20130321_cyprus,E10,E15,0,0.935158,0.002299,0.013087,0.049456
nyt_20130321_cyprus,E13,E21,0,0.772626,0.024996,0.050041,0.152336
nyt_20130321_cyprus,E15,E21,0,0.937914,0.002361,0.013839,0.045887
nyt_20130321_cyprus,E21,E22,0,0.740611,0.027410,0.046864,0.185116
nyt_20130321_cyprus,E21,E23,3,0.286489,0.239301,0.099491,0.374719
nyt_20130321_cyprus,E21,E24,1,0.000109,0.987873,0.002787,0.009231
nyt_20130321_cyprus,E22,E25,1,0.001811,0.935483,0.014639,0.048067
nyt_20130321_cyprus,E23,E25,1,0.084106,0.583244,0.074925,0.257725
nyt_20130321_cyprus,E24,E25,0,0.950720,0.001593,0.011317,0.036370
nyt_20130321_cyprus,E33,E36,0,0.443811,0.165008,0.092885,0.298296
nyt_20130321_cyprus,E35,E36,1,0.156484,0.418727,0.090498,0.334291
nyt_20130321_cyprus,E36,E41,0,0.950347,0.001436,0.010112,0.038105
nyt_20130321_cyprus,E36,E42,0,0.407508,0.163929,0.089666,0.338897
nyt_20130321_cyprus,E46,E48,1,0.088571,0.586495,0.069684,0.255251
nyt_20130321_cyprus,E46,E51,0,0.989244,0.000133,0.002298,0.008325
nyt_20130321_cyprus,E47,E48,1,0.000715,0.963722,0.008765,0.026798
nyt_20130321_cyprus,E47,E51,0,0.711101,0.044452,0.053119,0.191328
nyt_20130321_cyprus,E48,E57,1,0.000872,0.960546,0.009286,0.029296
nyt_20130321_cyprus,E51,E57,1,0.000013,0.996310,0.000771,0.002906
bbc_20130322_1353,E1,E5,1,0.000095,0.989582,0.002496,0.007827
bbc_20130322_1353,E8,E10,1,0.000281,0.979026,0.005269,0.015425
bbc_20130322_1353,E15,E16,1,0.031609,0.715780,0.051352,0.201259
bbc_20130322_1353,E19,E20,1,0.001260,0.968281,0.008212,0.022246
bbc_20130322_1353,E19,E21,1,0.007958,0.915483,0.022055,0.054503
bbc_20130322_1353,E20,E21,1,0.145261,0.591464,0.066122,0.197153
bbc_20130322_1353,E23,E25,1,0.282602,0.327476,0.092521,0.297401
bbc_20130322_1353,E23,E26,1,0.009319,0.860242,0.030652,0.099787
bbc_20130322_1353,E23,E27,1,0.000144,0.986573,0.003235,0.010048
bbc_20130322_1353,E25,E26,1,0.000894,0.961200,0.009038,0.028868
bbc_20130322_1353,E25,E27,1,0.000038,0.994011,0.001409,0.004542
bbc_20130322_1353,E26,E27,1,0.000984,0.963875,0.008975,0.026166
bbc_20130322_1353,E28,E29,1,0.000024,0.995318,0.001070,0.003588
bbc_20130322_1353,E28,E31,1,0.000082,0.990353,0.002294,0.007271
bbc_20130322_1353,E29,E31,0,0.475510,0.232124,0.067730,0.224637
bbc_20130322_1353,E33,E34,0,0.932175,0.002676,0.015032,0.050116
bbc_20130322_1353,E35,E36,0,0.375600,0.214585,0.089143,0.320672
bbc_20130322_1353,E35,E37,1,0.000676,0.962493,0.008466,0.028365
bbc_20130322_1353,E36,E37,1,0.001108,0.949032,0.010374,0.039485
bbc_20130322_1353,E1,E8,0,0.885083,0.008040,0.023425,0.083452
bbc_20130322_1353,E1,E10,1,0.000580,0.970820,0.006979,0.021621
bbc_20130322_1353,E5,E8,0,0.991002,0.000108,0.001988,0.006902
bbc_20130322_1353,E5,E10,0,0.361725,0.284355,0.091378,0.262541
bbc_20130322_1353,E8,E11,0,0.441530,0.116820,0.082590,0.359060
bbc_20130322_1353,E10,E11,0,0.975053,0.000518,0.005462,0.018966
bbc_20130322_1353,E11,E13,0,0.582771,0.085145,0.067729,0.264355
bbc_20130322_1353,E13,E15,0,0.972202,0.000683,0.006308,0.020807
bbc_20130322_1353,E13,E16,0,0.635327,0.075710,0.066279,0.222684
bbc_20130322_1353,E15,E17,1,0.088905,0.533061,0.077015,0.301020
bbc_20130322_1353,E16,E17,0,0.463108,0.124050,0.078960,0.333882
bbc_20130322_1353,E17,E19,1,0.033594,0.780294,0.043647,0.142466
bbc_20130322_1353,E17,E20,1,0.000090,0.989605,0.002433,0.007873
bbc_20130322_1353,E17,E21,1,0.000219,0.983096,0.004144,0.012542
bbc_20130322_1353,E19,E23,0,0.960644,0.001609,0.009159,0.028588
bbc_20130322_1353,E19,E25,0,0.887494,0.009352,0.023873,0.079281
bbc_20130322_1353,E19,E26,0,0.436154,0.218480,0.085808,0.259558
bbc_20130322_1353,E19,E27,1,0.013941,0.885118,0.027908,0.073033
bbc_20130322_1353,E20,E23,0,0.989061,0.000163,0.002542,0.008234
bbc_20130322_1353,E20,E25,0,0.989235,0.000119,0.002142,0.008503
bbc_20130322_1353,E20,E26,0,0.935203,0.003140,0.013098,0.048559
bbc_20130322_1353,E20,E27,1,0.177321,0.526769,0.069797,0.226113
bbc_20130322_1353,E21,E23,0,0.976340,0.000629,0.005932,0.017100
bbc_20130322_1353,E21,E25,0,0.979046,0.000469,0.005003,0.015482
bbc_20130322_1353,E21,E26,0,0.848420,0.014855,0.032039,0.104687
bbc_20130322_1353,E21,E27,1,0.048590,0.752398,0.051564,0.147448
bbc_20130322_1353,E23,E28,0,0.668704,0.080829,0.060989,0.189479
bbc_20130322_1353,E23,E29,1,0.001433,0.956362,0.010638,0.031568
bbc_20130322_1353,E23,E31,1,0.105114,0.622137,0.063062,0.209687
bbc_20130322_1353,E25,E28,0,0.400713,0.273418,0.079207,0.246661
bbc_20130322_1353,E25,E29,1,0.000555,0.976749,0.005717,0.016979
bbc_20130322_1353,E25,E31,1,0.015164,0.876156,0.025208,0.083472
bbc_20130322_1353,E26,E28,0,0.951534,0.002534,0.011368,0.034565
bbc_20130322_1353,E26,E29,1,0.091913,0.666811,0.060581,0.180696
bbc_20130322_1353,E26,E31,0,0.513996,0.197272,0.068742,0.219990
bbc_20130322_1353,E27,E28,0,0.991264,0.000114,0.002017,0.006605
bbc_20130322_1353,E27,E29,0,0.651768,0.107071,0.058432,0.182728
bbc_20130322_1353,E27,E31,0,0.928109,0.006433,0.014979,0.050480
bbc_20130322_1353,E28,E33,1,0.015221,0.835178,0.035604,0.113997
bbc_20130322_1353,E28,E34,0,0.453126,0.174289,0.081741,0.290844
bbc_20130322_1353,E29,E33,0,0.967197,0.000977,0.007104,0.024722
bbc_20130322_1353,E29,E34,0,0.993980,0.000046,0.001163,0.004812
bbc_20130322_1353,E31,E33,0,0.867392,0.015989,0.026374,0.090245
bbc_20130322_1353,E31,E34,0,0.986936,0.000172,0.002670,0.010221
bbc_20130322_1353,E33,E35,0,0.988224,0.000138,0.002385,0.009253
bbc_20130322_1353,E33,E36,0,0.985985,0.000174,0.002805,0.011035
bbc_20130322_1353,E33,E37,0,0.901387,0.006159,0.021681,0.070772
bbc_20130322_1353,E34,E35,0,0.951697,0.001466,0.010094,0.036744
bbc_20130322_1353,E34,E36,0,0.974800,0.000446,0.005041,0.019713
bbc_20130322_1353,E34,E37,0,0.403140,0.184357,0.087098,0.325405
nyt_20130321_women_senate,E1000009,E2,0,0.512602,0.183996,0.072085,0.231317
nyt_20130321_women_senate,E4,E5,1,0.000131,0.987002,0.003086,0.009782
nyt_20130321_women_senate,E4,E6,1,0.017343,0.840898,0.033999,0.107759
nyt_20130321_women_senate,E5,E6,0,0.860411,0.017488,0.026960,0.095141
nyt_20130321_women_senate,E9,E10,0,0.979114,0.000413,0.004679,0.015794
nyt_20130321_women_senate,E11,E12,0,0.765496,0.040679,0.047571,0.146254
nyt_20130321_women_senate,E14,E15,1,0.032700,0.763753,0.052756,0.150791
nyt_20130321_women_senate,E16,E17,1,0.012960,0.838183,0.034122,0.114734
nyt_20130321_women_senate,E19,E20,1,0.000200,0.983622,0.003957,0.012221
nyt_20130321_women_senate,E19,E21,1,0.003002,0.922893,0.018279,0.055826
nyt_20130321_women_senate,E20,E21,0,0.710437,0.052943,0.055222,0.181398
nyt_20130321_women_senate,E23,E24,0,0.927463,0.003548,0.017065,0.051923
nyt_20130321_women_senate,E26,E27,0,0.841071,0.024032,0.042657,0.092240
nyt_20130321_women_senate,E26,E1000014,0,0.721350,0.061550,0.057033,0.160067
nyt_20130321_women_senate,E27,E1000014,1,0.031135,0.789763,0.057507,0.121595
nyt_20130321_women_senate,E37,E1000015,1,0.182599,0.375574,0.117633,0.324194
nyt_20130321_women_senate,E40,E41,0,0.978601,0.000370,0.004490,0.016539
nyt_20130321_women_senate,E40,E42,0,0.755190,0.038113,0.047658,0.159040
nyt_20130321_women_senate,E41,E42,1,0.056125,0.655553,0.065953,0.222369
nyt_20130321_women_senate,E43,E47,0,0.984488,0.000213,0.003172,0.012127
nyt_20130321_women_senate,E43,E48,0,0.995643,0.000026,0.000811,0.003520
nyt_20130321_women_senate,E47,E48,0,0.904780,0.004824,0.020404,0.069993
nyt_20130321_women_senate,E49,E50,0,0.961173,0.001096,0.008696,0.029034
nyt_20130321_women_senate,E49,E53,1,0.005075,0.911299,0.020792,0.062834
nyt_20130321_women_senate,E50,E53,1,0.000120,0.987628,0.002929,0.009323
nyt_20130321_women_senate,E1000009,E4,0,0.816271,0.024167,0.035704,0.123858
nyt_20130321_women_senate,E1000009,E5,1,0.000147,0.986683,0.003246,0.009924
nyt_20130321_women_senate,E1000009,E6,1,0.044919,0.778087,0.047407,0.129587
nyt_20130321_women_senate,E2,E4,0,0.942698,0.002152,0.011522,0.043628
nyt_20130321_women_senate,E2,E5,1,0.000740,0.965255,0.008272,0.025733
nyt_20130321_women_senate,E2,E6,1,0.218211,0.425545,0.080202,0.276042
nyt_20130321_women_senate,E4,E7,0,0.911164,0.006308,0.019267,0.063261
nyt_20130321_women_senate,E5,E7,0,0.995125,0.000039,0.001024,0.003813
nyt_20130321_women_senate,E6,E7,0,0.985759,0.000232,0.003107,0.010902
nyt_20130321_women_senate,E7,E8,1,0.001258,0.955103,0.010762,0.032877
nyt_20130321_women_senate,E8,E9,0,0.980415,0.000333,0.004098,0.015155
nyt_20130321_women_senate,E8,E10,0,0.997888,0.000009,0.000412,0.001691
nyt_20130321_women_senate,E11,E1000012,0,0.961607,0.001593,0.008943,0.027857
nyt_20130321_women_senate,E12,E1000012,0,0.617438,0.104003,0.067175,0.211383
nyt_20130321_women_senate,E14,E16,0,0.927132,0.004827,0.015921,0.052119
nyt_20130321_women_senate,E14,E17,0,0.762972,0.036397,0.047217,0.153413
nyt_20130321_women_senate,E15,E16,0,0.978067,0.000451,0.004946,0.016537
nyt_20130321_women_senate,E15,E17,0,0.931900,0.002999,0.015279,0.049822
nyt_20130321_women_senate,E16,E19,1,0.024581,0.763411,0.048641,0.163368
nyt_20130321_women_senate,E16,E20,1,0.000026,0.994485,0.001187,0.004302
nyt_20130321_women_senate,E16,E21,1,0.000282,0.978050,0.005044,0.016624
nyt_20130321_women_senate,E17,E19,0,0.408553,0.194667,0.089484,0.307296
nyt_20130321_women_senate,E17,E20,1,0.000182,0.984088,0.003771,0.011959
nyt_20130321_women_senate,E17,E21,1,0.005440,0.897220,0.023081,0.074258
nyt_20130321_women_senate,E19,E22,1,0.235634,0.383139,0.085346,0.295881
nyt_20130321_women_senate,E20,E22,0,0.972254,0.000618,0.005719,0.021409
nyt_20130321_women_senate,E21,E22,0,0.891665,0.006172,0.020815,0.081349
nyt_20130321_women_senate,E22,E23,0,0.833395,0.019020,0.031130,0.116455
nyt_20130321_women_senate,E22,E24,0,0.993663,0.000057,0.001332,0.004947
nyt_20130321_women_senate,E23,E25,0,0.934430,0.002515,0.014267,0.048788
nyt_20130321_women_senate,E24,E25,0,0.406175,0.185992,0.092649,0.315184
nyt_20130321_women_senate,E25,E26,1,0.001329,0.947376,0.012801,0.038494
nyt_20130321_women_senate,E25,E27,1,0.068597,0.657073,0.082129,0.192200
nyt_20130321_women_senate,E25,E1000014,1,0.020231,0.806383,0.044772,0.128614
nyt_20130321_women_senate,E26,E29,0,0.830027,0.022028,0.037810,0.110136
nyt_20130321_women_senate,E27,E29,1,0.046554,0.715348,0.072442,0.165656
nyt_20130321_women_senate,E1000014,E29,1,0.167876,0.449293,0.098639,0.284192
nyt_20130321_women_senate,E29,E36,0,0.982750,0.000294,0.003861,0.013094
nyt_20130321_women_senate,E36,E37,0,0.818077,0.014304,0.036357,0.131262
nyt_20130321_women_senate,E36,E1000015,0,0.748729,0.027508,0.060030,0.163734
nyt_20130321_women_senate,E37,E40,1,0.000608,0.967782,0.007859,0.023751
nyt_20130321_women_senate,E37,E41,1,0.197908,0.369104,0.095491,0.337497
nyt_20130321_women_senate,E37,E42,1,0.002692,0.921201,0.018627,0.057480
nyt_20130321_women_senate,E1000015,E40,1,0.019711,0.810501,0.049466,0.120322
nyt_20130321_women_senate,E1000015,E41,0,0.838257,0.013243,0.038909,0.109591
nyt_20130321_women_senate,E1000015,E42,1,0.149040,0.471268,0.107581,0.272111
nyt_20130321_women_senate,E40,E43,0,0.328673,0.291814,0.086992,0.292521
nyt_20130321_women_senate,E40,E47,0,0.971774,0.000597,0.006121,0.021508
nyt_20130321_women_senate,E40,E48,0,0.990365,0.000110,0.001973,0.007552
nyt_20130321_women_senate,E41,E43,1,0.003664,0.909490,0.019797,0.067050
nyt_20130321_women_senate,E41,E47,0,0.644139,0.056298,0.064871,0.234691
nyt_20130321_women_senate,E41,E48,0,0.928281,0.002685,0.014995,0.054040
nyt_20130321_women_senate,E42,E43,1,0.127609,0.517269,0.081879,0.273243
nyt_20130321_women_senate,E42,E47,0,0.942716,0.001880,0.012451,0.042952
nyt_20130321_women_senate,E42,E48,0,0.982463,0.000262,0.003627,0.013647
nyt_20130321_women_senate,E43,E49,0,0.875214,0.010950,0.025531,0.088305
nyt_20130321_women_senate,E43,E50,0,0.988257,0.000137,0.002378,0.009228
nyt_20130321_women_senate,E43,E53,1,0.030934,0.806040,0.038734,0.124291
nyt_20130321_women_senate,E47,E49,1,0.055445,0.664652,0.066275,0.213628
nyt_20130321_women_senate,E47,E50,0,0.743381,0.037208,0.049879,0.169532
nyt_20130321_women_senate,E47,E53,1,0.000117,0.988046,0.002856,0.008980
nyt_20130321_women_senate,E48,E49,1,0.013370,0.817552,0.041330,0.127748
nyt_20130321_women_senate,E48,E50,0,0.498900,0.128783,0.087314,0.285003
nyt_20130321_women_senate,E48,E53,1,0.000074,0.990597,0.002189,0.007139
bbc_20130322_1150,E1,E2,0,0.854212,0.025960,0.029277,0.090551
bbc_20130322_1150,E6,E7,1,0.057686,0.626446,0.072745,0.243122
bbc_20130322_1150,E8,E10,1,0.031315,0.776965,0.046409,0.145312
bbc_20130322_1150,E8,E11,0,0.544778,0.126849,0.079335,0.249037
bbc_20130322_1150,E10,E11,0,0.621968,0.097146,0.069144,0.211742
bbc_20130322_1150,E14,E15,1,0.003508,0.914265,0.018436,0.063791
bbc_20130322_1150,E14,E17,1,0.194127,0.422576,0.080679,0.302618
bbc_20130322_1150,E15,E17,0,0.821139,0.018670,0.032347,0.127844
bbc_20130322_1150,E19,E20,1,0.164834,0.487129,0.084936,0.263101
bbc_20130322_1150,E19,E21,0,0.898928,0.006574,0.020992,0.073506
bbc_20130322_1150,E20,E21,0,0.946106,0.002150,0.011340,0.040404
bbc_20130322_1150,E23,E24,3,0.275542,0.264643,0.101107,0.358707
bbc_20130322_1150,E29,E30,0,0.981821,0.000370,0.004721,0.013088
bbc_20130322_1150,E53,E35,0,0.994187,0.000042,0.001109,0.004662
bbc_20130322_1150,E39,E40,0,0.948039,0.002152,0.012522,0.037287
bbc_20130322_1150,E41,E42,1,0.001306,0.955265,0.011677,0.031752
bbc_20130322_1150,E41,E43,0,0.580172,0.106721,0.073304,0.239802
bbc_20130322_1150,E42,E43,0,0.988034,0.000155,0.002536,0.009275
bbc_20130322_1150,E1,E3,0,0.989270,0.000141,0.002326,0.008263
bbc_20130322_1150,E2,E3,0,0.871573,0.015901,0.025282,0.087243
bbc_20130322_1150,E3,E4,1,0.001537,0.958259,0.011061,0.029143
bbc_20130322_1150,E4,E6,0,0.996960,0.000015,0.000548,0.002477
bbc_20130322_1150,E4,E7,0,0.987374,0.000178,0.002682,0.009765
bbc_20130322_1150,E6,E8,1,0.000276,0.977829,0.005025,0.016870
bbc_20130322_1150,E6,E10,1,0.000112,0.987375,0.002859,0.009655
bbc_20130322_1150,E6,E11,1,0.001366,0.945594,0.013093,0.039946
bbc_20130322_1150,E7,E8,1,0.017767,0.808581,0.042539,0.131112
bbc_20130322_1150,E7,E10,1,0.003462,0.920371,0.019354,0.056813
bbc_20130322_1150,E7,E11,1,0.127062,0.510011,0.091976,0.270952
bbc_20130322_1150,E8,E12,0,0.895594,0.006244,0.021196,0.076966
bbc_20130322_1150,E10,E12,0,0.922291,0.004418,0.016242,0.057049
bbc_20130322_1150,E11,E12,0,0.561084,0.104841,0.078689,0.255386
bbc_20130322_1150,E12,E14,0,0.989176,0.000137,0.002354,0.008333
bbc_20130322_1150,E12,E15,0,0.824667,0.015518,0.034213,0.125603
bbc_20130322_1150,E12,E17,0,0.972934,0.000521,0.005540,0.021006
bbc_20130322_1150,E18,E19,0,0.954997,0.001523,0.011831,0.031648
bbc_20130322_1150,E18,E20,0,0.831625,0.015482,0.042523,0.110370
bbc_20130322_1150,E18,E21,0,0.989887,0.000126,0.002405,0.007581
bbc_20130322_1150,E19,E23,0,0.960707,0.001087,0.008371,0.029835
bbc_20130322_1150,E19,E24,0,0.713778,0.041822,0.052903,0.191497
bbc_20130322_1150,E20,E23,0,0.962677,0.000912,0.007460,0.028950
bbc_20130322_1150,E20,E24,0,0.633093,0.075600,0.064431,0.226876
bbc_20130322_1150,E21,E23,0,0.796468,0.019064,0.036574,0.147894
bbc_20130322_1150,E21,E24,1,0.123742,0.503757,0.081700,0.290801
bbc_20130322_1150,E28,E29,1,0.000780,0.964259,0.010035,0.024925
bbc_20130322_1150,E28,E30,3,0.279595,0.309802,0.085362,0.325241
bbc_20130322_1150,E29,E34,0,0.994130,0.000056,0.001396,0.004419
bbc_20130322_1150,E30,E34,0,0.920226,0.005037,0.016119,0.058618
bbc_20130322_1150,E34,E53,1,0.001790,0.934989,0.014373,0.048848
bbc_20130322_1150,E34,E35,0,0.947147,0.001721,0.010064,0.041067
bbc_20130322_1150,E53,E36,0,0.939512,0.002619,0.013795,0.044074
bbc_20130322_1150,E35,E36,1,0.008741,0.869369,0.029223,0.092667
bbc_20130322_1150,E36,E39,1,0.001212,0.948374,0.011856,0.038558
bbc_20130322_1150,E36,E40,1,0.014600,0.812884,0.040040,0.132476
bbc_20130322_1150,E39,E41,0,0.997263,0.000013,0.000501,0.002223
bbc_20130322_1150,E39,E42,0,0.348297,0.314157,0.091060,0.246487
bbc_20130322_1150,E39,E43,0,0.965955,0.000983,0.008184,0.024878
bbc_20130322_1150,E40,E41,0,0.976677,0.000447,0.005057,0.017818
bbc_20130322_1150,E40,E42,1,0.002111,0.938468,0.015520,0.043901
bbc_20130322_1150,E40,E43,0,0.728036,0.038070,0.053366,0.180528
bbc_20130322_1150,E41,E44,0,0.590564,0.112392,0.070930,0.226114
bbc_20130322_1150,E42,E44,0,0.992070,0.000079,0.001635,0.006216
bbc_20130322_1150,E43,E44,0,0.336192,0.306191,0.085591,0.272025
bbc_20130322_332,E1,E2,0,0.394769,0.195792,0.093897,0.315542
bbc_20130322_332,E1,E3,1,0.090735,0.569495,0.074968,0.264802
bbc_20130322_332,E1,E4,1,0.000012,0.996554,0.000739,0.002694
bbc_20130322_332,E2,E3,1,0.024880,0.746236,0.054101,0.174784
bbc_20130322_332,E2,E4,1,0.000010,0.996949,0.000648,0.002394
bbc_20130322_332,E3,E4,1,0.000064,0.991396,0.001986,0.006555
bbc_20130322_332,E12,E13,1,0.041267,0.664707,0.062876,0.231150
bbc_20130322_332,E17,E18,1,0.181315,0.409182,0.096678,0.312826
bbc_20130322_332,E22,E23,0,0.995562,0.000032,0.000908,0.003498
bbc_20130322_332,E27,E28,1,0.088371,0.634699,0.063653,0.213277
bbc_20130322_332,E27,E29,0,0.893457,0.009348,0.020688,0.076508
bbc_20130322_332,E28,E29,0,0.940401,0.003296,0.011883,0.044420
bbc_20130322_332,E31,E33,1,0.014494,0.835389,0.038847,0.111270
bbc_20130322_332,E31,E34,0,0.568988,0.124208,0.072102,0.234703
bbc_20130322_332,E31,E35,1,0.052929,0.689002,0.075573,0.182496
bbc_20130322_332,E33,E34,0,0.530558,0.166967,0.071231,0.231243
bbc_20130322_332,E33,E35,0,0.646187,0.090432,0.075662,0.187719
bbc_20130322_332,E34,E35,0,0.614725,0.111904,0.078078,0.195292
bbc_20130322_332,E37,E38,0,0.747862,0.026661,0.045415,0.180061
bbc_20130322_332,E37,E40,0,0.744109,0.028124,0.045463,0.182303
bbc_20130322_332,E38,E40,0,0.728821,0.035709,0.047882,0.187587
bbc_20130322_332,E1,E5,0,0.763559,0.027626,0.042129,0.166686
bbc_20130322_332,E2,E5,0,0.608188,0.082831,0.074239,0.234742
bbc_20130322_332,E3,E5,0,0.963647,0.001085,0.008413,0.026855
bbc_20130322_332,E4,E5,0,0.996530,0.000023,0.000717,0.002730
bbc_20130322_332,E5,E9,1,0.000457,0.970677,0.006801,0.022065
bbc_20130322_332,E9,E11,1,0.021549,0.774703,0.051106,0.152642
bbc_20130322_332,E11,E12,0,0.987602,0.000176,0.002754,0.009467
bbc_20130322_332,E11,E13,0,0.923775,0.003022,0.016511,0.056692
bbc_20130322_332,E12,E17,1,0.001147,0.948496,0.011720,0.038637
bbc_20130322_332,E12,E18,1,0.001529,0.941095,0.013672,0.043704
bbc_20130322_332,E13,E17,1,0.048492,0.657385,0.064937,0.229186
bbc_20130322_332,E13,E18,1,0.039223,0.691603,0.060617,0.208558
bbc_20130322_332,E17,E19,0,0.924274,0.002998,0.016085,0.056642
bbc_20130322_332,E18,E19,0,0.934963,0.002213,0.013964,0.048859
bbc_20130322_332,E19,E22,1,0.000849,0.956183,0.010034,0.032934
bbc_20130322_332,E19,E23,0,0.947899,0.001938,0.011714,0.038450
bbc_20130322_332,E22,E24,1,0.065989,0.642622,0.065379,0.226010
bbc_20130322_332,E23,E24,1,0.000087,0.988597,0.002495,0.008821
bbc_20130322_332,E27,E30,0,0.990395,0.000108,0.001990,0.007507
bbc_20130322_332,E28,E30,0,0.993055,0.000064,0.001411,0.005471
bbc_20130322_332,E29,E30,0,0.916492,0.006976,0.016490,0.060043
bbc_20130322_332,E30,E31,1,0.076511,0.640864,0.067741,0.214884
bbc_20130322_332,E30,E33,1,0.029405,0.783614,0.045078,0.141904
bbc_20130322_332,E30,E34,1,0.103839,0.629164,0.068986,0.198011
bbc_20130322_332,E30,E35,1,0.269791,0.355735,0.106526,0.267948
bbc_20130322_332,E31,E36,1,0.095209,0.576416,0.077488,0.250887
bbc_20130322_332,E33,E36,0,0.533693,0.143179,0.075152,0.247976
bbc_20130322_332,E34,E36,0,0.470104,0.200455,0.078193,0.251249
bbc_20130322_332,E35,E36,1,0.230280,0.438428,0.098186,0.233106
bbc_20130322_332,E36,E37,0,0.990991,0.000112,0.002014,0.006883
bbc_20130322_332,E36,E38,0,0.990614,0.000093,0.001844,0.007450
bbc_20130322_332,E36,E40,0,0.991324,0.000078,0.001664,0.006934
bbc_20130322_1600,E2,E5,0,0.877600,0.008794,0.024464,0.089142
bbc_20130322_1600,E6,E7,1,0.290434,0.376087,0.089155,0.244324
bbc_20130322_1600,E6,E8,0,0.983233,0.000351,0.004084,0.012333
bbc_20130322_1600,E6,E9,0,0.960453,0.002002,0.008809,0.028736
bbc_20130322_1600,E7,E8,0,0.994326,0.000059,0.001297,0.004319
bbc_20130322_1600,E7,E9,0,0.974072,0.000758,0.005743,0.019428
bbc_20130322_1600,E8,E9,1,0.032792,0.799309,0.037758,0.130140
bbc_20130322_1600,E10,E11,0,0.523080,0.157287,0.075389,0.244244
bbc_20130322_1600,E10,E12,0,0.927852,0.004229,0.014531,0.053387
bbc_20130322_1600,E11,E12,0,0.864241,0.015924,0.025358,0.094476
bbc_20130322_1600,E16,E20,3,0.293193,0.301457,0.086841,0.318510
bbc_20130322_1600,E21,E22,0,0.890275,0.010156,0.023181,0.076388
bbc_20130322_1600,E2,E6,0,0.533738,0.154538,0.081731,0.229993
bbc_20130322_1600,E2,E7,0,0.548896,0.137610,0.076667,0.236827
bbc_20130322_1600,E2,E8,0,0.990524,0.000117,0.002194,0.007165
bbc_20130322_1600,E2,E9,0,0.946614,0.002451,0.010891,0.040044
bbc_20130322_1600,E5,E6,1,0.176036,0.488836,0.078129,0.256999
bbc_20130322_1600,E5,E7,1,0.043070,0.764131,0.048832,0.143966
bbc_20130322_1600,E5,E8,0,0.967294,0.001261,0.007392,0.024052
bbc_20130322_1600,E5,E9,0,0.852532,0.019457,0.027184,0.100828
bbc_20130322_1600,E6,E10,1,0.029979,0.818653,0.040842,0.110526
bbc_20130322_1600,E6,E11,0,0.336759,0.298143,0.093109,0.271990
bbc_20130322_1600,E6,E12,0,0.954330,0.001965,0.009796,0.033909
bbc_20130322_1600,E7,E10,0,0.687631,0.090715,0.058121,0.163532
bbc_20130322_1600,E7,E11,0,0.954999,0.002760,0.011300,0.030941
bbc_20130322_1600,E7,E12,0,0.988564,0.000201,0.002782,0.008453
bbc_20130322_1600,E8,E10,1,0.000107,0.989785,0.002557,0.007551
bbc_20130322_1600,E8,E11,1,0.002351,0.948083,0.011889,0.037677
bbc_20130322_1600,E8,E12,1,0.034568,0.798513,0.037447,0.129472
bbc_20130322_1600,E9,E10,1,0.005152,0.937073,0.015679,0.042096
bbc_20130322_1600,E9,E11,1,0.109166,0.655852,0.058693,0.176289
bbc_20130322_1600,E9,E12,0,0.559489,0.177214,0.061612,0.201686
bbc_20130322_1600,E10,E13,0,0.920296,0.005266,0.016585,0.057853
bbc_20130322_1600,E11,E13,0,0.934409,0.004268,0.013638,0.047686
bbc_20130322_1600,E12,E13,0,0.773518,0.043293,0.039493,0.143695
bbc_20130322_1600,E13,E30,1,0.144288,0.488957,0.083138,0.283617
bbc_20130322_1600,E30,E14,0,0.968574,0.000774,0.007046,0.023606
bbc_20130322_1600,E14,E16,0,0.328180,0.252678,0.103808,0.315334
bbc_20130322_1600,E14,E20,0,0.672154,0.045592,0.062451,0.219802
bbc_20130322_1600,E16,E21,0,0.593418,0.113124,0.061931,0.231528
bbc_20130322_1600,E16,E22,0,0.887371,0.007207,0.020583,0.084839
bbc_20130322_1600,E20,E21,0,0.808289,0.022969,0.035584,0.133158
bbc_20130322_1600,E20,E22,0,0.972436,0.000680,0.006151,0.020733
bbc_20130322_1600,E21,E25,0,0.988562,0.000157,0.002539,0.008742
bbc_20130322_1600,E22,E25,0,0.973858,0.000518,0.005195,0.020429
WSJ_20130322_804,E1,E2002,0,0.737813,0.032032,0.050490,0.179665
WSJ_20130322_804,E11,E13,0,0.757157,0.026895,0.044262,0.171687
WSJ_20130322_804,E11,E14,0,0.552388,0.106061,0.071837,0.269714
WSJ_20130322_804,E13,E14,0,0.379631,0.216403,0.092156,0.311811
WSJ_20130322_804,E22,E23,1,0.050622,0.647664,0.075332,0.226382
WSJ_20130322_804,E25,E26,0,0.804573,0.021138,0.046237,0.128052
WSJ_20130322_804,E25,E30,0,0.992133,0.000073,0.001566,0.006228
WSJ_20130322_804,E26,E30,0,0.984629,0.000208,0.003125,0.012038
WSJ_20130322_804,E9,E11,3,0.232061,0.308010,0.099107,0.360822
WSJ_20130322_804,E9,E13,0,0.737872,0.026884,0.048436,0.186809
WSJ_20130322_804,E9,E14,0,0.460919,0.135287,0.084985,0.318809
WSJ_20130322_804,E11,E16,3,0.327750,0.234266,0.093713,0.344271
WSJ_20130322_804,E13,E16,1,0.174416,0.388827,0.098578,0.338179
WSJ_20130322_804,E14,E16,1,0.116008,0.474771,0.084848,0.324372
WSJ_20130322_804,E16,E17,0,0.978544,0.000353,0.004337,0.016766
WSJ_20130322_804,E17,E18,1,0.000263,0.981557,0.004688,0.013492
WSJ_20130322_804,E21,E22,0,0.449282,0.160669,0.089422,0.300627
WSJ_20130322_804,E21,E23,1,0.144275,0.470064,0.098841,0.286820
WSJ_20130322_804,E22,E25,3,0.266259,0.312675,0.098985,0.322081
WSJ_20130322_804,E22,E26,0,0.420910,0.171174,0.093484,0.314431
WSJ_20130322_804,E22,E30,0,0.943227,0.001825,0.011948,0.043001
WSJ_20130322_804,E23,E25,0,0.651059,0.060138,0.065764,0.223040
WSJ_20130322_804,E23,E26,0,0.758862,0.026996,0.047659,0.166483
WSJ_20130322_804,E23,E30,0,0.979313,0.000351,0.004545,0.015791
WSJ_20130322_804,E25,E33,0,0.988487,0.000128,0.002290,0.009094
WSJ_20130322_804,E26,E33,0,0.985651,0.000171,0.002802,0.011376
WSJ_20130322_804,E30,E33,0,0.776471,0.020099,0.042500,0.160930
WSJ_20130322_804,E33,E35,1,0.052477,0.651164,0.070986,0.225372
WSJ_20130318_731,E1,E2,1,0.015080,0.807323,0.041176,0.136421
WSJ_20130318_731,E1,E3,1,0.038246,0.694447,0.064000,0.203307
WSJ_20130318_731,E2,E3,0,0.325218,0.307309,0.095449,0.272024
WSJ_20130318_731,E11,E12,1,0.006062,0.886871,0.026083,0.080984
WSJ_20130318_731,E11,E13,1,0.076339,0.610097,0.076633,0.236931
WSJ_20130318_731,E12,E13,0,0.774969,0.034460,0.042474,0.148098
WSJ_20130318_731,E20,E21,0,0.994315,0.000038,0.001055,0.004592
WSJ_20130318_731,E20,E22,0,0.989273,0.000114,0.002123,0.008490
WSJ_20130318_731,E21,E22,0,0.670212,0.046558,0.059722,0.223508
WSJ_20130318_731,E9,E10,1,0.037007,0.755041,0.049066,0.158886
WSJ_20130318_731,E10,E11,0,0.995615,0.000033,0.000920,0.003433
WSJ_20130318_731,E10,E12,0,0.946398,0.002656,0.010513,0.040433
WSJ_20130318_731,E10,E13,0,0.991373,0.000089,0.001765,0.006772
WSJ_20130318_731,E11,E14,1,0.026778,0.760804,0.052084,0.160334
WSJ_20130318_731,E12,E14,0,0.476122,0.168317,0.085076,0.270485
WSJ_20130318_731,E13,E14,0,0.310358,0.293366,0.103503,0.292773
CNN_20130322_1003,E1,E2,1,0.000190,0.985979,0.003866,0.009965
CNN_20130322_1003,E1,E3,0,0.583915,0.161028,0.071105,0.183952
CNN_20130322_1003,E1,E5,0,0.982019,0.000364,0.003971,0.013646
CNN_20130322_1003,E2,E3,0,0.983281,0.000567,0.004421,0.011731
CNN_20130322_1003,E2,E5,0,0.997598,0.000011,0.000460,0.001930
CNN_20130322_1003,E3,E5,0,0.719920,0.064401,0.054601,0.161077
CNN_20130322_1003,E6,E7,1,0.003708,0.951474,0.013756,0.031063
CNN_20130322_1003,E9,E10,1,0.102159,0.682036,0.049252,0.166554
CNN_20130322_1003,E9,E11,1,0.000270,0.983932,0.003891,0.011907
CNN_20130322_1003,E9,E1000,1,0.000030,0.994858,0.001220,0.003891
CNN_20130322_1003,E10,E11,1,0.002717,0.951323,0.010982,0.034978
CNN_20130322_1003,E10,E1000,1,0.000092,0.990678,0.002292,0.006938
CNN_20130322_1003,E11,E1000,1,0.012910,0.882679,0.026448,0.077963
CNN_20130322_1003,E12,E13,1,0.050035,0.750261,0.052228,0.147476
CNN_20130322_1003,E12,E14,1,0.000031,0.994693,0.001240,0.004037
CNN_20130322_1003,E12,E15,1,0.000152,0.986617,0.003280,0.009951
CNN_20130322_1003,E13,E14,1,0.000136,0.988440,0.002943,0.008480
CNN_20130322_1003,E13,E15,1,0.001162,0.964516,0.009006,0.025316
CNN_20130322_1003,E14,E15,0,0.462527,0.272069,0.071651,0.193753
CNN_20130322_1003,E17,E19,1,0.000569,0.969747,0.007491,0.022194
CNN_20130322_1003,E17,E20,0,0.814703,0.021369,0.039403,0.124525
CNN_20130322_1003,E19,E20,0,0.994239,0.000056,0.001275,0.004431
CNN_20130322_1003,E23,E27,0,0.775721,0.039575,0.043219,0.141484
CNN_20130322_1003,E30,E31,1,0.008788,0.878569,0.030129,0.082513
CNN_20130322_1003,E30,E32,1,0.000023,0.995470,0.001044,0.003464
CNN_20130322_1003,E30,E33,1,0.000007,0.997933,0.000505,0.001556
CNN_20130322_1003,E31,E32,1,0.000042,0.993688,0.001502,0.004767
CNN_20130322_1003,E31,E33,1,0.000011,0.997188,0.000653,0.002148
CNN_20130322_1003,E32,E33,1,0.016346,0.876963,0.027621,0.079070
CNN_20130322_1003,E34,E36,1,0.000014,0.996515,0.000784,0.002686
CNN_20130322_1003,E40,E41,1,0.000039,0.994747,0.001375,0.003839
CNN_20130322_1003,E40,E42,1,0.000022,0.996256,0.001063,0.002659
CNN_20130322_1003,E41,E42,1,0.003077,0.956916,0.012300,0.027707
CNN_20130322_1003,E43,E44,0,0.790929,0.034109,0.045723,0.129239
CNN_20130322_1003,E45,E47,0,0.459768,0.185682,0.092444,0.262106
CNN_20130322_1003,E55,E57,0,0.965055,0.001157,0.007964,0.025824
CNN_20130322_1003,E1,E6,0,0.932288,0.005790,0.015716,0.046206
CNN_20130322_1003,E1,E7,0,0.460420,0.253398,0.084683,0.201498
CNN_20130322_1003,E2,E6,0,0.995104,0.000046,0.001110,0.003739
CNN_20130322_1003,E2,E7,0,0.977328,0.000897,0.006371,0.015405
CNN_20130322_1003,E3,E6,1,0.293382,0.374077,0.085722,0.246819
CNN_20130322_1003,E3,E7,1,0.016847,0.869448,0.034605,0.079100
CNN_20130322_1003,E5,E6,1,0.048513,0.750491,0.051073,0.149923
CNN_20130322_1003,E5,E7,1,0.000912,0.969478,0.008951,0.020659
CNN_20130322_1003,E6,E9,0,0.983416,0.000597,0.003835,0.012152
CNN_20130322_1003,E6,E10,0,0.962952,0.002783,0.007691,0.026574
CNN_20130322_1003,E6,E11,1,0.261656,0.467198,0.065636,0.205510
CNN_20130322_1003,E6,E1000,1,0.008246,0.918719,0.018877,0.054158
CNN_20130322_1003,E7,E9,0,0.995080,0.000063,0.001281,0.003576
CNN_20130322_1003,E7,E10,0,0.990753,0.000251,0.002436,0.006560
CNN_20130322_1003,E7,E11,0,0.690096,0.117872,0.055831,0.136200
CNN_20130322_1003,E7,E1000,1,0.083082,0.736106,0.055780,0.125032
CNN_20130322_1003,E9,E12,1,0.182120,0.521985,0.066199,0.229696
CNN_20130322_1003,E9,E13,1,0.026860,0.812291,0.037482,0.123367
CNN_20130322_1003,E9,E14,1,0.000029,0.994935,0.001198,0.003838
CNN_20130322_1003,E9,E15,1,0.000219,0.984448,0.003822,0.011511
CNN_20130322_1003,E10,E12,0,0.622277,0.127598,0.054091,0.196034
CNN_20130322_1003,E10,E13,1,0.217120,0.491311,0.073256,0.218313
CNN_20130322_1003,E10,E14,1,0.000133,0.989625,0.002576,0.007667
CNN_20130322_1003,E10,E15,1,0.002794,0.952871,0.011903,0.032433
CNN_20130322_1003,E11,E12,0,0.986387,0.000241,0.002829,0.010543
CNN_20130322_1003,E11,E13,0,0.955066,0.002487,0.010444,0.032003
CNN_20130322_1003,E11,E14,1,0.094742,0.674737,0.055307,0.175214
CNN_20130322_1003,E11,E15,0,0.521391,0.185632,0.069297,0.223680
CNN_20130322_1003,E1000,E12,0,0.995783,0.000030,0.000854,0.003332
CNN_20130322_1003,E1000,E13,0,0.989585,0.000169,0.002516,0.007729
CNN_20130322_1003,E1000,E14,0,0.525251,0.210062,0.066932,0.197755
CNN_20130322_1003,E1000,E15,0,0.889407,0.014173,0.023434,0.072986
CNN_20130322_1003,E12,E17,1,0.003169,0.933262,0.015376,0.048194
CNN_20130322_1003,E12,E19,1,0.000095,0.989574,0.002489,0.007841
CNN_20130322_1003,E12,E20,0,0.501266,0.183093,0.076604,0.239036
CNN_20130322_1003,E13,E17,1,0.044112,0.763406,0.046979,0.145503
CNN_20130322_1003,E13,E19,1,0.001529,0.958827,0.010247,0.029397
CNN_20130322_1003,E13,E20,0,0.936861,0.004208,0.013971,0.044960
CNN_20130322_1003,E14,E17,0,0.891790,0.013412,0.021510,0.073288
CNN_20130322_1003,E14,E19,0,0.416526,0.287529,0.071590,0.224355
CNN_20130322_1003,E14,E20,0,0.996727,0.000023,0.000705,0.002545
CNN_20130322_1003,E15,E17,0,0.762919,0.048595,0.043522,0.144964
CNN_20130322_1003,E15,E19,1,0.138366,0.585106,0.068149,0.208380
CNN_20130322_1003,E15,E20,0,0.993739,0.000065,0.001403,0.004793
CNN_20130322_1003,E17,E21,1,0.117672,0.576609,0.075098,0.230620
CNN_20130322_1003,E19,E21,0,0.934110,0.005429,0.014520,0.045941
CNN_20130322_1003,E20,E21,1,0.003895,0.933469,0.016683,0.045953
CNN_20130322_1003,E21,E23,0,0.933633,0.005471,0.015043,0.045853
CNN_20130322_1003,E21,E27,0,0.966442,0.001299,0.007911,0.024348
CNN_20130322_1003,E30,E34,0,0.800890,0.023319,0.044248,0.131543
CNN_20130322_1003,E30,E36,1,0.000201,0.984653,0.003869,0.011278
CNN_20130322_1003,E31,E34,0,0.908105,0.006240,0.020116,0.065539
CNN_20130322_1003,E31,E36,1,0.000214,0.984695,0.003871,0.011220
CNN_20130322_1003,E32,E34,0,0.996645,0.000022,0.000700,0.002634
CNN_20130322_1003,E32,E36,0,0.501407,0.203501,0.074158,0.220935
CNN_20130322_1003,E33,E34,0,0.996401,0.000024,0.000784,0.002791
CNN_20130322_1003,E33,E36,1,0.178636,0.574237,0.062656,0.184472
CNN_20130322_1003,E34,E38,1,0.216745,0.381478,0.098809,0.302969
CNN_20130322_1003,E36,E38,0,0.991323,0.000113,0.002002,0.006562
CNN_20130322_1003,E38,E40,0,0.766428,0.035461,0.047275,0.150837
CNN_20130322_1003,E38,E41,1,0.000377,0.981522,0.005246,0.012855
CNN_20130322_1003,E38,E42,1,0.000183,0.987656,0.003787,0.008374
CNN_20130322_1003,E40,E43,0,0.622329,0.116017,0.062592,0.199062
CNN_20130322_1003,E40,E44,0,0.950589,0.002897,0.011280,0.035233
CNN_20130322_1003,E41,E43,0,0.983630,0.000438,0.003725,0.012207
CNN_20130322_1003,E41,E44,0,0.996890,0.000021,0.000674,0.002415
CNN_20130322_1003,E42,E43,0,0.989815,0.000199,0.002788,0.007198
CNN_20130322_1003,E42,E44,0,0.997357,0.000017,0.000631,0.001995
CNN_20130322_1003,E43,E45,0,0.485354,0.117526,0.092647,0.304473
CNN_20130322_1003,E43,E47,0,0.449707,0.202488,0.094454,0.253351
CNN_20130322_1003,E44,E45,1,0.017816,0.779927,0.047085,0.155172
CNN_20130322_1003,E44,E47,1,0.016525,0.818861,0.039278,0.125336
CNN_20130322_1003,E45,E48,1,0.183280,0.415620,0.100786,0.300313
CNN_20130322_1003,E47,E48,1,0.085682,0.603157,0.074815,0.236346
CNN_20130322_1003,E48,E50,0,0.964205,0.000886,0.007675,0.027234
CNN_20130322_1003,E50,E51,1,0.000624,0.964988,0.008193,0.026194
CNN_20130322_1003,E51,E52,0,0.930868,0.002731,0.013907,0.052494
CNN_20130322_1003,E52,E53,0,0.983626,0.000265,0.003622,0.012487
CNN_20130322_1003,E53,E55,0,0.533215,0.107089,0.086637,0.273059
