WSJ_20130322_159,E5,E6,1,0.011649,0.881351,0.028802,0.078198
WSJ_20130322_159,E5,E10,0,0.729014,0.038681,0.053938,0.178367
WSJ_20130322_159,E5,E11,0,0.959415,0.001293,0.009150,0.030142
WSJ_20130322_159,E6,E10,0,0.831426,0.012604,0.036049,0.119921
WSJ_20130322_159,E6,E11,0,0.957290,0.001082,0.009762,0.031867
WSJ_20130322_159,E10,E11,0,0.583430,0.079633,0.075381,0.261555
WSJ_20130322_159,E12,E14,3,0.283793,0.212146,0.091829,0.412232
WSJ_20130322_159,E18,E19,0,0.680773,0.043685,0.057279,0.218263
WSJ_20130322_159,E20,E22,1,0.000015,0.995963,0.000857,0.003164
WSJ_20130322_159,E29,E31,0,0.849451,0.010153,0.026291,0.114105
WSJ_20130322_159,E29,E34,1,0.071770,0.617007,0.062272,0.248952
WSJ_20130322_159,E29,E37,0,0.957415,0.000844,0.007615,0.034126
WSJ_20130322_159,E31,E34,1,0.006842,0.863413,0.026394,0.103350
WSJ_20130322_159,E31,E37,0,0.853788,0.008033,0.025712,0.112466
WSJ_20130322_159,E34,E37,0,0.991545,0.000055,0.001646,0.006754
WSJ_20130322_159,E38,E39,1,0.000848,0.956050,0.010010,0.033092
WSJ_20130322_159,E38,E40,1,0.047012,0.590941,0.075226,0.286821
WSJ_20130322_159,E39,E40,0,0.433350,0.133506,0.086314,0.346830
WSJ_20130322_159,E42,E44,1,0.000027,0.993678,0.001249,0.005046
WSJ_20130322_159,E46,E47,1,0.000804,0.958809,0.009731,0.030656
WSJ_20130322_159,E46,E49,1,0.050813,0.656342,0.058442,0.234403
WSJ_20130322_159,E47,E49,0,0.494289,0.119497,0.068671,0.317542
WSJ_20130322_159,E1,E5,1,0.160321,0.418823,0.091522,0.329334
WSJ_20130322_159,E1,E6,1,0.014913,0.795432,0.045309,0.144346
WSJ_20130322_159,E1,E10,0,0.412333,0.128832,0.096715,0.362119
WSJ_20130322_159,E1,E11,0,0.707251,0.030141,0.056787,0.205820
WSJ_20130322_159,E5,E12,0,0.979180,0.000277,0.004418,0.016125
WSJ_20130322_159,E5,E14,0,0.705857,0.036837,0.050580,0.206725
WSJ_20130322_159,E6,E12,0,0.984272,0.000155,0.003238,0.012334
WSJ_20130322_159,E6,E14,0,0.836835,0.008808,0.030255,0.124102
WSJ_20130322_159,E10,E12,0,0.660434,0.039404,0.059251,0.240911
WSJ_20130322_159,E10,E14,1,0.050904,0.566172,0.071125,0.311798
WSJ_20130322_159,E11,E12,0,0.522315,0.081801,0.076480,0.319404
WSJ_20130322_159,E11,E14,1,0.022998,0.685234,0.053031,0.238737
WSJ_20130322_159,E12,E18,0,0.972347,0.000260,0.004875,0.022519
WSJ_20130322_159,E12,E19,0,0.849176,0.008596,0.028569,0.113659
WSJ_20130322_159,E14,E18,0,0.990823,0.000042,0.001525,0.007611
WSJ_20130322_159,E14,E19,0,0.961581,0.000668,0.007343,0.030408
WSJ_20130322_159,E18,E20,1,0.016567,0.757871,0.043917,0.181645
WSJ_20130322_159,E18,E22,1,0.000005,0.997993,0.000404,0.001598
WSJ_20130322_159,E19,E20,1,0.001920,0.910847,0.017071,0.070162
WSJ_20130322_159,E19,E22,1,0.000002,0.998739,0.000242,0.001017
WSJ_20130322_159,E20,E26,1,0.155260,0.502672,0.081241,0.260827
WSJ_20130322_159,E22,E26,0,0.994147,0.000060,0.001498,0.004295
WSJ_20130322_159,E26,E29,0,0.962564,0.001110,0.008128,0.028197
WSJ_20130322_159,E26,E31,0,0.987487,0.000122,0.002686,0.009704
WSJ_20130322_159,E26,E34,0,0.724448,0.047216,0.052785,0.175552
WSJ_20130322_159,E26,E37,0,0.991945,0.000058,0.001663,0.006334
WSJ_20130322_159,E29,E38,0,0.595490,0.067903,0.061478,0.275129
WSJ_20130322_159,E29,E39,1,0.002622,0.922511,0.014945,0.059921
WSJ_20130322_159,E29,E40,1,0.034792,0.654256,0.056877,0.254075
WSJ_20130322_159,E31,E38,3,0.180035,0.337054,0.089975,0.392936
WSJ_20130322_159,E31,E39,1,0.000314,0.971721,0.005651,0.022314
WSJ_20130322_159,E31,E40,1,0.004208,0.859260,0.025526,0.111006
WSJ_20130322_159,E34,E38,0,0.884216,0.005756,0.021522,0.088506
WSJ_20130322_159,E34,E39,1,0.035637,0.735844,0.048717,0.179803
WSJ_20130322_159,E34,E40,3,0.273780,0.242717,0.094693,0.388810
WSJ_20130322_159,E37,E38,1,0.127601,0.448548,0.079122,0.344729
WSJ_20130322_159,E37,E39,1,0.000178,0.980568,0.003901,0.015353
WSJ_20130322_159,E37,E40,1,0.002200,0.904860,0.017466,0.075474
WSJ_20130322_159,E38,E42,0,0.879958,0.004066,0.022013,0.093964
WSJ_20130322_159,E38,E44,1,0.000675,0.957726,0.008938,0.032661
WSJ_20130322_159,E39,E42,0,0.991649,0.000041,0.001459,0.006851
WSJ_20130322_159,E39,E44,1,0.097431,0.572090,0.067647,0.262832
WSJ_20130322_159,E40,E42,0,0.984888,0.000102,0.002634,0.012376
WSJ_20130322_159,E40,E44,1,0.018756,0.779089,0.040099,0.162056
WSJ_20130322_159,E42,E46,0,0.665952,0.025318,0.053365,0.255365
WSJ_20130322_159,E42,E47,1,0.005005,0.855810,0.025971,0.113215
WSJ_20130322_159,E42,E49,1,0.103913,0.514558,0.070406,0.311124
WSJ_20130322_159,E44,E46,0,0.991506,0.000035,0.001374,0.007084
WSJ_20130322_159,E44,E47,0,0.879608,0.005080,0.020340,0.094971
WSJ_20130322_159,E44,E49,0,0.962057,0.000619,0.006562,0.030762
WSJ_20130322_159,E46,E55,0,0.740638,0.029250,0.044180,0.185932
WSJ_20130322_159,E47,E55,0,0.984462,0.000150,0.002964,0.012424
WSJ_20130322_159,E49,E55,0,0.942865,0.001838,0.010328,0.044969
nyt_20130322_strange_computer,E8,E11,0,0.999245,0.000001,0.000146,0.000607
nyt_20130322_strange_computer,E14,E16,1,0.000868,0.955155,0.010182,0.033795
nyt_20130322_strange_computer,E19,E22,0,0.699859,0.035878,0.056823,0.207440
nyt_20130322_strange_computer,E19,E23,1,0.029203,0.763816,0.049709,0.157271
nyt_20130322_strange_computer,E22,E23,1,0.039793,0.731300,0.059560,0.169347
nyt_20130322_strange_computer,E6,E8,1,0.042071,0.731963,0.057414,0.168551
nyt_20130322_strange_computer,E6,E11,0,0.996783,0.000013,0.000640,0.002564
nyt_20130322_strange_computer,E8,E14,0,0.998236,0.000005,0.000334,0.001426
nyt_20130322_strange_computer,E8,E16,0,0.931006,0.003870,0.016605,0.048519
nyt_20130322_strange_computer,E11,E14,0,0.703983,0.029309,0.053982,0.212726
nyt_20130322_strange_computer,E11,E16,1,0.000433,0.969666,0.006693,0.023208
nyt_20130322_strange_computer,E14,E19,3,0.291681,0.261356,0.099460,0.347503
nyt_20130322_strange_computer,E14,E22,0,0.663643,0.043235,0.063153,0.229969
nyt_20130322_strange_computer,E14,E23,1,0.007765,0.859562,0.033514,0.099159
nyt_20130322_strange_computer,E16,E19,0,0.979399,0.000299,0.004669,0.015633
nyt_20130322_strange_computer,E16,E22,0,0.981126,0.000230,0.004086,0.014558
nyt_20130322_strange_computer,E16,E23,0,0.820734,0.020673,0.039689,0.118904
nyt_20130322_strange_computer,E19,E24,0,0.922060,0.003048,0.015669,0.059223
nyt_20130322_strange_computer,E22,E24,0,0.918921,0.003298,0.017675,0.060106
nyt_20130322_strange_computer,E23,E24,0,0.982842,0.000228,0.003910,0.013020
CNN_20130321_821,E4,E5,0,0.629375,0.052839,0.069069,0.248718
CNN_20130321_821,E5,E8,0,0.880332,0.005069,0.024431,0.090168
CNN_20130321_821,E8,E1000,0,0.796434,0.009957,0.042806,0.150803
CNN_20130321_821,E1002,E20,0,0.830129,0.008311,0.037493,0.124068
nyt_20130321_cyprus,E2,E5,1,0.012200,0.843844,0.037854,0.106102
nyt_20130321_cyprus,E7,E2009,1,0.005691,0.835375,0.029864,0.129069
nyt_20130321_cyprus,E13,E15,3,0.294169,0.185881,0.115426,0.404523
nyt_20130321_cyprus,E22,E23,1,0.150289,0.406474,0.077821,0.365416
nyt_20130321_cyprus,E22,E24,1,0.000009,0.996674,0.000626,0.002691
nyt_20130321_cyprus,E23,E24,1,0.000149,0.982677,0.003508,0.013666
nyt_20130321_cyprus,E33,E35,1,0.131951,0.482074,0.089583,0.296392
nyt_20130321_cyprus,E41,E42,1,0.003674,0.889642,0.022761,0.083923
nyt_20130321_cyprus,E46,E47,0,0.891976,0.008328,0.024591,0.075105
nyt_20130321_cyprus,E48,E51,0,0.957942,0.000979,0.009940,0.031140
nyt_20130321_cyprus,E2,E7,0,0.914417,0.002939,0.019466,0.063179
nyt_20130321_cyprus,E2,E2009,0,0.736064,0.023257,0.055324,0.185354
nyt_20130321_cyprus,E5,E7,0,0.975044,0.000360,0.005432,0.019164
nyt_20130321_cyprus,E5,E2009,0,0.919935,0.002512,0.016848,0.060704
nyt_20130321_cyprus,E7,E9,1,0.000066,0.990127,0.002123,0.007684
nyt_20130321_cyprus,E2009,E9,1,0.007355,0.864591,0.031183,0.096872
nyt_20130321_cyprus,E10,E13,0,0.971434,0.000578,0.007060,0.020928
nyt_20130321_cyprus,E10,E15,0,0.978925,0.000318,0.004882,0.015874
nyt_20130321_cyprus,E13,E21,0,0.736753,0.028300,0.053684,0.181264
nyt_20130321_cyprus,E15,E21,0,0.968690,0.000595,0.006837,0.023879
nyt_20130321_cyprus,E21,E22,0,0.946816,0.001480,0.010096,0.041608
nyt_20130321_cyprus,E21,E23,0,0.691968,0.037171,0.050583,0.220278
nyt_20130321_cyprus,E21,E24,1,0.000053,0.991219,0.001827,0.006902
nyt_20130321_cyprus,E22,E25,1,0.000325,0.970454,0.005798,0.023422
nyt_20130321_cyprus,E23,E25,1,0.012511,0.806003,0.036652,0.144834
nyt_20130321_cyprus,E24,E25,0,0.966186,0.000720,0.007958,0.025137
nyt_20130321_cyprus,E33,E36,0,0.627055,0.045170,0.063240,0.264535
nyt_20130321_cyprus,E35,E36,0,0.569964,0.063048,0.069517,0.297470
nyt_20130321_cyprus,E36,E41,0,0.902425,0.002655,0.018532,0.076389
nyt_20130321_cyprus,E36,E42,1,0.021666,0.731454,0.050388,0.196492
nyt_20130321_cyprus,E46,E48,1,0.283561,0.354486,0.100197,0.261756
nyt_20130321_cyprus,E46,E51,0,0.981623,0.000264,0.004243,0.013870
nyt_20130321_cyprus,E47,E48,1,0.001755,0.943754,0.014439,0.040052
nyt_20130321_cyprus,E47,E51,0,0.634647,0.072055,0.066374,0.226924
nyt_20130321_cyprus,E48,E57,1,0.003232,0.923907,0.018886,0.053975
nyt_20130321_cyprus,E51,E57,1,0.000009,0.997097,0.000604,0.002290
bbc_20130322_1353,E1,E5,1,0.000068,0.989894,0.002180,0.007858
bbc_20130322_1353,E8,E10,1,0.000039,0.993464,0.001503,0.004994
bbc_20130322_1353,E15,E16,1,0.005964,0.884109,0.025403,0.084524
bbc_20130322_1353,E19,E20,1,0.004042,0.934045,0.017503,0.044411
bbc_20130322_1353,E19,E21,1,0.084073,0.657006,0.074385,0.184535
bbc_20130322_1353,E20,E21,0,0.480530,0.251303,0.081010,0.187157
bbc_20130322_1353,E23,E25,1,0.045538,0.713924,0.057410,0.183129
bbc_20130322_1353,E23,E26,1,0.000417,0.974875,0.006176,0.018532
bbc_20130322_1353,E23,E27,1,0.000011,0.996872,0.000692,0.002425
bbc_20130322_1353,E25,E26,1,0.000117,0.987921,0.002841,0.009121
bbc_20130322_1353,E25,E27,1,0.000004,0.998323,0.000354,0.001319
bbc_20130322_1353,E26,E27,1,0.000094,0.989507,0.002542,0.007857
bbc_20130322_1353,E28,E29,1,0.000112,0.988557,0.002798,0.008533
bbc_20130322_1353,E28,E31,1,0.000111,0.988095,0.002782,0.009012
bbc_20130322_1353,E29,E31,1,0.075693,0.708239,0.053692,0.162376
bbc_20130322_1353,E33,E34,0,0.953411,0.001490,0.010627,0.034471
bbc_20130322_1353,E35,E36,1,0.240056,0.379747,0.098948,0.281249
bbc_20130322_1353,E35,E37,1,0.000736,0.969056,0.008581,0.021626
bbc_20130322_1353,E36,E37,1,0.000383,0.973762,0.006031,0.019823
bbc_20130322_1353,E1,E8,0,0.759671,0.014897,0.041420,0.184012
bbc_20130322_1353,E1,E10,1,0.000130,0.986934,0.003136,0.009800
bbc_20130322_1353,E5,E8,0,0.995439,0.000021,0.000899,0.003641
bbc_20130322_1353,E5,E10,1,0.271879,0.433190,0.084280,0.210651
bbc_20130322_1353,E8,E11,0,0.634378,0.052580,0.064449,0.248594
bbc_20130322_1353,E10,E11,0,0.994201,0.000037,0.001240,0.004523
bbc_20130322_1353,E11,E13,3,0.335103,0.181857,0.093194,0.389845
bbc_20130322_1353,E13,E15,0,0.840035,0.014917,0.033478,0.111570
bbc_20130322_1353,E13,E16,1,0.170623,0.476458,0.083617,0.269302
bbc_20130322_1353,E15,E17,1,0.003490,0.885580,0.023194,0.087736
bbc_20130322_1353,E16,E17,1,0.049736,0.626006,0.067124,0.257134
bbc_20130322_1353,E17,E19,1,0.068519,0.681066,0.059007,0.191407
bbc_20130322_1353,E17,E20,1,0.000117,0.988437,0.002823,0.008624
bbc_20130322_1353,E17,E21,1,0.001291,0.955303,0.010966,0.032440
bbc_20130322_1353,E19,E23,0,0.919996,0.003622,0.017942,0.058439
bbc_20130322_1353,E19,E25,0,0.851405,0.014851,0.032186,0.101558
bbc_20130322_1353,E19,E26,1,0.070323,0.637666,0.069743,0.222268
bbc_20130322_1353,E19,E27,1,0.000926,0.960657,0.009532,0.028885
bbc_20130322_1353,E20,E23,0,0.989158,0.000138,0.002677,0.008027
bbc_20130322_1353,E20,E25,0,0.982301,0.000431,0.004470,0.012798
bbc_20130322_1353,E20,E26,0,0.773393,0.050040,0.047441,0.129126
bbc_20130322_1353,E20,E27,1,0.009976,0.904615,0.023382,0.062028
bbc_20130322_1353,E21,E23,0,0.954955,0.001944,0.011331,0.031771
bbc_20130322_1353,E21,E25,0,0.912539,0.008468,0.021126,0.057866
bbc_20130322_1353,E21,E26,1,0.290133,0.388028,0.089337,0.232502
bbc_20130322_1353,E21,E27,1,0.000566,0.976485,0.006383,0.016567
bbc_20130322_1353,E23,E28,1,0.189021,0.455558,0.083274,0.272147
bbc_20130322_1353,E23,E29,1,0.010446,0.890529,0.025247,0.073778
bbc_20130322_1353,E23,E31,1,0.011824,0.886057,0.025495,0.076624
bbc_20130322_1353,E25,E28,1,0.068151,0.693222,0.054153,0.184474
bbc_20130322_1353,E25,E29,1,0.001676,0.959791,0.009506,0.029028
bbc_20130322_1353,E25,E31,1,0.001986,0.958345,0.009572,0.030097
bbc_20130322_1353,E26,E28,0,0.755952,0.041261,0.047034,0.155753
bbc_20130322_1353,E26,E29,1,0.177291,0.517392,0.076932,0.228385
bbc_20130322_1353,E26,E31,1,0.194307,0.506247,0.073771,0.225675
bbc_20130322_1353,E27,E28,0,0.992910,0.000065,0.001670,0.005355
bbc_20130322_1353,E27,E29,0,0.962315,0.002021,0.009416,0.026248
bbc_20130322_1353,E27,E31,0,0.966349,0.001784,0.008233,0.023634
bbc_20130322_1353,E28,E33,1,0.123079,0.556409,0.077972,0.242539
bbc_20130322_1353,E28,E34,0,0.712913,0.047988,0.050143,0.188956
bbc_20130322_1353,E29,E33,0,0.951978,0.002281,0.011425,0.034316
bbc_20130322_1353,E29,E34,0,0.991901,0.000067,0.001782,0.006249
bbc_20130322_1353,E31,E33,0,0.969282,0.001199,0.007402,0.022116
bbc_20130322_1353,E31,E34,0,0.995063,0.000032,0.001090,0.003815
bbc_20130322_1353,E33,E35,0,0.973194,0.000366,0.005681,0.020759
bbc_20130322_1353,E33,E36,0,0.980241,0.000274,0.004478,0.015006
bbc_20130322_1353,E33,E37,0,0.363906,0.262090,0.100731,0.273273
bbc_20130322_1353,E34,E35,0,0.959123,0.000641,0.007786,0.032451
bbc_20130322_1353,E34,E36,0,0.949249,0.001322,0.010134,0.039295
bbc_20130322_1353,E34,E37,1,0.066586,0.654000,0.065459,0.213955
nyt_20130321_women_senate,E1000009,E2,0,0.757835,0.036605,0.047925,0.157635
nyt_20130321_women_senate,E4,E5,1,0.000636,0.966105,0.008267,0.024993
nyt_20130321_women_senate,E4,E6,0,0.509560,0.155112,0.082234,0.253094
nyt_20130321_women_senate,E5,E6,0,0.978684,0.000417,0.005457,0.015442
nyt_20130321_women_senate,E9,E10,0,0.995192,0.000026,0.000984,0.003798
nyt_20130321_women_senate,E11,E12,0,0.764111,0.040119,0.050269,0.145501
nyt_20130321_women_senate,E14,E15,1,0.021063,0.805089,0.044646,0.129202
nyt_20130321_women_senate,E16,E17,1,0.056243,0.675638,0.056968,0.211152
nyt_20130321_women_senate,E19,E20,1,0.000247,0.981925,0.004560,0.013268
nyt_20130321_women_senate,E19,E21,1,0.014658,0.826673,0.039786,0.118884
nyt_20130321_women_senate,E20,E21,0,0.879358,0.010381,0.026975,0.083286
nyt_20130321_women_senate,E23,E24,0,0.857906,0.010970,0.029165,0.101959
nyt_20130321_women_senate,E26,E27,0,0.949929,0.001911,0.012418,0.035742
nyt_20130321_women_senate,E26,E1000014,0,0.880005,0.009076,0.029170,0.081749
nyt_20130321_women_senate,E27,E1000014,1,0.132924,0.491449,0.092474,0.283153
nyt_20130321_women_senate,E37,E1000015,3,0.280323,0.177598,0.103392,0.438687
nyt_20130321_women_senate,E40,E41,0,0.975851,0.000357,0.005283,0.018509
nyt_20130321_women_senate,E40,E42,0,0.636803,0.061502,0.067598,0.234098
nyt_20130321_women_senate,E41,E42,1,0.051598,0.613284,0.074290,0.260828
nyt_20130321_women_senate,E43,E47,0,0.991569,0.000051,0.001618,0.006762
nyt_20130321_women_senate,E43,E48,0,0.992621,0.000042,0.001423,0.005915
nyt_20130321_women_senate,E47,E48,0,0.847694,0.009597,0.029931,0.112778
nyt_20130321_women_senate,E49,E50,0,0.885636,0.008320,0.025158,0.080887
nyt_20130321_women_senate,E49,E53,1,0.007905,0.898615,0.023212,0.070268
nyt_20130321_women_senate,E50,E53,1,0.000229,0.982571,0.004099,0.013100
nyt_20130321_women_senate,E1000009,E4,0,0.782535,0.033589,0.044893,0.138983
nyt_20130321_women_senate,E1000009,E5,1,0.000466,0.972074,0.006822,0.020638
nyt_20130321_women_senate,E1000009,E6,0,0.366722,0.251571,0.093729,0.287977
nyt_20130321_women_senate,E2,E4,0,0.777721,0.032985,0.043842,0.145453
nyt_20130321_women_senate,E2,E5,1,0.000659,0.963541,0.008512,0.027289
nyt_20130321_women_senate,E2,E6,0,0.525620,0.137132,0.078391,0.258857
nyt_20130321_women_senate,E4,E7,0,0.971851,0.000639,0.006302,0.021208
nyt_20130321_women_senate,E5,E7,0,0.997077,0.000014,0.000633,0.002276
nyt_20130321_women_senate,E6,E7,0,0.975877,0.000496,0.005486,0.018141
nyt_20130321_women_senate,E7,E8,1,0.000136,0.985935,0.003205,0.010725
nyt_20130321_women_senate,E8,E9,0,0.988572,0.000144,0.002790,0.008493
nyt_20130321_women_senate,E8,E10,0,0.999549,0.000001,0.000083,0.000368
nyt_20130321_women_senate,E11,E1000012,0,0.832635,0.018538,0.034638,0.114189
nyt_20130321_women_senate,E12,E1000012,0,0.315878,0.282585,0.087768,0.313770
nyt_20130321_women_senate,E14,E16,0,0.942590,0.003052,0.013039,0.041319
nyt_20130321_women_senate,E14,E17,0,0.817984,0.023325,0.036973,0.121719
nyt_20130321_women_senate,E15,E16,0,0.965373,0.001003,0.008131,0.025493
nyt_20130321_women_senate,E15,E17,0,0.887885,0.008084,0.024403,0.079628
nyt_20130321_women_senate,E16,E19,1,0.059598,0.664615,0.062241,0.213546
nyt_20130321_women_senate,E16,E20,1,0.000088,0.988711,0.002466,0.008736
nyt_20130321_women_senate,E16,E21,1,0.002803,0.918289,0.017311,0.061596
nyt_20130321_women_senate,E17,E19,0,0.540870,0.119634,0.079121,0.260375
nyt_20130321_women_senate,E17,E20,1,0.001639,0.945845,0.012148,0.040369
nyt_20130321_women_senate,E17,E21,1,0.095490,0.559092,0.078307,0.267112
nyt_20130321_women_senate,E19,E22,0,0.337289,0.260098,0.097114,0.305499
nyt_20130321_women_senate,E20,E22,0,0.982511,0.000254,0.004033,0.013201
nyt_20130321_women_senate,E21,E22,0,0.796520,0.020253,0.041625,0.141603
nyt_20130321_women_senate,E22,E23,0,0.740696,0.025632,0.046974,0.186698
nyt_20130321_women_senate,E22,E24,0,0.988422,0.000103,0.002405,0.009070
nyt_20130321_women_senate,E23,E25,0,0.956116,0.000738,0.008885,0.034261
nyt_20130321_women_senate,E24,E25,0,0.738806,0.020641,0.045788,0.194765
nyt_20130321_women_senate,E25,E26,1,0.000524,0.967367,0.007518,0.024592
nyt_20130321_women_senate,E25,E27,1,0.046806,0.651020,0.069257,0.232917
nyt_20130321_women_senate,E25,E1000014,1,0.007264,0.849165,0.034165,0.109407
nyt_20130321_women_senate,E26,E29,0,0.719331,0.039539,0.059436,0.181693
nyt_20130321_women_senate,E27,E29,1,0.050689,0.630008,0.074029,0.245274
nyt_20130321_women_senate,E1000014,E29,1,0.077035,0.547289,0.090530,0.285146
nyt_20130321_women_senate,E29,E36,0,0.988922,0.000092,0.002298,0.008687
nyt_20130321_women_senate,E36,E37,0,0.817890,0.010669,0.030904,0.140536
nyt_20130321_women_senate,E36,E1000015,0,0.656129,0.036946,0.054460,0.252464
nyt_20130321_women_senate,E37,E40,1,0.000165,0.981578,0.003752,0.014506
nyt_20130321_women_senate,E37,E41,1,0.046983,0.606797,0.070368,0.275851
nyt_20130321_women_senate,E37,E42,1,0.000763,0.951111,0.009745,0.038381
nyt_20130321_women_senate,E1000015,E40,1,0.001093,0.947480,0.010412,0.041015
nyt_20130321_women_senate,E1000015,E41,0,0.507099,0.103360,0.076314,0.313228
nyt_20130321_women_senate,E1000015,E42,1,0.010197,0.810158,0.035509,0.144136
nyt_20130321_women_senate,E40,E43,0,0.789161,0.024349,0.039980,0.146511
nyt_20130321_women_senate,E40,E47,0,0.988068,0.000097,0.002401,0.009434
nyt_20130321_women_senate,E40,E48,0,0.989393,0.000081,0.002148,0.008378
nyt_20130321_women_senate,E41,E43,1,0.125551,0.470436,0.085727,0.318287
nyt_20130321_women_senate,E41,E47,0,0.904714,0.002995,0.019055,0.073236
nyt_20130321_women_senate,E41,E48,0,0.926220,0.001943,0.015208,0.056630
nyt_20130321_women_senate,E42,E43,0,0.620741,0.074249,0.068189,0.236821
nyt_20130321_women_senate,E42,E47,0,0.977944,0.000278,0.004670,0.017108
nyt_20130321_women_senate,E42,E48,0,0.981810,0.000206,0.003873,0.014111
nyt_20130321_women_senate,E43,E49,0,0.811872,0.017885,0.035972,0.134272
nyt_20130321_women_senate,E43,E50,0,0.977627,0.000323,0.004650,0.017400
nyt_20130321_women_senate,E43,E53,1,0.036304,0.782317,0.042250,0.139129
nyt_20130321_women_senate,E47,E49,1,0.015741,0.814054,0.037039,0.133166
nyt_20130321_women_senate,E47,E50,0,0.339383,0.262139,0.086287,0.312191
nyt_20130321_women_senate,E47,E53,1,0.000047,0.992995,0.001640,0.005317
nyt_20130321_women_senate,E48,E49,1,0.021070,0.764715,0.046181,0.168034
nyt_20130321_women_senate,E48,E50,0,0.378019,0.204838,0.089527,0.327617
nyt_20130321_women_senate,E48,E53,1,0.000080,0.990030,0.002301,0.007590
bbc_20130322_1150,E1,E2,0,0.958437,0.002663,0.011859,0.027041
bbc_20130322_1150,E6,E7,1,0.003725,0.885820,0.023611,0.086844
bbc_20130322_1150,E8,E10,1,0.020458,0.827069,0.042315,0.110158
bbc_20130322_1150,E8,E11,0,0.326811,0.285312,0.108056,0.279821
bbc_20130322_1150,E10,E11,0,0.642033,0.094902,0.074855,0.188209
bbc_20130322_1150,E14,E15,1,0.043148,0.709550,0.052395,0.194907
bbc_20130322_1150,E14,E17,1,0.198713,0.395494,0.085374,0.320418
bbc_20130322_1150,E15,E17,0,0.445786,0.160882,0.083085,0.310246
bbc_20130322_1150,E19,E20,1,0.044720,0.709838,0.059223,0.186220
bbc_20130322_1150,E19,E21,1,0.063040,0.613607,0.070460,0.252893
bbc_20130322_1150,E20,E21,0,0.730291,0.039464,0.049615,0.180631
bbc_20130322_1150,E23,E24,0,0.892776,0.007380,0.028594,0.071250
bbc_20130322_1150,E29,E30,0,0.994280,0.000046,0.001348,0.004326
bbc_20130322_1150,E53,E35,0,0.998148,0.000007,0.000400,0.001445
bbc_20130322_1150,E39,E40,0,0.948162,0.001485,0.012445,0.037909
bbc_20130322_1150,E41,E42,1,0.000082,0.989678,0.002420,0.007819
bbc_20130322_1150,E41,E43,1,0.031069,0.779446,0.049843,0.139641
bbc_20130322_1150,E42,E43,0,0.988472,0.000148,0.002844,0.008536
bbc_20130322_1150,E1,E3,0,0.997828,0.000012,0.000539,0.001622
bbc_20130322_1150,E2,E3,0,0.976329,0.000760,0.006406,0.016505
bbc_20130322_1150,E3,E4,1,0.000667,0.968904,0.008306,0.022122
bbc_20130322_1150,E4,E6,0,0.999429,0.000001,0.000098,0.000472
bbc_20130322_1150,E4,E7,0,0.986576,0.000137,0.002943,0.010345
bbc_20130322_1150,E6,E8,1,0.000103,0.987986,0.002756,0.009154
bbc_20130322_1150,E6,E10,1,0.000022,0.995399,0.001041,0.003538
bbc_20130322_1150,E6,E11,1,0.000143,0.986004,0.003345,0.010508
bbc_20130322_1150,E7,E8,1,0.039037,0.728284,0.059886,0.172793
bbc_20130322_1150,E7,E10,1,0.004041,0.919793,0.020566,0.055599
bbc_20130322_1150,E7,E11,1,0.052128,0.678183,0.072870,0.196819
bbc_20130322_1150,E8,E12,0,0.766233,0.032161,0.051947,0.149659
bbc_20130322_1150,E10,E12,0,0.954396,0.001855,0.011470,0.032279
bbc_20130322_1150,E11,E12,0,0.744075,0.044683,0.057938,0.153303
bbc_20130322_1150,E12,E14,0,0.974679,0.000458,0.006028,0.018835
bbc_20130322_1150,E12,E15,0,0.902471,0.005291,0.022735,0.069502
bbc_20130322_1150,E12,E17,0,0.973962,0.000463,0.006260,0.019314
bbc_20130322_1150,E18,E19,0,0.897767,0.004119,0.023525,0.074589
bbc_20130322_1150,E18,E20,0,0.409247,0.199801,0.103247,0.287704
bbc_20130322_1150,E18,E21,0,0.791801,0.026908,0.047230,0.134061
bbc_20130322_1150,E19,E23,0,0.970474,0.000496,0.006369,0.022662
bbc_20130322_1150,E19,E24,0,0.675477,0.062526,0.069591,0.192405
bbc_20130322_1150,E20,E23,0,0.975281,0.000355,0.005275,0.019089
bbc_20130322_1150,E20,E24,0,0.689424,0.055498,0.067429,0.187650
bbc_20130322_1150,E21,E23,0,0.929671,0.002687,0.014149,0.053492
bbc_20130322_1150,E21,E24,0,0.392480,0.234263,0.096504,0.276753
bbc_20130322_1150,E28,E29,1,0.000018,0.995311,0.000965,0.003706
bbc_20130322_1150,E28,E30,1,0.055788,0.645566,0.058631,0.240015
bbc_20130322_1150,E29,E34,0,0.999401,0.000001,0.000112,0.000486
bbc_20130322_1150,E30,E34,0,0.983806,0.000193,0.003236,0.012764
bbc_20130322_1150,E34,E53,1,0.000620,0.961167,0.007845,0.030368
bbc_20130322_1150,E34,E35,0,0.966329,0.000955,0.006947,0.025768
bbc_20130322_1150,E53,E36,0,0.988672,0.000111,0.002493,0.008724
bbc_20130322_1150,E35,E36,1,0.029103,0.727642,0.051759,0.191497
bbc_20130322_1150,E36,E39,1,0.000260,0.978692,0.004939,0.016110
bbc_20130322_1150,E36,E40,1,0.029080,0.705231,0.062727,0.202962
bbc_20130322_1150,E39,E41,0,0.995683,0.000022,0.000897,0.003398
bbc_20130322_1150,E39,E42,1,0.027911,0.786270,0.047136,0.138683
bbc_20130322_1150,E39,E43,0,0.950062,0.002096,0.011803,0.036040
bbc_20130322_1150,E40,E41,0,0.974792,0.000384,0.005604,0.019220
bbc_20130322_1150,E40,E42,1,0.001206,0.950583,0.011900,0.036312
bbc_20130322_1150,E40,E43,0,0.583088,0.106312,0.076107,0.234493
bbc_20130322_1150,E41,E44,0,0.561222,0.156435,0.085461,0.196883
bbc_20130322_1150,E42,E44,0,0.998158,0.000008,0.000434,0.001400
bbc_20130322_1150,E43,E44,0,0.841473,0.024402,0.036241,0.097883
bbc_20130322_332,E1,E2,0,0.490578,0.161014,0.088180,0.260228
bbc_20130322_332,E1,E3,1,0.242729,0.332800,0.101213,0.323257
bbc_20130322_332,E1,E4,1,0.000011,0.996923,0.000673,0.002393
bbc_20130322_332,E2,E3,1,0.114902,0.498876,0.094442,0.291779
bbc_20130322_332,E2,E4,1,0.000009,0.997222,0.000605,0.002163
bbc_20130322_332,E3,E4,1,0.000012,0.996825,0.000709,0.002453
bbc_20130322_332,E12,E13,1,0.030982,0.666756,0.063532,0.238729
bbc_20130322_332,E17,E18,1,0.064346,0.514840,0.090263,0.330551
bbc_20130322_332,E22,E23,0,0.995415,0.000023,0.000939,0.003623
bbc_20130322_332,E27,E28,0,0.503981,0.133459,0.090671,0.271890
bbc_20130322_332,E27,E29,0,0.992795,0.000070,0.001767,0.005368
bbc_20130322_332,E28,E29,0,0.987874,0.000167,0.003069,0.008890
bbc_20130322_332,E31,E33,1,0.144360,0.533326,0.095995,0.226319
bbc_20130322_332,E31,E34,0,0.723083,0.059181,0.066646,0.151090
bbc_20130322_332,E31,E35,0,0.755193,0.049369,0.060484,0.134954
bbc_20130322_332,E33,E34,0,0.868286,0.015367,0.034952,0.081394
bbc_20130322_332,E33,E35,0,0.837638,0.021333,0.040920,0.100109
bbc_20130322_332,E34,E35,0,0.792940,0.038919,0.049074,0.119067
bbc_20130322_332,E37,E38,0,0.746526,0.018910,0.048074,0.186491
bbc_20130322_332,E37,E40,0,0.817918,0.010929,0.035799,0.135353
bbc_20130322_332,E38,E40,0,0.631775,0.057502,0.068115,0.242609
bbc_20130322_332,E1,E5,0,0.652785,0.046432,0.061149,0.239634
bbc_20130322_332,E2,E5,0,0.497497,0.093380,0.086791,0.322332
bbc_20130322_332,E3,E5,0,0.834318,0.010797,0.032435,0.122449
bbc_20130322_332,E4,E5,0,0.996383,0.000016,0.000729,0.002871
bbc_20130322_332,E5,E9,1,0.000275,0.973829,0.005329,0.020566
bbc_20130322_332,E9,E11,1,0.026790,0.738162,0.052645,0.182402
bbc_20130322_332,E11,E12,0,0.988087,0.000131,0.002769,0.009013
bbc_20130322_332,E11,E13,0,0.965091,0.000634,0.007864,0.026412
bbc_20130322_332,E12,E17,1,0.002817,0.893458,0.021560,0.082165
bbc_20130322_332,E12,E18,1,0.000948,0.943920,0.011421,0.043712
bbc_20130322_332,E13,E17,1,0.016792,0.726795,0.053139,0.203274
bbc_20130322_332,E13,E18,1,0.007700,0.821336,0.035916,0.135048
bbc_20130322_332,E17,E19,0,0.864509,0.004834,0.026489,0.104168
bbc_20130322_332,E18,E19,0,0.870511,0.004744,0.026081,0.098663
bbc_20130322_332,E19,E22,1,0.000831,0.954246,0.010168,0.034755
bbc_20130322_332,E19,E23,0,0.732745,0.023195,0.056501,0.187559
bbc_20130322_332,E22,E24,1,0.114626,0.543732,0.076388,0.265255
bbc_20130322_332,E23,E24,1,0.000023,0.994347,0.001132,0.004498
bbc_20130322_332,E27,E30,0,0.966938,0.000727,0.008252,0.024083
bbc_20130322_332,E28,E30,0,0.950517,0.001447,0.012606,0.035430
bbc_20130322_332,E29,E30,1,0.201011,0.383825,0.101507,0.313657
bbc_20130322_332,E30,E31,0,0.590008,0.063669,0.081524,0.264798
bbc_20130322_332,E30,E33,0,0.639686,0.069673,0.079266,0.211375
bbc_20130322_332,E30,E34,0,0.789320,0.029024,0.050261,0.131395
bbc_20130322_332,E30,E35,0,0.707406,0.052066,0.063672,0.176857
bbc_20130322_332,E31,E36,1,0.065726,0.696667,0.067377,0.170230
bbc_20130322_332,E33,E36,0,0.788723,0.037658,0.049861,0.123758
bbc_20130322_332,E34,E36,0,0.781043,0.045734,0.049804,0.123419
bbc_20130322_332,E35,E36,0,0.827967,0.031320,0.039205,0.101508
bbc_20130322_332,E36,E37,0,0.966423,0.000599,0.007318,0.025660
bbc_20130322_332,E36,E38,0,0.997860,0.000006,0.000401,0.001733
bbc_20130322_332,E36,E40,0,0.990524,0.000082,0.002082,0.007312
bbc_20130322_1600,E2,E5,0,0.731188,0.035320,0.058589,0.174903
bbc_20130322_1600,E6,E7,1,0.027436,0.816814,0.046518,0.109232
bbc_20130322_1600,E6,E8,0,0.993858,0.000063,0.001570,0.004510
bbc_20130322_1600,E6,E9,0,0.982688,0.000561,0.004846,0.011905
bbc_20130322_1600,E7,E8,0,0.998611,0.000005,0.000321,0.001063
bbc_20130322_1600,E7,E9,0,0.993214,0.000098,0.001811,0.004878
bbc_20130322_1600,E8,E9,1,0.047357,0.766850,0.043734,0.142059
bbc_20130322_1600,E10,E11,0,0.737242,0.055702,0.056717,0.150340
bbc_20130322_1600,E10,E12,0,0.940093,0.003728,0.014832,0.041347
bbc_20130322_1600,E11,E12,0,0.930398,0.005052,0.017702,0.046848
bbc_20130322_1600,E16,E20,1,0.122559,0.500079,0.092791,0.284572
bbc_20130322_1600,E21,E22,0,0.865707,0.012926,0.027742,0.093625
bbc_20130322_1600,E2,E6,0,0.770702,0.036143,0.051003,0.142151
bbc_20130322_1600,E2,E7,1,0.146516,0.561211,0.083348,0.208925
bbc_20130322_1600,E2,E8,0,0.994330,0.000048,0.001368,0.004254
bbc_20130322_1600,E2,E9,0,0.974826,0.000864,0.006621,0.017689
bbc_20130322_1600,E5,E6,0,0.812979,0.028606,0.040764,0.117651
bbc_20130322_1600,E5,E7,1,0.215439,0.495926,0.083238,0.205396
bbc_20130322_1600,E5,E8,0,0.996250,0.000026,0.000895,0.002829
bbc_20130322_1600,E5,E9,0,0.980177,0.000652,0.005140,0.014032
bbc_20130322_1600,E6,E10,1,0.004425,0.922869,0.019399,0.053307
bbc_20130322_1600,E6,E11,1,0.059331,0.716128,0.060620,0.163922
bbc_20130322_1600,E6,E12,0,0.595702,0.120120,0.075579,0.208599
bbc_20130322_1600,E7,E10,0,0.608438,0.141950,0.072303,0.177309
bbc_20130322_1600,E7,E11,0,0.913147,0.009510,0.022249,0.055094
bbc_20130322_1600,E7,E12,0,0.990571,0.000152,0.002540,0.006737
bbc_20130322_1600,E8,E10,1,0.000036,0.994004,0.001389,0.004570
bbc_20130322_1600,E8,E11,1,0.000208,0.983064,0.004003,0.012725
bbc_20130322_1600,E8,E12,1,0.006532,0.909587,0.019839,0.064042
bbc_20130322_1600,E9,E10,1,0.000392,0.978565,0.005146,0.015896
bbc_20130322_1600,E9,E11,1,0.010493,0.888593,0.024163,0.076751
bbc_20130322_1600,E9,E12,1,0.229956,0.461469,0.072983,0.235592
bbc_20130322_1600,E10,E13,0,0.990567,0.000156,0.002580,0.006698
bbc_20130322_1600,E11,E13,0,0.981477,0.000579,0.005296,0.012647
bbc_20130322_1600,E12,E13,0,0.948473,0.004221,0.013623,0.033682
bbc_20130322_1600,E13,E30,1,0.032635,0.708809,0.065140,0.193416
bbc_20130322_1600,E30,E14,0,0.836538,0.014072,0.040769,0.108621
bbc_20130322_1600,E14,E16,0,0.714693,0.032833,0.055376,0.197097
bbc_20130322_1600,E14,E20,3,0.288391,0.246486,0.128615,0.336509
bbc_20130322_1600,E16,E21,0,0.375789,0.215932,0.092592,0.315687
bbc_20130322_1600,E16,E22,0,0.820324,0.020417,0.035189,0.124070
bbc_20130322_1600,E20,E21,0,0.870919,0.011252,0.032139,0.085690
bbc_20130322_1600,E20,E22,0,0.973066,0.000600,0.006824,0.019509
bbc_20130322_1600,E21,E25,0,0.984814,0.000188,0.003391,0.011607
bbc_20130322_1600,E22,E25,0,0.968954,0.000727,0.006318,0.024001
WSJ_20130322_804,E1,E2002,0,0.962277,0.000634,0.007885,0.029204
WSJ_20130322_804,E11,E13,0,0.889987,0.003230,0.019547,0.087237
WSJ_20130322_804,E11,E14,1,0.080873,0.568314,0.075669,0.275144
WSJ_20130322_804,E13,E14,1,0.018580,0.754422,0.045004,0.181993
WSJ_20130322_804,E22,E23,3,0.189672,0.267924,0.103978,0.438426
WSJ_20130322_804,E25,E26,0,0.915363,0.003467,0.021993,0.059178
WSJ_20130322_804,E25,E30,0,0.988497,0.000105,0.002498,0.008900
WSJ_20130322_804,E26,E30,0,0.974998,0.000315,0.005188,0.019499
WSJ_20130322_804,E9,E11,3,0.250952,0.283615,0.094601,0.370832
WSJ_20130322_804,E9,E13,0,0.950761,0.000735,0.008377,0.040127
WSJ_20130322_804,E9,E14,1,0.203678,0.363537,0.088243,0.344542
WSJ_20130322_804,E11,E16,1,0.105907,0.437348,0.092463,0.364281
WSJ_20130322_804,E13,E16,1,0.027975,0.646153,0.060538,0.265334
WSJ_20130322_804,E14,E16,1,0.109723,0.465612,0.085878,0.338786
WSJ_20130322_804,E16,E17,0,0.978888,0.000223,0.004209,0.016680
WSJ_20130322_804,E17,E18,1,0.000401,0.971392,0.006588,0.021618
WSJ_20130322_804,E21,E22,0,0.816329,0.010489,0.036637,0.136546
WSJ_20130322_804,E21,E23,0,0.838460,0.006891,0.030713,0.123935
WSJ_20130322_804,E22,E25,3,0.329511,0.157599,0.110892,0.401997
WSJ_20130322_804,E22,E26,0,0.720454,0.025189,0.055245,0.199112
WSJ_20130322_804,E22,E30,0,0.972629,0.000360,0.005693,0.021318
WSJ_20130322_804,E23,E25,0,0.573307,0.046332,0.074706,0.305656
WSJ_20130322_804,E23,E26,0,0.870331,0.004842,0.024670,0.100157
WSJ_20130322_804,E23,E30,0,0.985163,0.000112,0.002770,0.011955
WSJ_20130322_804,E25,E33,0,0.947610,0.001067,0.011329,0.039994
WSJ_20130322_804,E26,E33,0,0.938654,0.001251,0.012232,0.047863
WSJ_20130322_804,E30,E33,3,0.203573,0.255712,0.103423,0.437292
WSJ_20130322_804,E33,E35,0,0.461495,0.116488,0.092677,0.329340
WSJ_20130318_731,E1,E2,1,0.053083,0.679632,0.076342,0.190944
WSJ_20130318_731,E1,E3,3,0.245093,0.301961,0.125965,0.326981
WSJ_20130318_731,E2,E3,0,0.572975,0.127993,0.085896,0.213136
WSJ_20130318_731,E11,E12,1,0.000502,0.969634,0.007313,0.022551
WSJ_20130318_731,E11,E13,1,0.179466,0.363330,0.101050,0.356154
WSJ_20130318_731,E12,E13,0,0.949017,0.001227,0.011082,0.038674
WSJ_20130318_731,E20,E21,0,0.996028,0.000019,0.000825,0.003127
WSJ_20130318_731,E20,E22,0,0.986753,0.000139,0.002914,0.010194
WSJ_20130318_731,E21,E22,0,0.636744,0.044777,0.066012,0.252466
WSJ_20130318_731,E9,E10,1,0.000511,0.972171,0.007274,0.020043
WSJ_20130318_731,E10,E11,0,0.998757,0.000003,0.000227,0.001014
WSJ_20130318_731,E10,E12,0,0.979925,0.000311,0.004461,0.015304
WSJ_20130318_731,E10,E13,0,0.997798,0.000007,0.000431,0.001765
WSJ_20130318_731,E11,E14,0,0.522231,0.094115,0.093331,0.290323
WSJ_20130318_731,E12,E14,0,0.927909,0.002394,0.016376,0.053321
WSJ_20130318_731,E13,E14,1,0.146479,0.442052,0.105884,0.305585
CNN_20130322_1003,E1,E2,1,0.000168,0.986906,0.003495,0.009432
CNN_20130322_1003,E1,E3,0,0.749156,0.062547,0.052562,0.135735
CNN_20130322_1003,E1,E5,0,0.975636,0.000521,0.005542,0.018301
CNN_20130322_1003,E2,E3,0,0.986066,0.000289,0.003831,0.009815
CNN_20130322_1003,E2,E5,0,0.996481,0.000019,0.000776,0.002724
CNN_20130322_1003,E3,E5,0,0.772961,0.033539,0.042449,0.151051
CNN_20130322_1003,E6,E7,1,0.017904,0.897928,0.025758,0.058410
CNN_20130322_1003,E9,E10,0,0.601690,0.150013,0.054625,0.193672
CNN_20130322_1003,E9,E11,1,0.000050,0.993617,0.001628,0.004704
CNN_20130322_1003,E9,E1000,1,0.000098,0.990778,0.002424,0.006700
CNN_20130322_1003,E10,E11,1,0.000121,0.990159,0.002540,0.007180
CNN_20130322_1003,E10,E1000,1,0.000263,0.985099,0.003919,0.010719
CNN_20130322_1003,E11,E1000,0,0.527325,0.202016,0.085261,0.185398
CNN_20130322_1003,E12,E13,1,0.285968,0.362035,0.104197,0.247799
CNN_20130322_1003,E12,E14,1,0.000456,0.976324,0.006493,0.016727
CNN_20130322_1003,E12,E15,1,0.000440,0.974746,0.006575,0.018239
CNN_20130322_1003,E13,E14,1,0.000780,0.972228,0.007252,0.019740
CNN_20130322_1003,E13,E15,1,0.001964,0.950618,0.012195,0.035222
CNN_20130322_1003,E14,E15,1,0.139235,0.612554,0.062033,0.186179
CNN_20130322_1003,E17,E19,1,0.037861,0.729475,0.060293,0.172371
CNN_20130322_1003,E17,E20,0,0.982220,0.000242,0.004096,0.013441
CNN_20130322_1003,E19,E20,0,0.996624,0.000017,0.000734,0.002624
CNN_20130322_1003,E23,E27,1,0.113372,0.574560,0.072626,0.239442
CNN_20130322_1003,E30,E31,1,0.002541,0.935866,0.014859,0.046734
CNN_20130322_1003,E30,E32,1,0.000062,0.992207,0.001928,0.005804
CNN_20130322_1003,E30,E33,1,0.000040,0.994179,0.001457,0.004323
CNN_20130322_1003,E31,E32,1,0.000146,0.986389,0.003253,0.010212
CNN_20130322_1003,E31,E33,1,0.000063,0.992534,0.001856,0.005547
CNN_20130322_1003,E32,E33,1,0.020117,0.867728,0.030059,0.082096
CNN_20130322_1003,E34,E36,1,0.000384,0.978065,0.005112,0.016439
CNN_20130322_1003,E40,E41,1,0.000124,0.988674,0.002911,0.008290
CNN_20130322_1003,E40,E42,1,0.000063,0.992705,0.001888,0.005344
CNN_20130322_1003,E41,E42,1,0.005599,0.932478,0.016591,0.045332
CNN_20130322_1003,E43,E44,0,0.786829,0.030464,0.042183,0.140524
CNN_20130322_1003,E45,E47,0,0.725202,0.029747,0.061771,0.183280
CNN_20130322_1003,E55,E57,0,0.961245,0.001251,0.008600,0.028904
CNN_20130322_1003,E1,E6,0,0.862933,0.025976,0.031580,0.079511
CNN_20130322_1003,E1,E7,1,0.338258,0.388228,0.080689,0.192824
CNN_20130322_1003,E2,E6,0,0.992883,0.000102,0.001964,0.005051
CNN_20130322_1003,E2,E7,0,0.972223,0.001533,0.007953,0.018291
CNN_20130322_1003,E3,E6,1,0.346960,0.364302,0.078646,0.210092
CNN_20130322_1003,E3,E7,1,0.040168,0.813961,0.041448,0.104423
CNN_20130322_1003,E5,E6,1,0.013202,0.913413,0.019558,0.053827
CNN_20130322_1003,E5,E7,1,0.000809,0.980187,0.005204,0.013801
CNN_20130322_1003,E6,E9,0,0.998725,0.000005,0.000292,0.000979
CNN_20130322_1003,E6,E10,0,0.998587,0.000005,0.000319,0.001088
CNN_20130322_1003,E6,E11,0,0.675171,0.119791,0.062613,0.142425
CNN_20130322_1003,E6,E1000,0,0.780395,0.059650,0.049333,0.110622
CNN_20130322_1003,E7,E9,0,0.998882,0.000004,0.000257,0.000857
CNN_20130322_1003,E7,E10,0,0.998804,0.000004,0.000271,0.000921
CNN_20130322_1003,E7,E11,0,0.801894,0.050932,0.046244,0.100929
CNN_20130322_1003,E7,E1000,0,0.848843,0.030315,0.038187,0.082655
CNN_20130322_1003,E9,E12,1,0.017279,0.881414,0.028455,0.072852
CNN_20130322_1003,E9,E13,1,0.004255,0.934142,0.015498,0.046104
CNN_20130322_1003,E9,E14,1,0.000011,0.997158,0.000646,0.002186
CNN_20130322_1003,E9,E15,1,0.000020,0.995687,0.000961,0.003333
CNN_20130322_1003,E10,E12,1,0.081091,0.723311,0.053579,0.142019
CNN_20130322_1003,E10,E13,1,0.020373,0.852076,0.031183,0.096368
CNN_20130322_1003,E10,E14,1,0.000023,0.995565,0.001018,0.003394
CNN_20130322_1003,E10,E15,1,0.000045,0.992830,0.001585,0.005540
CNN_20130322_1003,E11,E12,0,0.974724,0.001029,0.007557,0.016690
CNN_20130322_1003,E11,E13,0,0.945151,0.003725,0.015103,0.036020
CNN_20130322_1003,E11,E14,1,0.088798,0.695164,0.061912,0.154125
CNN_20130322_1003,E11,E15,1,0.174184,0.529063,0.081219,0.215533
CNN_20130322_1003,E1000,E12,0,0.982251,0.000547,0.005350,0.011852
CNN_20130322_1003,E1000,E13,0,0.967357,0.001478,0.009477,0.021687
CNN_20130322_1003,E1000,E14,1,0.185055,0.551047,0.078365,0.185533
CNN_20130322_1003,E1000,E15,1,0.317717,0.367274,0.089780,0.225229
CNN_20130322_1003,E12,E17,1,0.002876,0.927986,0.019960,0.049178
CNN_20130322_1003,E12,E19,1,0.001080,0.957384,0.011280,0.030255
CNN_20130322_1003,E12,E20,0,0.858286,0.012596,0.033199,0.095919
CNN_20130322_1003,E13,E17,1,0.005769,0.913537,0.022067,0.058627
CNN_20130322_1003,E13,E19,1,0.002002,0.950822,0.012088,0.035088
CNN_20130322_1003,E13,E20,0,0.942010,0.003267,0.013162,0.041562
CNN_20130322_1003,E14,E17,0,0.538900,0.180716,0.074967,0.205417
CNN_20130322_1003,E14,E19,0,0.355341,0.340714,0.076075,0.227869
CNN_20130322_1003,E14,E20,0,0.997040,0.000015,0.000661,0.002284
CNN_20130322_1003,E15,E17,1,0.304066,0.373795,0.083712,0.238427
CNN_20130322_1003,E15,E19,1,0.164880,0.554340,0.068318,0.212462
CNN_20130322_1003,E15,E20,0,0.995484,0.000029,0.001009,0.003478
CNN_20130322_1003,E17,E21,0,0.673630,0.067153,0.069967,0.189250
CNN_20130322_1003,E19,E21,0,0.983218,0.000401,0.004340,0.012041
CNN_20130322_1003,E20,E21,1,0.014726,0.872951,0.028014,0.084309
CNN_20130322_1003,E21,E23,0,0.788577,0.036230,0.045496,0.129697
CNN_20130322_1003,E21,E27,0,0.677552,0.079938,0.059316,0.183194
CNN_20130322_1003,E30,E34,0,0.767661,0.025262,0.050330,0.156748
CNN_20130322_1003,E30,E36,1,0.010407,0.879050,0.028419,0.082123
CNN_20130322_1003,E31,E34,0,0.937766,0.002723,0.012842,0.046669
CNN_20130322_1003,E31,E36,1,0.126846,0.592172,0.064676,0.216306
CNN_20130322_1003,E32,E34,0,0.993859,0.000042,0.001337,0.004761
CNN_20130322_1003,E32,E36,0,0.892208,0.011597,0.023551,0.072644
CNN_20130322_1003,E33,E34,0,0.996822,0.000015,0.000676,0.002487
CNN_20130322_1003,E33,E36,0,0.955625,0.002515,0.010339,0.031521
CNN_20130322_1003,E34,E38,3,0.262418,0.285838,0.095828,0.355916
CNN_20130322_1003,E36,E38,0,0.931255,0.002646,0.014276,0.051823
CNN_20130322_1003,E38,E40,0,0.785205,0.035660,0.047700,0.131435
CNN_20130322_1003,E38,E41,1,0.002785,0.935328,0.016289,0.045598
CNN_20130322_1003,E38,E42,1,0.000817,0.968052,0.008612,0.022518
CNN_20130322_1003,E40,E43,0,0.813156,0.037162,0.040283,0.109400
CNN_20130322_1003,E40,E44,0,0.907363,0.008967,0.020532,0.063137
CNN_20130322_1003,E41,E43,0,0.987297,0.000256,0.003169,0.009278
CNN_20130322_1003,E41,E44,0,0.993826,0.000054,0.001417,0.004703
CNN_20130322_1003,E42,E43,0,0.994277,0.000061,0.001481,0.004182
CNN_20130322_1003,E42,E44,0,0.996673,0.000020,0.000780,0.002526
CNN_20130322_1003,E43,E45,0,0.597822,0.058978,0.080419,0.262782
CNN_20130322_1003,E43,E47,0,0.715198,0.030081,0.061226,0.193494
CNN_20130322_1003,E44,E45,1,0.068506,0.599605,0.072239,0.259650
CNN_20130322_1003,E44,E47,1,0.188514,0.401744,0.091612,0.318129
CNN_20130322_1003,E45,E48,0,0.920884,0.002909,0.019077,0.057130
CNN_20130322_1003,E47,E48,0,0.713271,0.037231,0.060932,0.188566
CNN_20130322_1003,E48,E50,0,0.631810,0.073498,0.071639,0.223053
CNN_20130322_1003,E50,E51,1,0.001190,0.948557,0.011115,0.039138
CNN_20130322_1003,E51,E52,0,0.877695,0.004766,0.024901,0.092639
CNN_20130322_1003,E52,E53,0,0.988384,0.000086,0.002298,0.009231
CNN_20130322_1003,E53,E55,1,0.056341,0.634044,0.077194,0.232421
