WSJ_20130322_159,E5,E6,1,0.017012,0.850953,0.035122,0.096913
WSJ_20130322_159,E5,E10,0,0.828278,0.014897,0.035955,0.120870
WSJ_20130322_159,E5,E11,0,0.946275,0.002015,0.012062,0.039649
WSJ_20130322_159,E6,E10,0,0.845109,0.010821,0.033386,0.110684
WSJ_20130322_159,E6,E11,0,0.962600,0.000857,0.008586,0.027957
WSJ_20130322_159,E10,E11,0,0.582445,0.080008,0.075564,0.261983
WSJ_20130322_159,E12,E14,3,0.295473,0.214472,0.090491,0.399565
WSJ_20130322_159,E18,E19,0,0.786548,0.020469,0.040068,0.152915
WSJ_20130322_159,E20,E22,1,0.000018,0.995469,0.000969,0.003543
WSJ_20130322_159,E29,E31,0,0.850833,0.010005,0.026076,0.113086
WSJ_20130322_159,E29,E34,1,0.076117,0.608662,0.063118,0.252102
WSJ_20130322_159,E29,E37,0,0.963855,0.000634,0.006521,0.028990
WSJ_20130322_159,E31,E34,1,0.006722,0.864391,0.026229,0.102658
WSJ_20130322_159,E31,E37,0,0.850140,0.008416,0.026315,0.115130
WSJ_20130322_159,E34,E37,0,0.991532,0.000055,0.001648,0.006764
WSJ_20130322_159,E38,E39,1,0.002848,0.913219,0.018526,0.065407
WSJ_20130322_159,E38,E40,1,0.079366,0.492846,0.088041,0.339747
WSJ_20130322_159,E39,E40,0,0.431171,0.132246,0.088354,0.348229
WSJ_20130322_159,E42,E44,1,0.000024,0.994190,0.001140,0.004646
WSJ_20130322_159,E46,E47,1,0.000176,0.984360,0.003750,0.011715
WSJ_20130322_159,E46,E49,1,0.055898,0.653099,0.058995,0.232008
WSJ_20130322_159,E47,E49,0,0.531778,0.103499,0.068403,0.296320
WSJ_20130322_159,E1,E5,3,0.262442,0.288158,0.097598,0.351802
WSJ_20130322_159,E1,E6,1,0.008151,0.850030,0.034235,0.107585
WSJ_20130322_159,E1,E10,3,0.335530,0.177891,0.103920,0.382659
WSJ_20130322_159,E1,E11,0,0.644440,0.047676,0.065560,0.242325
WSJ_20130322_159,E5,E12,0,0.981286,0.000222,0.003933,0.014559
WSJ_20130322_159,E5,E14,0,0.646709,0.049196,0.058558,0.245537
WSJ_20130322_159,E6,E12,0,0.985252,0.000139,0.003022,0.011587
WSJ_20130322_159,E6,E14,0,0.830826,0.009430,0.031295,0.128449
WSJ_20130322_159,E10,E12,0,0.660299,0.039425,0.059275,0.241000
WSJ_20130322_159,E10,E14,1,0.049944,0.569270,0.070730,0.310056
WSJ_20130322_159,E11,E12,0,0.521141,0.082273,0.076606,0.319981
WSJ_20130322_159,E11,E14,1,0.023150,0.684269,0.053184,0.239397
WSJ_20130322_159,E12,E18,0,0.981130,0.000137,0.003261,0.015471
WSJ_20130322_159,E12,E19,0,0.891416,0.005032,0.020899,0.082653
WSJ_20130322_159,E14,E18,0,0.991156,0.000039,0.001468,0.007336
WSJ_20130322_159,E14,E19,0,0.964487,0.000585,0.006792,0.028136
WSJ_20130322_159,E18,E20,1,0.005135,0.851083,0.028781,0.115000
WSJ_20130322_159,E18,E22,1,0.000003,0.998298,0.000335,0.001364
WSJ_20130322_159,E19,E20,1,0.002072,0.906621,0.017739,0.073568
WSJ_20130322_159,E19,E22,1,0.000002,0.998764,0.000237,0.000997
WSJ_20130322_159,E20,E26,1,0.139428,0.525599,0.078978,0.255995
WSJ_20130322_159,E22,E26,0,0.994172,0.000059,0.001491,0.004278
WSJ_20130322_159,E26,E29,0,0.942864,0.002398,0.012066,0.042672
WSJ_20130322_159,E26,E31,0,0.986232,0.000141,0.002948,0.010680
WSJ_20130322_159,E26,E34,0,0.763508,0.035016,0.046566,0.154910
WSJ_20130322_159,E26,E37,0,0.989831,0.000086,0.002134,0.007949
WSJ_20130322_159,E29,E38,0,0.587181,0.070458,0.062455,0.279906
WSJ_20130322_159,E29,E39,1,0.002390,0.925109,0.014462,0.058040
WSJ_20130322_159,E29,E40,1,0.034269,0.657659,0.056430,0.251642
WSJ_20130322_159,E31,E38,3,0.177475,0.339782,0.089912,0.392831
WSJ_20130322_159,E31,E39,1,0.000312,0.971798,0.005634,0.022256
WSJ_20130322_159,E31,E40,1,0.004168,0.860024,0.025396,0.110412
WSJ_20130322_159,E34,E38,0,0.884199,0.005756,0.021524,0.088521
WSJ_20130322_159,E34,E39,1,0.035642,0.735850,0.048715,0.179794
WSJ_20130322_159,E34,E40,3,0.273619,0.242841,0.094697,0.388842
WSJ_20130322_159,E37,E38,1,0.127612,0.448528,0.079123,0.344736
WSJ_20130322_159,E37,E39,1,0.000178,0.980570,0.003900,0.015351
WSJ_20130322_159,E37,E40,1,0.002201,0.904848,0.017468,0.075483
WSJ_20130322_159,E38,E42,0,0.958660,0.000582,0.007331,0.033427
WSJ_20130322_159,E38,E44,1,0.003757,0.908221,0.019186,0.068835
WSJ_20130322_159,E39,E42,0,0.991812,0.000041,0.001439,0.006709
WSJ_20130322_159,E39,E44,1,0.087212,0.599725,0.064488,0.248575
WSJ_20130322_159,E40,E42,0,0.985409,0.000097,0.002543,0.011951
WSJ_20130322_159,E40,E44,1,0.020545,0.769665,0.041626,0.168164
WSJ_20130322_159,E42,E46,0,0.603466,0.038598,0.062223,0.295713
WSJ_20130322_159,E42,E47,1,0.013375,0.788608,0.036658,0.161359
WSJ_20130322_159,E42,E49,1,0.014028,0.791253,0.036079,0.158640
WSJ_20130322_159,E44,E46,0,0.991062,0.000038,0.001447,0.007453
WSJ_20130322_159,E44,E47,0,0.879106,0.005109,0.020447,0.095338
WSJ_20130322_159,E44,E49,0,0.965276,0.000538,0.006038,0.028149
WSJ_20130322_159,E46,E55,0,0.701898,0.037111,0.053885,0.207106
WSJ_20130322_159,E47,E55,0,0.970752,0.000435,0.005610,0.023203
WSJ_20130322_159,E49,E55,0,0.942917,0.001833,0.010317,0.044932
nyt_20130322_strange_computer,E8,E11,0,0.998927,0.000002,0.000211,0.000859
nyt_20130322_strange_computer,E14,E16,1,0.000534,0.963694,0.007803,0.027968
nyt_20130322_strange_computer,E19,E22,0,0.711573,0.033247,0.055035,0.200145
nyt_20130322_strange_computer,E19,E23,1,0.031322,0.756032,0.050949,0.161697
nyt_20130322_strange_computer,E22,E23,1,0.040514,0.729042,0.059968,0.170475
nyt_20130322_strange_computer,E6,E8,1,0.041027,0.735654,0.056790,0.166529
nyt_20130322_strange_computer,E6,E11,0,0.996785,0.000013,0.000640,0.002562
nyt_20130322_strange_computer,E8,E14,0,0.998185,0.000005,0.000345,0.001465
nyt_20130322_strange_computer,E8,E16,0,0.941948,0.002903,0.014195,0.040953
nyt_20130322_strange_computer,E11,E14,0,0.704045,0.029297,0.053972,0.212686
nyt_20130322_strange_computer,E11,E16,1,0.000433,0.969669,0.006692,0.023206
nyt_20130322_strange_computer,E14,E19,0,0.410660,0.192465,0.098675,0.298200
nyt_20130322_strange_computer,E14,E22,3,0.152488,0.372294,0.099221,0.375997
nyt_20130322_strange_computer,E14,E23,1,0.001304,0.947999,0.012750,0.037946
nyt_20130322_strange_computer,E16,E19,0,0.978949,0.000309,0.004766,0.015976
nyt_20130322_strange_computer,E16,E22,0,0.980563,0.000241,0.004209,0.014988
nyt_20130322_strange_computer,E16,E23,0,0.814736,0.021906,0.040833,0.122525
nyt_20130322_strange_computer,E19,E24,0,0.928620,0.002631,0.014423,0.054326
nyt_20130322_strange_computer,E22,E24,0,0.918691,0.003316,0.017722,0.060271
nyt_20130322_strange_computer,E23,E24,0,0.982843,0.000228,0.003910,0.013019
CNN_20130321_821,E4,E5,0,0.633281,0.050955,0.068820,0.246945
CNN_20130321_821,E5,E8,0,0.862623,0.006407,0.027531,0.103440
CNN_20130321_821,E8,E1000,0,0.885144,0.003735,0.024427,0.086695
CNN_20130321_821,E1002,E20,0,0.880418,0.004566,0.027547,0.087469
nyt_20130321_cyprus,E2,E5,1,0.016752,0.817156,0.043799,0.122294
nyt_20130321_cyprus,E7,E2009,1,0.004042,0.862921,0.024978,0.108059
nyt_20130321_cyprus,E13,E15,3,0.223201,0.265013,0.110582,0.401204
nyt_20130321_cyprus,E22,E23,3,0.170806,0.365896,0.081028,0.382270
nyt_20130321_cyprus,E22,E24,1,0.000009,0.996773,0.000616,0.002602
nyt_20130321_cyprus,E23,E24,1,0.000139,0.983389,0.003355,0.013117
nyt_20130321_cyprus,E33,E35,0,0.323849,0.269889,0.097854,0.308408
nyt_20130321_cyprus,E41,E42,1,0.004579,0.871865,0.025449,0.098107
nyt_20130321_cyprus,E46,E47,0,0.885882,0.009015,0.025781,0.079322
nyt_20130321_cyprus,E48,E51,0,0.958953,0.000941,0.009700,0.030406
nyt_20130321_cyprus,E2,E7,0,0.904730,0.003521,0.021474,0.070275
nyt_20130321_cyprus,E2,E2009,0,0.745350,0.021529,0.053617,0.179504
nyt_20130321_cyprus,E5,E7,0,0.975040,0.000360,0.005433,0.019167
nyt_20130321_cyprus,E5,E2009,0,0.920015,0.002508,0.016833,0.060645
nyt_20130321_cyprus,E7,E9,1,0.000049,0.991517,0.001779,0.006654
nyt_20130321_cyprus,E2009,E9,1,0.007356,0.864578,0.031186,0.096880
nyt_20130321_cyprus,E10,E13,0,0.976852,0.000444,0.005849,0.016854
nyt_20130321_cyprus,E10,E15,0,0.968631,0.000576,0.007127,0.023666
nyt_20130321_cyprus,E13,E21,0,0.818073,0.015139,0.038435,0.128352
nyt_20130321_cyprus,E15,E21,0,0.968825,0.000590,0.006809,0.023777
nyt_20130321_cyprus,E21,E22,0,0.946913,0.001476,0.010078,0.041533
nyt_20130321_cyprus,E21,E23,0,0.699254,0.035393,0.049607,0.215746
nyt_20130321_cyprus,E21,E24,1,0.000052,0.991275,0.001814,0.006859
nyt_20130321_cyprus,E22,E25,1,0.000237,0.975524,0.004781,0.019458
nyt_20130321_cyprus,E23,E25,1,0.013039,0.802723,0.037214,0.147024
nyt_20130321_cyprus,E24,E25,0,0.965794,0.000737,0.008049,0.025420
nyt_20130321_cyprus,E33,E36,0,0.550238,0.057624,0.077108,0.315030
nyt_20130321_cyprus,E35,E36,0,0.564183,0.065067,0.070221,0.300529
nyt_20130321_cyprus,E36,E41,0,0.906256,0.002504,0.017707,0.073533
nyt_20130321_cyprus,E36,E42,1,0.044322,0.638902,0.066732,0.250044
nyt_20130321_cyprus,E46,E48,1,0.220923,0.411102,0.101609,0.266365
nyt_20130321_cyprus,E46,E51,0,0.983628,0.000218,0.003759,0.012395
nyt_20130321_cyprus,E47,E48,1,0.001755,0.943755,0.014439,0.040051
nyt_20130321_cyprus,E47,E51,0,0.634639,0.072058,0.066375,0.226929
nyt_20130321_cyprus,E48,E57,1,0.003338,0.922706,0.019170,0.054786
nyt_20130321_cyprus,E51,E57,1,0.000009,0.997099,0.000604,0.002289
bbc_20130322_1353,E1,E5,1,0.000081,0.988847,0.002432,0.008640
bbc_20130322_1353,E8,E10,1,0.000038,0.993628,0.001469,0.004865
bbc_20130322_1353,E15,E16,1,0.005486,0.898449,0.022167,0.073898
bbc_20130322_1353,E19,E20,1,0.001614,0.958453,0.010732,0.029201
bbc_20130322_1353,E19,E21,1,0.027518,0.806047,0.045677,0.120759
bbc_20130322_1353,E20,E21,0,0.485521,0.247418,0.080757,0.186303
bbc_20130322_1353,E23,E25,1,0.034850,0.756713,0.050373,0.158064
bbc_20130322_1353,E23,E26,1,0.000644,0.966169,0.008231,0.024957
bbc_20130322_1353,E23,E27,1,0.000017,0.996029,0.000892,0.003062
bbc_20130322_1353,E25,E26,1,0.000112,0.988218,0.002773,0.008897
bbc_20130322_1353,E25,E27,1,0.000004,0.998338,0.000350,0.001308
bbc_20130322_1353,E26,E27,1,0.000098,0.989310,0.002595,0.007997
bbc_20130322_1353,E28,E29,1,0.000186,0.983930,0.003867,0.012016
bbc_20130322_1353,E28,E31,1,0.000131,0.987317,0.003086,0.009465
bbc_20130322_1353,E29,E31,1,0.056685,0.742434,0.049063,0.151818
bbc_20130322_1353,E33,E34,0,0.963494,0.000976,0.008496,0.027034
bbc_20130322_1353,E35,E36,1,0.265789,0.341221,0.099147,0.293844
bbc_20130322_1353,E35,E37,1,0.000518,0.973335,0.007060,0.019087
bbc_20130322_1353,E36,E37,1,0.000366,0.974606,0.005856,0.019172
bbc_20130322_1353,E1,E8,0,0.620066,0.038029,0.061955,0.279951
bbc_20130322_1353,E1,E10,1,0.000175,0.984016,0.003803,0.012006
bbc_20130322_1353,E5,E8,0,0.995442,0.000021,0.000899,0.003639
bbc_20130322_1353,E5,E10,1,0.271702,0.433400,0.084267,0.210631
bbc_20130322_1353,E8,E11,0,0.733190,0.032095,0.048245,0.186470
bbc_20130322_1353,E10,E11,0,0.994197,0.000037,0.001242,0.004524
bbc_20130322_1353,E11,E13,3,0.185657,0.308077,0.100382,0.405884
bbc_20130322_1353,E13,E15,0,0.887742,0.008156,0.024314,0.079788
bbc_20130322_1353,E13,E16,1,0.209586,0.424567,0.087959,0.277888
bbc_20130322_1353,E15,E17,1,0.003100,0.893147,0.022154,0.081598
bbc_20130322_1353,E16,E17,1,0.072371,0.560123,0.075239,0.292267
bbc_20130322_1353,E17,E19,1,0.094260,0.620294,0.067228,0.218218
bbc_20130322_1353,E17,E20,1,0.000117,0.988275,0.002849,0.008759
bbc_20130322_1353,E17,E21,1,0.001356,0.954408,0.011148,0.033088
bbc_20130322_1353,E19,E23,0,0.942552,0.001748,0.012848,0.042852
bbc_20130322_1353,E19,E25,0,0.871485,0.010220,0.027876,0.090418
bbc_20130322_1353,E19,E26,1,0.138428,0.510168,0.085890,0.265513
bbc_20130322_1353,E19,E27,1,0.000340,0.976353,0.005624,0.017684
bbc_20130322_1353,E20,E23,0,0.989258,0.000136,0.002652,0.007954
bbc_20130322_1353,E20,E25,0,0.982029,0.000443,0.004538,0.012990
bbc_20130322_1353,E20,E26,0,0.771465,0.050769,0.047763,0.130003
bbc_20130322_1353,E20,E27,1,0.009610,0.906476,0.022971,0.060944
bbc_20130322_1353,E21,E23,0,0.955229,0.001922,0.011265,0.031583
bbc_20130322_1353,E21,E25,0,0.913279,0.008337,0.020966,0.057419
bbc_20130322_1353,E21,E26,1,0.290071,0.388026,0.089360,0.232543
bbc_20130322_1353,E21,E27,1,0.000580,0.976208,0.006457,0.016755
bbc_20130322_1353,E23,E28,1,0.158217,0.495478,0.082232,0.264073
bbc_20130322_1353,E23,E29,1,0.010796,0.885336,0.026623,0.077244
bbc_20130322_1353,E23,E31,1,0.007928,0.905630,0.021983,0.064460
bbc_20130322_1353,E25,E28,1,0.071130,0.687123,0.054879,0.186868
bbc_20130322_1353,E25,E29,1,0.001682,0.959750,0.009518,0.029049
bbc_20130322_1353,E25,E31,1,0.001728,0.960865,0.009026,0.028381
bbc_20130322_1353,E26,E28,0,0.766048,0.038140,0.045399,0.150413
bbc_20130322_1353,E26,E29,1,0.166076,0.533287,0.075599,0.225038
bbc_20130322_1353,E26,E31,1,0.185966,0.517277,0.073117,0.223641
bbc_20130322_1353,E27,E28,0,0.992906,0.000065,0.001670,0.005358
bbc_20130322_1353,E27,E29,0,0.962391,0.002013,0.009397,0.026199
bbc_20130322_1353,E27,E31,0,0.966547,0.001767,0.008187,0.023499
bbc_20130322_1353,E28,E33,1,0.047634,0.704590,0.059584,0.188193
bbc_20130322_1353,E28,E34,0,0.760843,0.032297,0.043573,0.163286
bbc_20130322_1353,E29,E33,0,0.935046,0.003873,0.015095,0.045987
bbc_20130322_1353,E29,E34,0,0.993825,0.000044,0.001355,0.004777
bbc_20130322_1353,E31,E33,0,0.968563,0.001249,0.007559,0.022629
bbc_20130322_1353,E31,E34,0,0.995554,0.000027,0.000978,0.003441
bbc_20130322_1353,E33,E35,0,0.987296,0.000106,0.002575,0.010023
bbc_20130322_1353,E33,E36,0,0.973141,0.000465,0.006199,0.020196
bbc_20130322_1353,E33,E37,1,0.148294,0.496203,0.093838,0.261665
bbc_20130322_1353,E34,E35,0,0.956590,0.000710,0.008225,0.034475
bbc_20130322_1353,E34,E36,0,0.953460,0.001134,0.009343,0.036063
bbc_20130322_1353,E34,E37,1,0.063527,0.657913,0.065044,0.213517
nyt_20130321_women_senate,E1000009,E2,0,0.845679,0.016929,0.032624,0.104768
nyt_20130321_women_senate,E4,E5,1,0.000643,0.965866,0.008326,0.025165
nyt_20130321_women_senate,E4,E6,0,0.506120,0.158580,0.082518,0.252782
nyt_20130321_women_senate,E5,E6,0,0.978670,0.000417,0.005460,0.015453
nyt_20130321_women_senate,E9,E10,0,0.996615,0.000015,0.000685,0.002685
nyt_20130321_women_senate,E11,E12,0,0.748940,0.044916,0.052834,0.153310
nyt_20130321_women_senate,E14,E15,1,0.021099,0.804960,0.044671,0.129270
nyt_20130321_women_senate,E16,E17,1,0.056455,0.675367,0.056946,0.211232
nyt_20130321_women_senate,E19,E20,1,0.000248,0.981810,0.004575,0.013367
nyt_20130321_women_senate,E19,E21,1,0.019715,0.799100,0.045496,0.135689
nyt_20130321_women_senate,E20,E21,0,0.877684,0.010627,0.027304,0.084384
nyt_20130321_women_senate,E23,E24,0,0.896044,0.005313,0.022555,0.076087
nyt_20130321_women_senate,E26,E27,0,0.925537,0.003926,0.017879,0.052658
nyt_20130321_women_senate,E26,E1000014,0,0.847985,0.016157,0.036394,0.099463
nyt_20130321_women_senate,E27,E1000014,1,0.131107,0.498198,0.091871,0.278824
nyt_20130321_women_senate,E37,E1000015,3,0.248858,0.220557,0.095734,0.434851
nyt_20130321_women_senate,E40,E41,0,0.974931,0.000384,0.005502,0.019183
nyt_20130321_women_senate,E40,E42,0,0.633280,0.062515,0.068053,0.236153
nyt_20130321_women_senate,E41,E42,1,0.051702,0.612366,0.074462,0.261470
nyt_20130321_women_senate,E43,E47,0,0.991535,0.000052,0.001624,0.006789
nyt_20130321_women_senate,E43,E48,0,0.992468,0.000043,0.001453,0.006036
nyt_20130321_women_senate,E47,E48,0,0.847706,0.009596,0.029930,0.112768
nyt_20130321_women_senate,E49,E50,0,0.886350,0.008137,0.024961,0.080552
nyt_20130321_women_senate,E49,E53,1,0.007678,0.900050,0.022972,0.069301
nyt_20130321_women_senate,E50,E53,1,0.000225,0.982723,0.004061,0.012991
nyt_20130321_women_senate,E1000009,E4,0,0.735838,0.048855,0.052624,0.162684
nyt_20130321_women_senate,E1000009,E5,1,0.000580,0.968413,0.007769,0.023237
nyt_20130321_women_senate,E1000009,E6,0,0.584797,0.113438,0.074081,0.227684
nyt_20130321_women_senate,E2,E4,0,0.779573,0.032499,0.043530,0.144398
nyt_20130321_women_senate,E2,E5,1,0.000681,0.962838,0.008683,0.027798
nyt_20130321_women_senate,E2,E6,0,0.523121,0.138294,0.078702,0.259882
nyt_20130321_women_senate,E4,E7,0,0.971313,0.000648,0.006412,0.021626
nyt_20130321_women_senate,E5,E7,0,0.997084,0.000014,0.000631,0.002271
nyt_20130321_women_senate,E6,E7,0,0.975897,0.000495,0.005481,0.018126
nyt_20130321_women_senate,E7,E8,1,0.000145,0.985336,0.003329,0.011190
nyt_20130321_women_senate,E8,E9,0,0.988569,0.000145,0.002791,0.008496
nyt_20130321_women_senate,E8,E10,0,0.999548,0.000001,0.000083,0.000368
nyt_20130321_women_senate,E11,E1000012,0,0.843519,0.016365,0.032662,0.107455
nyt_20130321_women_senate,E12,E1000012,0,0.314150,0.284177,0.087799,0.313873
nyt_20130321_women_senate,E14,E16,0,0.942485,0.003062,0.013061,0.041391
nyt_20130321_women_senate,E14,E17,0,0.817848,0.023357,0.036997,0.121798
nyt_20130321_women_senate,E15,E16,0,0.965379,0.001003,0.008130,0.025489
nyt_20130321_women_senate,E15,E17,0,0.887885,0.008084,0.024403,0.079628
nyt_20130321_women_senate,E16,E19,1,0.055280,0.675915,0.060631,0.208174
nyt_20130321_women_senate,E16,E20,1,0.000085,0.988882,0.002427,0.008606
nyt_20130321_women_senate,E16,E21,1,0.002909,0.916837,0.017604,0.062650
nyt_20130321_women_senate,E17,E19,0,0.534031,0.123223,0.079886,0.262861
nyt_20130321_women_senate,E17,E20,1,0.001710,0.944810,0.012377,0.041104
nyt_20130321_women_senate,E17,E21,1,0.093339,0.564001,0.077671,0.264988
nyt_20130321_women_senate,E19,E22,0,0.376602,0.226240,0.096707,0.300451
nyt_20130321_women_senate,E20,E22,0,0.981987,0.000267,0.004151,0.013595
nyt_20130321_women_senate,E21,E22,0,0.797404,0.020084,0.041466,0.141046
nyt_20130321_women_senate,E22,E23,0,0.740651,0.025623,0.046966,0.186760
nyt_20130321_women_senate,E22,E24,0,0.988366,0.000104,0.002418,0.009111
nyt_20130321_women_senate,E23,E25,0,0.946041,0.001085,0.011137,0.041737
nyt_20130321_women_senate,E24,E25,0,0.738075,0.021030,0.045878,0.195016
nyt_20130321_women_senate,E25,E26,1,0.000651,0.962656,0.008596,0.028097
nyt_20130321_women_senate,E25,E27,1,0.034804,0.690866,0.061968,0.212362
nyt_20130321_women_senate,E25,E1000014,1,0.013494,0.794007,0.046291,0.146208
nyt_20130321_women_senate,E26,E29,0,0.743401,0.032758,0.055772,0.168069
nyt_20130321_women_senate,E27,E29,1,0.046634,0.642747,0.071998,0.238620
nyt_20130321_women_senate,E1000014,E29,1,0.085110,0.528899,0.093204,0.292787
nyt_20130321_women_senate,E29,E36,0,0.988425,0.000099,0.002403,0.009073
nyt_20130321_women_senate,E36,E37,0,0.818133,0.010639,0.030868,0.140360
nyt_20130321_women_senate,E36,E1000015,0,0.656223,0.036923,0.054449,0.252406
nyt_20130321_women_senate,E37,E40,1,0.000114,0.985084,0.003034,0.011768
nyt_20130321_women_senate,E37,E41,1,0.066352,0.572179,0.072736,0.288733
nyt_20130321_women_senate,E37,E42,1,0.000922,0.944879,0.010875,0.043324
nyt_20130321_women_senate,E1000015,E40,1,0.001034,0.948020,0.010351,0.040595
nyt_20130321_women_senate,E1000015,E41,0,0.501163,0.106493,0.076816,0.315529
nyt_20130321_women_senate,E1000015,E42,1,0.010111,0.810979,0.035365,0.143546
nyt_20130321_women_senate,E40,E43,0,0.782214,0.025731,0.041172,0.150882
nyt_20130321_women_senate,E40,E47,0,0.987030,0.000110,0.002614,0.010245
nyt_20130321_women_senate,E40,E48,0,0.990052,0.000073,0.002013,0.007862
nyt_20130321_women_senate,E41,E43,1,0.125617,0.470453,0.085721,0.318209
nyt_20130321_women_senate,E41,E47,0,0.902675,0.003122,0.019412,0.074790
nyt_20130321_women_senate,E41,E48,0,0.928072,0.001861,0.014844,0.055223
nyt_20130321_women_senate,E42,E43,0,0.620328,0.074385,0.068252,0.237035
nyt_20130321_women_senate,E42,E47,0,0.978010,0.000276,0.004656,0.017058
nyt_20130321_women_senate,E42,E48,0,0.981612,0.000210,0.003916,0.014262
nyt_20130321_women_senate,E43,E49,0,0.814924,0.017378,0.035443,0.132256
nyt_20130321_women_senate,E43,E50,0,0.977193,0.000334,0.004739,0.017734
nyt_20130321_women_senate,E43,E53,1,0.037629,0.778893,0.042736,0.140741
nyt_20130321_women_senate,E47,E49,1,0.015748,0.814024,0.037045,0.133183
nyt_20130321_women_senate,E47,E50,0,0.339437,0.262092,0.086286,0.312185
nyt_20130321_women_senate,E47,E53,1,0.000047,0.992994,0.001641,0.005318
nyt_20130321_women_senate,E48,E49,1,0.021071,0.764714,0.046181,0.168035
nyt_20130321_women_senate,E48,E50,0,0.378006,0.204843,0.089527,0.327623
nyt_20130321_women_senate,E48,E53,1,0.000080,0.990030,0.002301,0.007590
bbc_20130322_1150,E1,E2,0,0.959504,0.002540,0.011558,0.026398
bbc_20130322_1150,E6,E7,1,0.005020,0.866925,0.027323,0.100732
bbc_20130322_1150,E8,E10,1,0.006266,0.905303,0.024626,0.063806
bbc_20130322_1150,E8,E11,1,0.256104,0.345928,0.111271,0.286698
bbc_20130322_1150,E10,E11,0,0.649760,0.091358,0.073624,0.185258
bbc_20130322_1150,E14,E15,1,0.040717,0.717728,0.051477,0.190077
bbc_20130322_1150,E14,E17,1,0.245781,0.340515,0.087391,0.326313
bbc_20130322_1150,E15,E17,0,0.452820,0.156483,0.082617,0.308079
bbc_20130322_1150,E19,E20,1,0.013584,0.839280,0.036103,0.111033
bbc_20130322_1150,E19,E21,1,0.189214,0.414558,0.087188,0.309040
bbc_20130322_1150,E20,E21,0,0.712885,0.046431,0.052601,0.188082
bbc_20130322_1150,E23,E24,0,0.535281,0.111675,0.097325,0.255719
bbc_20130322_1150,E29,E30,0,0.994294,0.000046,0.001344,0.004316
bbc_20130322_1150,E53,E35,0,0.998137,0.000007,0.000402,0.001454
bbc_20130322_1150,E39,E40,0,0.951634,0.001417,0.011464,0.035485
bbc_20130322_1150,E41,E42,1,0.000027,0.994746,0.001198,0.004029
bbc_20130322_1150,E41,E43,1,0.022830,0.788093,0.051529,0.137547
bbc_20130322_1150,E42,E43,0,0.990497,0.000109,0.002331,0.007063
bbc_20130322_1150,E1,E3,0,0.997824,0.000012,0.000539,0.001625
bbc_20130322_1150,E2,E3,0,0.976515,0.000747,0.006357,0.016381
bbc_20130322_1150,E3,E4,1,0.000516,0.973188,0.007140,0.019156
bbc_20130322_1150,E4,E6,0,0.999418,0.000001,0.000100,0.000481
bbc_20130322_1150,E4,E7,0,0.986564,0.000137,0.002942,0.010357
bbc_20130322_1150,E6,E8,1,0.000091,0.988823,0.002550,0.008537
bbc_20130322_1150,E6,E10,1,0.000022,0.995352,0.001053,0.003572
bbc_20130322_1150,E6,E11,1,0.000151,0.985447,0.003476,0.010925
bbc_20130322_1150,E7,E8,1,0.038920,0.728565,0.059841,0.172674
bbc_20130322_1150,E7,E10,1,0.004094,0.919321,0.020679,0.055905
bbc_20130322_1150,E7,E11,1,0.052256,0.677864,0.072922,0.196958
bbc_20130322_1150,E8,E12,0,0.871680,0.009461,0.030371,0.088488
bbc_20130322_1150,E10,E12,0,0.954592,0.001839,0.011418,0.032151
bbc_20130322_1150,E11,E12,0,0.750903,0.042526,0.056663,0.149908
bbc_20130322_1150,E12,E14,0,0.945139,0.001591,0.012937,0.040333
bbc_20130322_1150,E12,E15,0,0.926196,0.003028,0.016779,0.053997
bbc_20130322_1150,E12,E17,0,0.945163,0.001428,0.012871,0.040539
bbc_20130322_1150,E18,E19,0,0.863696,0.008364,0.031021,0.096919
bbc_20130322_1150,E18,E20,1,0.244867,0.343682,0.104003,0.307448
bbc_20130322_1150,E18,E21,0,0.862314,0.010941,0.031934,0.094810
bbc_20130322_1150,E19,E23,0,0.973934,0.000411,0.005749,0.019907
bbc_20130322_1150,E19,E24,0,0.468732,0.165946,0.098036,0.267286
bbc_20130322_1150,E20,E23,0,0.972340,0.000426,0.005863,0.021370
bbc_20130322_1150,E20,E24,0,0.746207,0.037749,0.057349,0.158694
bbc_20130322_1150,E21,E23,0,0.929904,0.002675,0.014092,0.053329
bbc_20130322_1150,E21,E24,0,0.395124,0.233050,0.096115,0.275711
bbc_20130322_1150,E28,E29,1,0.000019,0.995283,0.000971,0.003727
bbc_20130322_1150,E28,E30,1,0.053608,0.651986,0.057804,0.236603
bbc_20130322_1150,E29,E34,0,0.999395,0.000001,0.000113,0.000490
bbc_20130322_1150,E30,E34,0,0.983738,0.000195,0.003250,0.012818
bbc_20130322_1150,E34,E53,1,0.000601,0.961765,0.007725,0.029909
bbc_20130322_1150,E34,E35,0,0.966170,0.000964,0.006979,0.025887
bbc_20130322_1150,E53,E36,0,0.988846,0.000108,0.002455,0.008590
bbc_20130322_1150,E35,E36,1,0.029108,0.727536,0.051774,0.191581
bbc_20130322_1150,E36,E39,1,0.000652,0.962675,0.008646,0.028027
bbc_20130322_1150,E36,E40,1,0.006478,0.845266,0.032720,0.115535
bbc_20130322_1150,E39,E41,0,0.996559,0.000015,0.000707,0.002718
bbc_20130322_1150,E39,E42,1,0.239193,0.396067,0.092307,0.272433
bbc_20130322_1150,E39,E43,0,0.973404,0.000646,0.006466,0.019484
bbc_20130322_1150,E40,E41,0,0.973952,0.000405,0.005796,0.019847
bbc_20130322_1150,E40,E42,1,0.001112,0.952588,0.011422,0.034878
bbc_20130322_1150,E40,E43,0,0.596514,0.100388,0.074257,0.228841
bbc_20130322_1150,E41,E44,0,0.676236,0.087790,0.068688,0.167285
bbc_20130322_1150,E42,E44,0,0.998032,0.000009,0.000466,0.001493
bbc_20130322_1150,E43,E44,0,0.841592,0.024359,0.036219,0.097830
bbc_20130322_332,E1,E2,0,0.487313,0.140875,0.090024,0.281787
bbc_20130322_332,E1,E3,0,0.372232,0.231187,0.096229,0.300353
bbc_20130322_332,E1,E4,1,0.000007,0.997646,0.000504,0.001843
bbc_20130322_332,E2,E3,1,0.184664,0.385906,0.104428,0.325003
bbc_20130322_332,E2,E4,1,0.000006,0.997693,0.000490,0.001811
bbc_20130322_332,E3,E4,1,0.000013,0.996721,0.000736,0.002530
bbc_20130322_332,E12,E13,1,0.048425,0.599239,0.073386,0.278950
bbc_20130322_332,E17,E18,1,0.065150,0.511787,0.090678,0.332385
bbc_20130322_332,E22,E23,0,0.994680,0.000029,0.001093,0.004198
bbc_20130322_332,E27,E28,0,0.327462,0.273199,0.103000,0.296339
bbc_20130322_332,E27,E29,0,0.992051,0.000082,0.001947,0.005921
bbc_20130322_332,E28,E29,0,0.985104,0.000230,0.003790,0.010877
bbc_20130322_332,E31,E33,1,0.278731,0.347439,0.111504,0.262325
bbc_20130322_332,E31,E34,0,0.430281,0.218908,0.108935,0.241877
bbc_20130322_332,E31,E35,0,0.450419,0.225775,0.094070,0.229736
bbc_20130322_332,E33,E34,0,0.868728,0.015238,0.034841,0.081193
bbc_20130322_332,E33,E35,0,0.833597,0.022325,0.041806,0.102272
bbc_20130322_332,E34,E35,0,0.796026,0.037918,0.048464,0.117592
bbc_20130322_332,E37,E38,0,0.851640,0.006367,0.028355,0.113638
bbc_20130322_332,E37,E40,0,0.825200,0.009794,0.034064,0.130942
bbc_20130322_332,E38,E40,0,0.619779,0.061948,0.069973,0.248301
bbc_20130322_332,E1,E5,0,0.716534,0.031295,0.052782,0.199389
bbc_20130322_332,E2,E5,0,0.435380,0.121993,0.094647,0.347979
bbc_20130322_332,E3,E5,0,0.857892,0.008266,0.028293,0.105549
bbc_20130322_332,E4,E5,0,0.996425,0.000016,0.000721,0.002838
bbc_20130322_332,E5,E9,1,0.000237,0.977831,0.004736,0.017196
bbc_20130322_332,E9,E11,1,0.053826,0.623750,0.077889,0.244535
bbc_20130322_332,E11,E12,0,0.983011,0.000213,0.003871,0.012906
bbc_20130322_332,E11,E13,0,0.981418,0.000250,0.004282,0.014050
bbc_20130322_332,E12,E17,1,0.002184,0.907593,0.018507,0.071715
bbc_20130322_332,E12,E18,1,0.001069,0.938980,0.012233,0.047718
bbc_20130322_332,E13,E17,1,0.023150,0.689371,0.060293,0.227186
bbc_20130322_332,E13,E18,1,0.007646,0.821577,0.035666,0.135112
bbc_20130322_332,E17,E19,0,0.866275,0.004732,0.026171,0.102822
bbc_20130322_332,E18,E19,0,0.870968,0.004713,0.025989,0.098331
bbc_20130322_332,E19,E22,1,0.000849,0.952632,0.010550,0.035969
bbc_20130322_332,E19,E23,0,0.976416,0.000353,0.005291,0.017940
bbc_20130322_332,E22,E24,1,0.016393,0.801932,0.040030,0.141645
bbc_20130322_332,E23,E24,1,0.000023,0.994397,0.001120,0.004460
bbc_20130322_332,E27,E30,0,0.965404,0.000794,0.008686,0.025116
bbc_20130322_332,E28,E30,0,0.951092,0.001446,0.012480,0.034982
bbc_20130322_332,E29,E30,1,0.200305,0.384715,0.101447,0.313533
bbc_20130322_332,E30,E31,0,0.534272,0.082415,0.090354,0.292958
bbc_20130322_332,E30,E33,0,0.512813,0.127623,0.097962,0.261602
bbc_20130322_332,E30,E34,0,0.681206,0.063736,0.070305,0.184753
bbc_20130322_332,E30,E35,0,0.643597,0.077178,0.073956,0.205269
bbc_20130322_332,E31,E36,1,0.134345,0.568648,0.087313,0.209694
bbc_20130322_332,E33,E36,0,0.780327,0.040398,0.051488,0.127787
bbc_20130322_332,E34,E36,0,0.783049,0.045066,0.049425,0.122459
bbc_20130322_332,E35,E36,0,0.829561,0.030807,0.038908,0.100725
bbc_20130322_332,E36,E37,0,0.942493,0.001494,0.012450,0.043563
bbc_20130322_332,E36,E38,0,0.993751,0.000036,0.001271,0.004942
bbc_20130322_332,E36,E40,0,0.996682,0.000015,0.000687,0.002616
bbc_20130322_1600,E2,E5,0,0.465983,0.145114,0.097158,0.291745
bbc_20130322_1600,E6,E7,1,0.011065,0.878750,0.033188,0.076997
bbc_20130322_1600,E6,E8,0,0.994098,0.000055,0.001475,0.004372
bbc_20130322_1600,E6,E9,0,0.960262,0.002364,0.010056,0.027318
bbc_20130322_1600,E7,E8,0,0.998557,0.000005,0.000329,0.001109
bbc_20130322_1600,E7,E9,0,0.993371,0.000095,0.001749,0.004785
bbc_20130322_1600,E8,E9,1,0.047076,0.767395,0.043644,0.141884
bbc_20130322_1600,E10,E11,0,0.691005,0.070028,0.064578,0.174389
bbc_20130322_1600,E10,E12,0,0.940768,0.003363,0.014733,0.041136
bbc_20130322_1600,E11,E12,0,0.931571,0.004860,0.017468,0.046101
bbc_20130322_1600,E16,E20,3,0.269070,0.312539,0.101981,0.316410
bbc_20130322_1600,E21,E22,0,0.887973,0.009553,0.023524,0.078949
bbc_20130322_1600,E2,E6,0,0.578617,0.111068,0.079322,0.230993
bbc_20130322_1600,E2,E7,1,0.226938,0.463392,0.089337,0.220333
bbc_20130322_1600,E2,E8,0,0.993457,0.000059,0.001573,0.004911
bbc_20130322_1600,E2,E9,0,0.963452,0.001614,0.009312,0.025622
bbc_20130322_1600,E5,E6,0,0.817080,0.027466,0.040007,0.115446
bbc_20130322_1600,E5,E7,1,0.221669,0.487957,0.083751,0.206623
bbc_20130322_1600,E5,E8,0,0.996282,0.000025,0.000887,0.002806
bbc_20130322_1600,E5,E9,0,0.980833,0.000612,0.004976,0.013578
bbc_20130322_1600,E6,E10,1,0.001980,0.944507,0.014827,0.038686
bbc_20130322_1600,E6,E11,1,0.054395,0.707837,0.067020,0.170748
bbc_20130322_1600,E6,E12,0,0.639015,0.106145,0.068991,0.185850
bbc_20130322_1600,E7,E10,0,0.460526,0.244674,0.083775,0.211024
bbc_20130322_1600,E7,E11,0,0.833992,0.029611,0.038354,0.098043
bbc_20130322_1600,E7,E12,0,0.989318,0.000197,0.002891,0.007594
bbc_20130322_1600,E8,E10,1,0.000036,0.994012,0.001387,0.004564
bbc_20130322_1600,E8,E11,1,0.000205,0.983195,0.003971,0.012629
bbc_20130322_1600,E8,E12,1,0.006427,0.910238,0.019705,0.063630
bbc_20130322_1600,E9,E10,1,0.000392,0.978570,0.005146,0.015893
bbc_20130322_1600,E9,E11,1,0.010475,0.888670,0.024148,0.076708
bbc_20130322_1600,E9,E12,1,0.232950,0.457890,0.073131,0.236029
bbc_20130322_1600,E10,E13,0,0.990206,0.000164,0.002693,0.006937
bbc_20130322_1600,E11,E13,0,0.981890,0.000552,0.005178,0.012380
bbc_20130322_1600,E12,E13,0,0.948334,0.004254,0.013662,0.033751
bbc_20130322_1600,E13,E30,1,0.032062,0.711781,0.064538,0.191619
bbc_20130322_1600,E30,E14,0,0.835365,0.014289,0.041054,0.109292
bbc_20130322_1600,E14,E16,0,0.885794,0.005859,0.026372,0.081975
bbc_20130322_1600,E14,E20,3,0.264699,0.277924,0.122567,0.334810
bbc_20130322_1600,E16,E21,0,0.605753,0.090743,0.069299,0.234205
bbc_20130322_1600,E16,E22,0,0.607970,0.082848,0.063557,0.245625
bbc_20130322_1600,E20,E21,0,0.870658,0.011293,0.032198,0.085851
bbc_20130322_1600,E20,E22,0,0.973065,0.000600,0.006825,0.019510
bbc_20130322_1600,E21,E25,0,0.986666,0.000150,0.002962,0.010222
bbc_20130322_1600,E22,E25,0,0.967937,0.000772,0.006520,0.024772
WSJ_20130322_804,E1,E2002,0,0.956456,0.000820,0.009020,0.033704
WSJ_20130322_804,E11,E13,0,0.895561,0.002958,0.018576,0.082905
WSJ_20130322_804,E11,E14,1,0.068813,0.598544,0.071872,0.260771
WSJ_20130322_804,E13,E14,1,0.018559,0.754642,0.044965,0.181834
WSJ_20130322_804,E22,E23,3,0.212963,0.243634,0.104317,0.439086
WSJ_20130322_804,E25,E26,0,0.767394,0.016651,0.053302,0.162653
WSJ_20130322_804,E25,E30,0,0.989541,0.000086,0.002244,0.008129
WSJ_20130322_804,E26,E30,0,0.978344,0.000249,0.004470,0.016937
WSJ_20130322_804,E9,E11,3,0.261027,0.274382,0.094522,0.370068
WSJ_20130322_804,E9,E13,0,0.950792,0.000739,0.008405,0.040065
WSJ_20130322_804,E9,E14,3,0.225258,0.341676,0.088811,0.344255
WSJ_20130322_804,E11,E16,1,0.113856,0.423159,0.093468,0.369517
WSJ_20130322_804,E13,E16,1,0.028140,0.645356,0.060668,0.265835
WSJ_20130322_804,E14,E16,1,0.109704,0.465633,0.085876,0.338787
WSJ_20130322_804,E16,E17,0,0.979298,0.000216,0.004123,0.016363
WSJ_20130322_804,E17,E18,1,0.000280,0.977000,0.005238,0.017483
WSJ_20130322_804,E21,E22,0,0.834462,0.008210,0.033320,0.124007
WSJ_20130322_804,E21,E23,0,0.764232,0.013806,0.043397,0.178565
WSJ_20130322_804,E22,E25,3,0.373306,0.128143,0.107515,0.391036
WSJ_20130322_804,E22,E26,0,0.758820,0.017829,0.048385,0.174965
WSJ_20130322_804,E22,E30,0,0.971029,0.000400,0.006072,0.022499
WSJ_20130322_804,E23,E25,0,0.580715,0.044816,0.073565,0.300904
WSJ_20130322_804,E23,E26,0,0.867911,0.004996,0.025111,0.101982
WSJ_20130322_804,E23,E30,0,0.985482,0.000108,0.002710,0.011700
WSJ_20130322_804,E25,E33,0,0.979142,0.000268,0.004548,0.016042
WSJ_20130322_804,E26,E33,0,0.955439,0.000748,0.008954,0.034859
WSJ_20130322_804,E30,E33,3,0.204177,0.254842,0.103429,0.437552
WSJ_20130322_804,E33,E35,0,0.450220,0.122012,0.093844,0.333924
WSJ_20130318_731,E1,E2,1,0.057087,0.683571,0.074327,0.185016
WSJ_20130318_731,E1,E3,1,0.062031,0.628777,0.086264,0.222928
WSJ_20130318_731,E2,E3,0,0.417063,0.225262,0.100856,0.256819
WSJ_20130318_731,E11,E12,1,0.000949,0.951771,0.010969,0.036311
WSJ_20130318_731,E11,E13,1,0.041824,0.655187,0.067941,0.235048
WSJ_20130318_731,E12,E13,0,0.954426,0.001120,0.010164,0.034290
WSJ_20130318_731,E20,E21,0,0.995899,0.000021,0.000855,0.003226
WSJ_20130318_731,E20,E22,0,0.988318,0.000114,0.002561,0.009008
WSJ_20130318_731,E21,E22,0,0.641761,0.043276,0.065335,0.249628
WSJ_20130318_731,E9,E10,1,0.000130,0.987929,0.003064,0.008877
WSJ_20130318_731,E10,E11,0,0.998111,0.000005,0.000352,0.001533
WSJ_20130318_731,E10,E12,0,0.968818,0.000684,0.006813,0.023684
WSJ_20130318_731,E10,E13,0,0.997876,0.000007,0.000415,0.001702
WSJ_20130318_731,E11,E14,1,0.070562,0.575309,0.087695,0.266433
WSJ_20130318_731,E12,E14,0,0.928296,0.002410,0.016754,0.052540
WSJ_20130318_731,E13,E14,1,0.156131,0.428337,0.107207,0.308325
CNN_20130322_1003,E1,E2,1,0.000189,0.985773,0.003784,0.010254
CNN_20130322_1003,E1,E3,0,0.714752,0.079019,0.057173,0.149056
CNN_20130322_1003,E1,E5,0,0.967934,0.000852,0.007325,0.023890
CNN_20130322_1003,E2,E3,0,0.985271,0.000313,0.004058,0.010358
CNN_20130322_1003,E2,E5,0,0.996719,0.000017,0.000722,0.002542
CNN_20130322_1003,E3,E5,0,0.755602,0.038624,0.045079,0.160694
CNN_20130322_1003,E6,E7,1,0.019700,0.892972,0.026793,0.060536
CNN_20130322_1003,E9,E10,0,0.600142,0.151506,0.054744,0.193608
CNN_20130322_1003,E9,E11,1,0.000051,0.993567,0.001642,0.004739
CNN_20130322_1003,E9,E1000,1,0.000096,0.990891,0.002392,0.006621
CNN_20130322_1003,E10,E11,1,0.000122,0.990107,0.002553,0.007217
CNN_20130322_1003,E10,E1000,1,0.000267,0.984993,0.003947,0.010793
CNN_20130322_1003,E11,E1000,0,0.527308,0.202028,0.085262,0.185402
CNN_20130322_1003,E12,E13,1,0.272630,0.374977,0.103873,0.248521
CNN_20130322_1003,E12,E14,1,0.000255,0.982865,0.004583,0.012298
CNN_20130322_1003,E12,E15,1,0.000520,0.972198,0.007263,0.020020
CNN_20130322_1003,E13,E14,1,0.000789,0.972090,0.007303,0.019818
CNN_20130322_1003,E13,E15,1,0.001911,0.951342,0.012014,0.034734
CNN_20130322_1003,E14,E15,1,0.138662,0.613439,0.062029,0.185870
CNN_20130322_1003,E17,E19,1,0.006014,0.898242,0.024820,0.070924
CNN_20130322_1003,E17,E20,0,0.982418,0.000243,0.004106,0.013233
CNN_20130322_1003,E19,E20,0,0.996627,0.000017,0.000734,0.002621
CNN_20130322_1003,E23,E27,1,0.101009,0.609491,0.069702,0.219798
CNN_20130322_1003,E30,E31,1,0.001179,0.949248,0.011630,0.037943
CNN_20130322_1003,E30,E32,1,0.000077,0.990642,0.002267,0.007014
CNN_20130322_1003,E30,E33,1,0.000029,0.995195,0.001181,0.003595
CNN_20130322_1003,E31,E32,1,0.000140,0.987078,0.003131,0.009651
CNN_20130322_1003,E31,E33,1,0.000064,0.992582,0.001843,0.005512
CNN_20130322_1003,E32,E33,1,0.018782,0.871431,0.029491,0.080296
CNN_20130322_1003,E34,E36,1,0.000302,0.979757,0.004684,0.015257
CNN_20130322_1003,E40,E41,1,0.000127,0.988548,0.002950,0.008375
CNN_20130322_1003,E40,E42,1,0.000066,0.992524,0.001933,0.005477
CNN_20130322_1003,E41,E42,1,0.005583,0.932546,0.016580,0.045291
CNN_20130322_1003,E43,E44,0,0.775204,0.035245,0.044109,0.145442
CNN_20130322_1003,E45,E47,0,0.728618,0.028844,0.060400,0.182137
CNN_20130322_1003,E55,E57,0,0.961436,0.001295,0.008429,0.028840
CNN_20130322_1003,E1,E6,0,0.839995,0.034089,0.035740,0.090176
CNN_20130322_1003,E1,E7,1,0.357559,0.372011,0.079913,0.190517
CNN_20130322_1003,E2,E6,0,0.990690,0.000170,0.002595,0.006546
CNN_20130322_1003,E2,E7,0,0.966229,0.002191,0.009578,0.022001
CNN_20130322_1003,E3,E6,1,0.336956,0.373930,0.078620,0.210494
CNN_20130322_1003,E3,E7,1,0.035907,0.824807,0.039582,0.099704
CNN_20130322_1003,E5,E6,1,0.013231,0.913311,0.019579,0.053879
CNN_20130322_1003,E5,E7,1,0.000812,0.980149,0.005214,0.013825
CNN_20130322_1003,E6,E9,0,0.998663,0.000005,0.000306,0.001026
CNN_20130322_1003,E6,E10,0,0.998615,0.000005,0.000312,0.001068
CNN_20130322_1003,E6,E11,0,0.685551,0.113408,0.061409,0.139632
CNN_20130322_1003,E6,E1000,0,0.752059,0.073498,0.053966,0.120478
CNN_20130322_1003,E7,E9,0,0.998867,0.000004,0.000261,0.000868
CNN_20130322_1003,E7,E10,0,0.998788,0.000004,0.000275,0.000933
CNN_20130322_1003,E7,E11,0,0.801263,0.051258,0.046350,0.101129
CNN_20130322_1003,E7,E1000,0,0.856377,0.027692,0.036574,0.079357
CNN_20130322_1003,E9,E12,1,0.018105,0.878533,0.029044,0.074319
CNN_20130322_1003,E9,E13,1,0.004525,0.932160,0.015938,0.047377
CNN_20130322_1003,E9,E14,1,0.000011,0.997195,0.000636,0.002158
CNN_20130322_1003,E9,E15,1,0.000020,0.995689,0.000961,0.003331
CNN_20130322_1003,E10,E12,1,0.080137,0.725094,0.053349,0.141421
CNN_20130322_1003,E10,E13,1,0.021569,0.847590,0.031979,0.098862
CNN_20130322_1003,E10,E14,1,0.000022,0.995602,0.001010,0.003366
CNN_20130322_1003,E10,E15,1,0.000046,0.992781,0.001596,0.005577
CNN_20130322_1003,E11,E12,0,0.974685,0.001032,0.007569,0.016714
CNN_20130322_1003,E11,E13,0,0.945098,0.003731,0.015117,0.036054
CNN_20130322_1003,E11,E14,1,0.088512,0.695694,0.061843,0.153951
CNN_20130322_1003,E11,E15,1,0.173741,0.529682,0.081170,0.215407
CNN_20130322_1003,E1000,E12,0,0.982239,0.000548,0.005354,0.011859
CNN_20130322_1003,E1000,E13,0,0.967350,0.001479,0.009479,0.021692
CNN_20130322_1003,E1000,E14,1,0.185164,0.550900,0.078376,0.185560
CNN_20130322_1003,E1000,E15,1,0.317890,0.367109,0.089778,0.225223
CNN_20130322_1003,E12,E17,1,0.002525,0.932290,0.018751,0.046434
CNN_20130322_1003,E12,E19,1,0.000671,0.967484,0.008472,0.023373
CNN_20130322_1003,E12,E20,0,0.878326,0.009516,0.028389,0.083768
CNN_20130322_1003,E13,E17,1,0.006268,0.909699,0.022965,0.061068
CNN_20130322_1003,E13,E19,1,0.002212,0.948322,0.012674,0.036792
CNN_20130322_1003,E13,E20,0,0.947962,0.002673,0.011882,0.037484
CNN_20130322_1003,E14,E17,0,0.525032,0.190394,0.076034,0.208540
CNN_20130322_1003,E14,E19,0,0.356146,0.339947,0.076080,0.227827
CNN_20130322_1003,E14,E20,0,0.996982,0.000016,0.000675,0.002328
CNN_20130322_1003,E15,E17,1,0.309298,0.368326,0.083795,0.238581
CNN_20130322_1003,E15,E19,1,0.166450,0.552121,0.068480,0.212949
CNN_20130322_1003,E15,E20,0,0.995454,0.000030,0.001015,0.003501
CNN_20130322_1003,E17,E21,0,0.780812,0.032766,0.049451,0.136971
CNN_20130322_1003,E19,E21,0,0.983158,0.000403,0.004355,0.012084
CNN_20130322_1003,E20,E21,1,0.014702,0.873023,0.027998,0.084276
CNN_20130322_1003,E21,E23,0,0.839024,0.021094,0.035731,0.104151
CNN_20130322_1003,E21,E27,0,0.796780,0.034288,0.041382,0.127550
CNN_20130322_1003,E30,E34,0,0.875162,0.009052,0.026991,0.088795
CNN_20130322_1003,E30,E36,1,0.008818,0.883597,0.027451,0.080134
CNN_20130322_1003,E31,E34,0,0.923785,0.003925,0.015477,0.056813
CNN_20130322_1003,E31,E36,1,0.146836,0.561590,0.067521,0.224052
CNN_20130322_1003,E32,E34,0,0.993877,0.000042,0.001328,0.004754
CNN_20130322_1003,E32,E36,0,0.898578,0.010508,0.022353,0.068561
CNN_20130322_1003,E33,E34,0,0.996938,0.000014,0.000650,0.002398
CNN_20130322_1003,E33,E36,0,0.958656,0.002209,0.009677,0.029458
CNN_20130322_1003,E34,E38,3,0.226003,0.326254,0.097511,0.350232
CNN_20130322_1003,E36,E38,0,0.928910,0.002790,0.014731,0.053569
CNN_20130322_1003,E38,E40,0,0.772609,0.039525,0.049973,0.137893
CNN_20130322_1003,E38,E41,1,0.002599,0.937377,0.015806,0.044217
CNN_20130322_1003,E38,E42,1,0.000744,0.969430,0.008249,0.021577
CNN_20130322_1003,E40,E43,0,0.817024,0.035933,0.039572,0.107471
CNN_20130322_1003,E40,E44,0,0.921235,0.006764,0.017659,0.054341
CNN_20130322_1003,E41,E43,0,0.987380,0.000253,0.003149,0.009218
CNN_20130322_1003,E41,E44,0,0.993784,0.000055,0.001427,0.004734
CNN_20130322_1003,E42,E43,0,0.994242,0.000061,0.001490,0.004206
CNN_20130322_1003,E42,E44,0,0.996655,0.000021,0.000785,0.002539
CNN_20130322_1003,E43,E45,0,0.562061,0.071428,0.086120,0.280391
CNN_20130322_1003,E43,E47,0,0.763703,0.021936,0.051775,0.162586
CNN_20130322_1003,E44,E45,1,0.057649,0.623820,0.069256,0.249275
CNN_20130322_1003,E44,E47,1,0.167992,0.427965,0.090223,0.313819
CNN_20130322_1003,E45,E48,0,0.913181,0.003421,0.020883,0.062515
CNN_20130322_1003,E47,E48,0,0.702916,0.039562,0.062879,0.194643
CNN_20130322_1003,E48,E50,0,0.631099,0.071943,0.072525,0.224434
CNN_20130322_1003,E50,E51,1,0.001181,0.949007,0.011030,0.038783
CNN_20130322_1003,E51,E52,0,0.906367,0.003287,0.019929,0.070418
CNN_20130322_1003,E52,E53,0,0.994123,0.000029,0.001130,0.004718
CNN_20130322_1003,E53,E55,1,0.015672,0.807024,0.044005,0.133298
