WSJ_20130322_159,E5,E6,1,0.018866,0.826860,0.040469,0.113806
WSJ_20130322_159,E5,E10,0,0.358755,0.281157,0.093671,0.266417
WSJ_20130322_159,E5,E11,0,0.935781,0.003846,0.014677,0.045696
WSJ_20130322_159,E6,E10,0,0.527979,0.150119,0.082323,0.239579
WSJ_20130322_159,E6,E11,0,0.942073,0.002412,0.011958,0.043557
WSJ_20130322_159,E10,E11,0,0.651632,0.059669,0.062639,0.226061
WSJ_20130322_159,E12,E14,3,0.309944,0.234959,0.093357,0.361740
WSJ_20130322_159,E18,E19,0,0.669653,0.051778,0.060979,0.217590
WSJ_20130322_159,E20,E22,1,0.000116,0.987602,0.002882,0.009400
WSJ_20130322_159,E29,E31,0,0.918456,0.003245,0.014759,0.063540
WSJ_20130322_159,E29,E34,0,0.537642,0.126031,0.074459,0.261869
WSJ_20130322_159,E29,E37,0,0.755150,0.037040,0.043897,0.163913
WSJ_20130322_159,E31,E34,1,0.154674,0.447347,0.089686,0.308293
WSJ_20130322_159,E31,E37,0,0.360266,0.224118,0.089353,0.326263
WSJ_20130322_159,E34,E37,0,0.856519,0.012269,0.028236,0.102976
WSJ_20130322_159,E38,E39,1,0.000479,0.969727,0.006964,0.022831
WSJ_20130322_159,E38,E40,1,0.095667,0.499244,0.085254,0.319835
WSJ_20130322_159,E39,E40,0,0.887940,0.006929,0.023688,0.081444
WSJ_20130322_159,E42,E44,1,0.000261,0.977482,0.004936,0.017321
WSJ_20130322_159,E46,E47,1,0.001031,0.952783,0.010571,0.035614
WSJ_20130322_159,E46,E49,1,0.065496,0.606906,0.067631,0.259968
WSJ_20130322_159,E47,E49,0,0.795083,0.029597,0.037145,0.138175
WSJ_20130322_159,E1,E5,1,0.020679,0.807718,0.040029,0.131574
WSJ_20130322_159,E1,E6,1,0.002158,0.930302,0.015985,0.051555
WSJ_20130322_159,E1,E10,1,0.050855,0.687192,0.066574,0.195379
WSJ_20130322_159,E1,E11,0,0.660860,0.062246,0.058677,0.218217
WSJ_20130322_159,E5,E12,0,0.992633,0.000075,0.001579,0.005713
WSJ_20130322_159,E5,E14,0,0.884811,0.008078,0.023361,0.083750
WSJ_20130322_159,E6,E12,0,0.991143,0.000097,0.001882,0.006879
WSJ_20130322_159,E6,E14,0,0.856350,0.011525,0.028521,0.103604
WSJ_20130322_159,E10,E12,0,0.916587,0.003210,0.016295,0.063908
WSJ_20130322_159,E10,E14,3,0.254854,0.279283,0.102230,0.363633
WSJ_20130322_159,E11,E12,0,0.806042,0.017915,0.038087,0.137957
WSJ_20130322_159,E11,E14,1,0.062799,0.595155,0.073308,0.268737
WSJ_20130322_159,E12,E18,0,0.950792,0.001297,0.009181,0.038730
WSJ_20130322_159,E12,E19,0,0.831075,0.014240,0.032759,0.121926
WSJ_20130322_159,E14,E18,0,0.986189,0.000152,0.002531,0.011128
WSJ_20130322_159,E14,E19,0,0.967761,0.000793,0.006536,0.024910
WSJ_20130322_159,E18,E20,1,0.003384,0.901513,0.021116,0.073987
WSJ_20130322_159,E18,E22,1,0.000020,0.995365,0.000988,0.003627
WSJ_20130322_159,E19,E20,1,0.002339,0.926227,0.015904,0.055531
WSJ_20130322_159,E19,E22,1,0.000006,0.997677,0.000483,0.001834
WSJ_20130322_159,E20,E26,1,0.113827,0.597138,0.069710,0.219325
WSJ_20130322_159,E22,E26,0,0.945100,0.003265,0.012239,0.039396
WSJ_20130322_159,E26,E29,0,0.985436,0.000179,0.002877,0.011508
WSJ_20130322_159,E26,E31,0,0.995685,0.000023,0.000766,0.003525
WSJ_20130322_159,E26,E34,0,0.988492,0.000155,0.002532,0.008821
WSJ_20130322_159,E26,E37,0,0.988845,0.000145,0.002437,0.008573
WSJ_20130322_159,E29,E38,0,0.359015,0.246945,0.086245,0.307795
WSJ_20130322_159,E29,E39,1,0.000212,0.981196,0.004248,0.014345
WSJ_20130322_159,E29,E40,1,0.025075,0.719700,0.052183,0.203042
WSJ_20130322_159,E31,E38,1,0.048726,0.667944,0.063540,0.219790
WSJ_20130322_159,E31,E39,1,0.000065,0.990122,0.002101,0.007712
WSJ_20130322_159,E31,E40,1,0.002685,0.906916,0.019657,0.070742
WSJ_20130322_159,E34,E38,0,0.358177,0.205233,0.088230,0.348360
WSJ_20130322_159,E34,E39,1,0.000284,0.977457,0.005126,0.017132
WSJ_20130322_159,E34,E40,1,0.021126,0.737259,0.052715,0.188899
WSJ_20130322_159,E37,E38,1,0.036035,0.699165,0.053080,0.211720
WSJ_20130322_159,E37,E39,1,0.000048,0.991603,0.001753,0.006596
WSJ_20130322_159,E37,E40,1,0.002117,0.918000,0.016954,0.062930
WSJ_20130322_159,E38,E42,0,0.873983,0.008081,0.025777,0.092159
WSJ_20130322_159,E38,E44,1,0.041117,0.673876,0.058172,0.226835
WSJ_20130322_159,E39,E42,0,0.992168,0.000076,0.001622,0.006134
WSJ_20130322_159,E39,E44,0,0.749268,0.040108,0.046245,0.164380
WSJ_20130322_159,E40,E42,0,0.941448,0.002005,0.012442,0.044105
WSJ_20130322_159,E40,E44,1,0.106190,0.478638,0.083341,0.331831
WSJ_20130322_159,E42,E46,0,0.648389,0.048448,0.059549,0.243613
WSJ_20130322_159,E42,E47,1,0.104596,0.490170,0.080784,0.324451
WSJ_20130322_159,E42,E49,1,0.208911,0.358885,0.083681,0.348523
WSJ_20130322_159,E44,E46,0,0.991865,0.000074,0.001607,0.006454
WSJ_20130322_159,E44,E47,0,0.951656,0.001236,0.008326,0.038781
WSJ_20130322_159,E44,E49,0,0.973692,0.000538,0.005040,0.020729
WSJ_20130322_159,E46,E55,0,0.793820,0.025567,0.036491,0.144122
WSJ_20130322_159,E47,E55,0,0.981681,0.000336,0.003913,0.014070
WSJ_20130322_159,E49,E55,0,0.915384,0.006072,0.015946,0.062597
nyt_20130322_strange_computer,E8,E11,0,0.989723,0.000116,0.002110,0.008051
nyt_20130322_strange_computer,E14,E16,1,0.000285,0.978133,0.005075,0.016507
nyt_20130322_strange_computer,E19,E22,1,0.232205,0.343363,0.090887,0.333545
nyt_20130322_strange_computer,E19,E23,1,0.011210,0.858073,0.030243,0.100474
nyt_20130322_strange_computer,E22,E23,1,0.206240,0.427071,0.087897,0.278792
nyt_20130322_strange_computer,E6,E8,0,0.308498,0.305211,0.089747,0.296545
nyt_20130322_strange_computer,E6,E11,0,0.986116,0.000182,0.002842,0.010860
nyt_20130322_strange_computer,E8,E14,0,0.996689,0.000022,0.000698,0.002592
nyt_20130322_strange_computer,E8,E16,0,0.374252,0.295105,0.089075,0.241567
nyt_20130322_strange_computer,E11,E14,0,0.954275,0.001540,0.010508,0.033677
nyt_20130322_strange_computer,E11,E16,1,0.001350,0.946888,0.012465,0.039298
nyt_20130322_strange_computer,E14,E19,1,0.029756,0.729567,0.054945,0.185732
nyt_20130322_strange_computer,E14,E22,1,0.070815,0.575142,0.082638,0.271404
nyt_20130322_strange_computer,E14,E23,1,0.001388,0.948177,0.012929,0.037506
nyt_20130322_strange_computer,E16,E19,0,0.966110,0.000799,0.006783,0.026308
nyt_20130322_strange_computer,E16,E22,0,0.955492,0.001275,0.009211,0.034022
nyt_20130322_strange_computer,E16,E23,0,0.777043,0.036245,0.042361,0.144351
nyt_20130322_strange_computer,E19,E24,0,0.820093,0.019250,0.034694,0.125964
nyt_20130322_strange_computer,E22,E24,0,0.963398,0.001086,0.008115,0.027400
nyt_20130322_strange_computer,E23,E24,0,0.974991,0.000578,0.005500,0.018931
CNN_20130321_821,E4,E5,0,0.340956,0.261936,0.111890,0.285217
CNN_20130321_821,E5,E8,0,0.565654,0.087789,0.071719,0.274837
CNN_20130321_821,E8,E1000,0,0.596153,0.069866,0.074163,0.259818
CNN_20130321_821,E1002,E20,0,0.906222,0.004014,0.020598,0.069165
nyt_20130321_cyprus,E2,E5,1,0.085031,0.579034,0.081217,0.254717
nyt_20130321_cyprus,E7,E2009,1,0.005362,0.886823,0.025100,0.082715
nyt_20130321_cyprus,E13,E15,3,0.261093,0.274857,0.105014,0.359037
nyt_20130321_cyprus,E22,E23,1,0.107937,0.494251,0.081639,0.316173
nyt_20130321_cyprus,E22,E24,1,0.000043,0.992875,0.001585,0.005497
nyt_20130321_cyprus,E23,E24,1,0.000340,0.976667,0.005551,0.017441
nyt_20130321_cyprus,E33,E35,0,0.402997,0.192710,0.097998,0.306294
nyt_20130321_cyprus,E41,E42,3,0.167287,0.362421,0.100066,0.370226
nyt_20130321_cyprus,E46,E47,0,0.946908,0.002518,0.010559,0.040014
nyt_20130321_cyprus,E48,E51,0,0.984446,0.000242,0.003384,0.011928
nyt_20130321_cyprus,E2,E7,0,0.919944,0.003967,0.019356,0.056734
nyt_20130321_cyprus,E2,E2009,0,0.384609,0.199230,0.098416,0.317746
nyt_20130321_cyprus,E5,E7,0,0.983500,0.000282,0.003728,0.012490
nyt_20130321_cyprus,E5,E2009,0,0.854112,0.013269,0.028741,0.103878
nyt_20130321_cyprus,E7,E9,1,0.000693,0.962199,0.008790,0.028319
nyt_20130321_cyprus,E2009,E9,1,0.095920,0.588618,0.073337,0.242124
nyt_20130321_cyprus,E10,E13,0,0.962802,0.001157,0.008393,0.027648
nyt_20130321_cyprus,E10,E15,0,0.926065,0.002933,0.014799,0.056204
nyt_20130321_cyprus,E13,E21,0,0.809150,0.018547,0.042764,0.129539
nyt_20130321_cyprus,E15,E21,0,0.937836,0.002366,0.013855,0.045943
nyt_20130321_cyprus,E21,E22,0,0.742226,0.027084,0.046604,0.184086
nyt_20130321_cyprus,E21,E23,3,0.289017,0.237151,0.099409,0.374423
nyt_20130321_cyprus,E21,E24,1,0.000106,0.988047,0.002743,0.009104
nyt_20130321_cyprus,E22,E25,1,0.001908,0.933959,0.014994,0.049140
nyt_20130321_cyprus,E23,E25,1,0.090454,0.554220,0.077858,0.277469
nyt_20130321_cyprus,E24,E25,0,0.950568,0.001600,0.011352,0.036479
nyt_20130321_cyprus,E33,E36,0,0.337201,0.241160,0.100534,0.321105
nyt_20130321_cyprus,E35,E36,1,0.165017,0.406956,0.091221,0.336806
nyt_20130321_cyprus,E36,E41,0,0.970868,0.000600,0.005994,0.022538
nyt_20130321_cyprus,E36,E42,3,0.324934,0.227419,0.095638,0.352009
nyt_20130321_cyprus,E46,E48,1,0.089376,0.581166,0.070221,0.259237
nyt_20130321_cyprus,E46,E51,0,0.985055,0.000226,0.003221,0.011498
nyt_20130321_cyprus,E47,E48,1,0.000715,0.963722,0.008765,0.026798
nyt_20130321_cyprus,E47,E51,0,0.711116,0.044448,0.053116,0.191320
nyt_20130321_cyprus,E48,E57,1,0.000895,0.960033,0.009399,0.029674
nyt_20130321_cyprus,E51,E57,1,0.000013,0.996299,0.000773,0.002915
bbc_20130322_1353,E1,E5,1,0.000040,0.993743,0.001470,0.004748
bbc_20130322_1353,E8,E10,1,0.000307,0.977493,0.005254,0.016945
bbc_20130322_1353,E15,E16,1,0.009443,0.849209,0.029631,0.111717
bbc_20130322_1353,E19,E20,1,0.000582,0.977852,0.005856,0.015710
bbc_20130322_1353,E19,E21,1,0.009105,0.902704,0.022958,0.065232
bbc_20130322_1353,E20,E21,1,0.144792,0.591969,0.066236,0.197002
bbc_20130322_1353,E23,E25,1,0.163552,0.435508,0.085057,0.315884
bbc_20130322_1353,E23,E26,1,0.003651,0.909296,0.020989,0.066064
bbc_20130322_1353,E23,E27,1,0.000134,0.986918,0.003111,0.009838
bbc_20130322_1353,E25,E26,1,0.001070,0.956859,0.010018,0.032052
bbc_20130322_1353,E25,E27,1,0.000038,0.993741,0.001436,0.004785
bbc_20130322_1353,E26,E27,1,0.001156,0.961065,0.009653,0.028126
bbc_20130322_1353,E28,E29,1,0.000044,0.993554,0.001539,0.004864
bbc_20130322_1353,E28,E31,1,0.000078,0.990640,0.002222,0.007060
bbc_20130322_1353,E29,E31,0,0.483641,0.228111,0.066925,0.221322
bbc_20130322_1353,E33,E34,0,0.961349,0.000988,0.008448,0.029215
bbc_20130322_1353,E35,E36,0,0.719968,0.043210,0.052764,0.184058
bbc_20130322_1353,E35,E37,1,0.001695,0.935513,0.014832,0.047960
bbc_20130322_1353,E36,E37,1,0.000954,0.952097,0.009791,0.037157
bbc_20130322_1353,E1,E8,0,0.873199,0.009578,0.025455,0.091768
bbc_20130322_1353,E1,E10,1,0.000530,0.972481,0.006641,0.020348
bbc_20130322_1353,E5,E8,0,0.991000,0.000108,0.001988,0.006904
bbc_20130322_1353,E5,E10,0,0.362352,0.283825,0.091360,0.262462
bbc_20130322_1353,E8,E11,0,0.480973,0.099713,0.079879,0.339435
bbc_20130322_1353,E10,E11,0,0.975463,0.000503,0.005372,0.018662
bbc_20130322_1353,E11,E13,0,0.539869,0.108118,0.072222,0.279791
bbc_20130322_1353,E13,E15,0,0.907253,0.005443,0.020158,0.067146
bbc_20130322_1353,E13,E16,0,0.829843,0.016146,0.034925,0.119086
bbc_20130322_1353,E15,E17,1,0.083891,0.544039,0.076058,0.296012
bbc_20130322_1353,E16,E17,0,0.522812,0.098478,0.072396,0.306314
bbc_20130322_1353,E17,E19,1,0.019383,0.831612,0.034848,0.114158
bbc_20130322_1353,E17,E20,1,0.000100,0.988917,0.002605,0.008377
bbc_20130322_1353,E17,E21,1,0.000232,0.982506,0.004290,0.012972
bbc_20130322_1353,E19,E23,0,0.911009,0.007459,0.019651,0.061882
bbc_20130322_1353,E19,E25,0,0.914181,0.005613,0.017881,0.062325
bbc_20130322_1353,E19,E26,0,0.697943,0.065084,0.058424,0.178549
bbc_20130322_1353,E19,E27,1,0.005699,0.919195,0.018996,0.056110
bbc_20130322_1353,E20,E23,0,0.989373,0.000155,0.002464,0.008007
bbc_20130322_1353,E20,E25,0,0.990527,0.000118,0.002091,0.007264
bbc_20130322_1353,E20,E26,0,0.931494,0.003489,0.013833,0.051184
bbc_20130322_1353,E20,E27,1,0.182356,0.519549,0.070199,0.227897
bbc_20130322_1353,E21,E23,0,0.974816,0.000572,0.005711,0.018901
bbc_20130322_1353,E21,E25,0,0.976391,0.000467,0.005092,0.018050
bbc_20130322_1353,E21,E26,0,0.839321,0.016571,0.033801,0.110307
bbc_20130322_1353,E21,E27,1,0.056079,0.733833,0.054374,0.155714
bbc_20130322_1353,E23,E28,0,0.801270,0.028842,0.040487,0.129401
bbc_20130322_1353,E23,E29,1,0.001162,0.960143,0.009754,0.028940
bbc_20130322_1353,E23,E31,1,0.049519,0.744222,0.048747,0.157512
bbc_20130322_1353,E25,E28,0,0.443688,0.237695,0.077095,0.241522
bbc_20130322_1353,E25,E29,1,0.000418,0.979735,0.005019,0.014828
bbc_20130322_1353,E25,E31,1,0.018874,0.861532,0.027652,0.091941
bbc_20130322_1353,E26,E28,0,0.952206,0.002466,0.011216,0.034112
bbc_20130322_1353,E26,E29,1,0.064120,0.723395,0.053504,0.158982
bbc_20130322_1353,E26,E31,0,0.524485,0.189445,0.067950,0.218120
bbc_20130322_1353,E27,E28,0,0.991208,0.000115,0.002030,0.006647
bbc_20130322_1353,E27,E29,0,0.652172,0.106879,0.058387,0.182561
bbc_20130322_1353,E27,E31,0,0.931012,0.005983,0.014415,0.048590
bbc_20130322_1353,E28,E33,1,0.089438,0.601398,0.073357,0.235807
bbc_20130322_1353,E28,E34,0,0.347572,0.244125,0.089312,0.318991
bbc_20130322_1353,E29,E33,0,0.966578,0.001027,0.007247,0.025148
bbc_20130322_1353,E29,E34,0,0.992914,0.000060,0.001387,0.005639
bbc_20130322_1353,E31,E33,0,0.878005,0.013695,0.024486,0.083815
bbc_20130322_1353,E31,E34,0,0.988934,0.000130,0.002259,0.008677
bbc_20130322_1353,E33,E35,0,0.982727,0.000264,0.003622,0.013387
bbc_20130322_1353,E33,E36,0,0.990071,0.000122,0.002171,0.007636
bbc_20130322_1353,E33,E37,0,0.827185,0.016373,0.037046,0.119396
bbc_20130322_1353,E34,E35,0,0.956266,0.001228,0.009121,0.033384
bbc_20130322_1353,E34,E36,0,0.978266,0.000348,0.004355,0.017030
bbc_20130322_1353,E34,E37,0,0.392689,0.192007,0.086877,0.328426
nyt_20130321_women_senate,E1000009,E2,0,0.455555,0.222935,0.075536,0.245974
nyt_20130321_women_senate,E4,E5,1,0.000120,0.987660,0.002922,0.009297
nyt_20130321_women_senate,E4,E6,1,0.022271,0.820327,0.037655,0.119748
nyt_20130321_women_senate,E5,E6,0,0.860339,0.017504,0.026973,0.095184
nyt_20130321_women_senate,E9,E10,0,0.978086,0.000447,0.004926,0.016541
nyt_20130321_women_senate,E11,E12,0,0.762555,0.041359,0.047973,0.148113
nyt_20130321_women_senate,E14,E15,1,0.027156,0.791895,0.048088,0.132861
nyt_20130321_women_senate,E16,E17,1,0.012509,0.841336,0.033571,0.112583
nyt_20130321_women_senate,E19,E20,1,0.000222,0.982732,0.004202,0.012845
nyt_20130321_women_senate,E19,E21,1,0.003829,0.912445,0.020685,0.063041
nyt_20130321_women_senate,E20,E21,0,0.707816,0.053809,0.055620,0.182755
nyt_20130321_women_senate,E23,E24,0,0.961693,0.001187,0.009255,0.027865
nyt_20130321_women_senate,E26,E27,0,0.931319,0.005145,0.019392,0.044144
nyt_20130321_women_senate,E26,E1000014,0,0.759223,0.046579,0.051091,0.143107
nyt_20130321_women_senate,E27,E1000014,1,0.031925,0.786553,0.058174,0.123348
nyt_20130321_women_senate,E37,E1000015,1,0.201981,0.366665,0.117085,0.314269
nyt_20130321_women_senate,E40,E41,0,0.978468,0.000374,0.004515,0.016643
nyt_20130321_women_senate,E40,E42,0,0.750265,0.039539,0.048490,0.161706
nyt_20130321_women_senate,E41,E42,1,0.057876,0.651334,0.066535,0.224256
nyt_20130321_women_senate,E43,E47,0,0.984312,0.000217,0.003209,0.012262
nyt_20130321_women_senate,E43,E48,0,0.995537,0.000027,0.000831,0.003605
nyt_20130321_women_senate,E47,E48,0,0.904841,0.004817,0.020390,0.069953
nyt_20130321_women_senate,E49,E50,0,0.961485,0.000993,0.008454,0.029068
nyt_20130321_women_senate,E49,E53,1,0.005863,0.904916,0.022193,0.067028
nyt_20130321_women_senate,E50,E53,1,0.000129,0.987138,0.003053,0.009680
nyt_20130321_women_senate,E1000009,E4,0,0.847957,0.016854,0.030165,0.105024
nyt_20130321_women_senate,E1000009,E5,1,0.000152,0.986223,0.003328,0.010297
nyt_20130321_women_senate,E1000009,E6,1,0.057484,0.720245,0.053199,0.169072
nyt_20130321_women_senate,E2,E4,0,0.946712,0.002337,0.011887,0.039063
nyt_20130321_women_senate,E2,E5,1,0.000683,0.966544,0.007972,0.024801
nyt_20130321_women_senate,E2,E6,1,0.220662,0.422225,0.080395,0.276718
nyt_20130321_women_senate,E4,E7,0,0.880323,0.010957,0.025474,0.083246
nyt_20130321_women_senate,E5,E7,0,0.995157,0.000038,0.001017,0.003788
nyt_20130321_women_senate,E6,E7,0,0.985771,0.000232,0.003104,0.010893
nyt_20130321_women_senate,E7,E8,1,0.001756,0.948112,0.012391,0.037741
nyt_20130321_women_senate,E8,E9,0,0.980127,0.000341,0.004162,0.015370
nyt_20130321_women_senate,E8,E10,0,0.997902,0.000009,0.000409,0.001680
nyt_20130321_women_senate,E11,E1000012,0,0.963391,0.001332,0.008352,0.026926
nyt_20130321_women_senate,E12,E1000012,0,0.623796,0.100878,0.066394,0.208932
nyt_20130321_women_senate,E14,E16,0,0.930143,0.005434,0.016763,0.047659
nyt_20130321_women_senate,E14,E17,0,0.762354,0.036570,0.047320,0.153756
nyt_20130321_women_senate,E15,E16,0,0.978059,0.000452,0.004947,0.016542
nyt_20130321_women_senate,E15,E17,0,0.931987,0.002992,0.015260,0.049761
nyt_20130321_women_senate,E16,E19,1,0.027986,0.738704,0.052093,0.181217
nyt_20130321_women_senate,E16,E20,1,0.000028,0.994322,0.001226,0.004424
nyt_20130321_women_senate,E16,E21,1,0.000310,0.975885,0.005420,0.018385
nyt_20130321_women_senate,E17,E19,0,0.412486,0.191964,0.089192,0.306359
nyt_20130321_women_senate,E17,E20,1,0.000188,0.983787,0.003849,0.012176
nyt_20130321_women_senate,E17,E21,1,0.005017,0.901026,0.022284,0.071673
nyt_20130321_women_senate,E19,E22,1,0.257090,0.357408,0.085631,0.299871
nyt_20130321_women_senate,E20,E22,0,0.971590,0.000645,0.005847,0.021918
nyt_20130321_women_senate,E21,E22,0,0.891820,0.006155,0.020786,0.081238
nyt_20130321_women_senate,E22,E23,0,0.832982,0.019084,0.031196,0.116739
nyt_20130321_women_senate,E22,E24,0,0.993628,0.000058,0.001340,0.004975
nyt_20130321_women_senate,E23,E25,0,0.958848,0.001129,0.009078,0.030945
nyt_20130321_women_senate,E24,E25,0,0.371855,0.207443,0.095272,0.325430
nyt_20130321_women_senate,E25,E26,1,0.001457,0.944646,0.013514,0.040382
nyt_20130321_women_senate,E25,E27,1,0.071713,0.655531,0.082219,0.190537
nyt_20130321_women_senate,E25,E1000014,1,0.007450,0.878123,0.029607,0.084819
nyt_20130321_women_senate,E26,E29,0,0.860171,0.014213,0.031595,0.094021
nyt_20130321_women_senate,E27,E29,1,0.051549,0.701174,0.075204,0.172073
nyt_20130321_women_senate,E1000014,E29,1,0.204514,0.400796,0.101759,0.292932
nyt_20130321_women_senate,E29,E36,0,0.983177,0.000283,0.003761,0.012780
nyt_20130321_women_senate,E36,E37,0,0.828647,0.011853,0.033773,0.125727
nyt_20130321_women_senate,E36,E1000015,0,0.748792,0.027496,0.060017,0.163696
nyt_20130321_women_senate,E37,E40,1,0.000478,0.971306,0.006856,0.021360
nyt_20130321_women_senate,E37,E41,1,0.118129,0.469670,0.090241,0.321960
nyt_20130321_women_senate,E37,E42,1,0.003168,0.913840,0.020200,0.062792
nyt_20130321_women_senate,E1000015,E40,1,0.036230,0.749509,0.062601,0.151660
nyt_20130321_women_senate,E1000015,E41,0,0.858808,0.010412,0.034328,0.096453
nyt_20130321_women_senate,E1000015,E42,1,0.126141,0.507186,0.103657,0.263016
nyt_20130321_women_senate,E40,E43,0,0.336836,0.284373,0.086814,0.291977
nyt_20130321_women_senate,E40,E47,0,0.972261,0.000580,0.006009,0.021149
nyt_20130321_women_senate,E40,E48,0,0.990498,0.000099,0.001912,0.007491
nyt_20130321_women_senate,E41,E43,1,0.003602,0.910207,0.019648,0.066543
nyt_20130321_women_senate,E41,E47,0,0.638430,0.058137,0.065718,0.237715
nyt_20130321_women_senate,E41,E48,0,0.928065,0.002699,0.015039,0.054197
nyt_20130321_women_senate,E42,E43,1,0.128012,0.516610,0.081940,0.273438
nyt_20130321_women_senate,E42,E47,0,0.942247,0.001907,0.012549,0.043297
nyt_20130321_women_senate,E42,E48,0,0.982266,0.000267,0.003670,0.013796
nyt_20130321_women_senate,E43,E49,0,0.882852,0.008960,0.023632,0.084556
nyt_20130321_women_senate,E43,E50,0,0.988918,0.000125,0.002238,0.008718
nyt_20130321_women_senate,E43,E53,1,0.029958,0.808988,0.038256,0.122798
nyt_20130321_women_senate,E47,E49,1,0.055493,0.664526,0.066294,0.213687
nyt_20130321_women_senate,E47,E50,0,0.743195,0.037257,0.049910,0.169637
nyt_20130321_women_senate,E47,E53,1,0.000117,0.988038,0.002858,0.008986
nyt_20130321_women_senate,E48,E49,1,0.013380,0.817491,0.041343,0.127786
nyt_20130321_women_senate,E48,E50,0,0.498326,0.129082,0.087376,0.285216
nyt_20130321_women_senate,E48,E53,1,0.000074,0.990599,0.002189,0.007138
bbc_20130322_1150,E1,E2,0,0.849491,0.027326,0.030030,0.093152
bbc_20130322_1150,E6,E7,1,0.044917,0.665626,0.067207,0.222250
bbc_20130322_1150,E8,E10,1,0.018888,0.825919,0.037714,0.117480
bbc_20130322_1150,E8,E11,0,0.597361,0.100276,0.072823,0.229540
bbc_20130322_1150,E10,E11,0,0.627715,0.095086,0.068224,0.208975
bbc_20130322_1150,E14,E15,1,0.003057,0.919752,0.017306,0.059885
bbc_20130322_1150,E14,E17,1,0.172720,0.450619,0.078920,0.297741
bbc_20130322_1150,E15,E17,0,0.824327,0.018105,0.031851,0.125716
bbc_20130322_1150,E19,E20,1,0.119846,0.560697,0.077406,0.242051
bbc_20130322_1150,E19,E21,0,0.948520,0.001934,0.010849,0.038696
bbc_20130322_1150,E20,E21,0,0.942307,0.002666,0.012423,0.042604
bbc_20130322_1150,E23,E24,0,0.523452,0.108640,0.081477,0.286431
bbc_20130322_1150,E29,E30,0,0.981837,0.000369,0.004717,0.013076
bbc_20130322_1150,E53,E35,0,0.994208,0.000042,0.001105,0.004645
bbc_20130322_1150,E39,E40,0,0.902546,0.006592,0.022401,0.068461
bbc_20130322_1150,E41,E42,1,0.000136,0.986857,0.003139,0.009868
bbc_20130322_1150,E41,E43,0,0.903240,0.005922,0.022486,0.068352
bbc_20130322_1150,E42,E43,0,0.986509,0.000188,0.002875,0.010428
bbc_20130322_1150,E1,E3,0,0.989660,0.000133,0.002237,0.007971
bbc_20130322_1150,E2,E3,0,0.871409,0.015928,0.025308,0.087355
bbc_20130322_1150,E3,E4,1,0.001212,0.961383,0.010387,0.027017
bbc_20130322_1150,E4,E6,0,0.996820,0.000016,0.000575,0.002589
bbc_20130322_1150,E4,E7,0,0.987231,0.000182,0.002715,0.009872
bbc_20130322_1150,E6,E8,1,0.000279,0.977727,0.005054,0.016940
bbc_20130322_1150,E6,E10,1,0.000101,0.988041,0.002693,0.009165
bbc_20130322_1150,E6,E11,1,0.001243,0.948199,0.012399,0.038159
bbc_20130322_1150,E7,E8,1,0.017747,0.808625,0.042533,0.131095
bbc_20130322_1150,E7,E10,1,0.003465,0.920345,0.019362,0.056828
bbc_20130322_1150,E7,E11,1,0.128824,0.507216,0.092270,0.271690
bbc_20130322_1150,E8,E12,0,0.889884,0.007000,0.022104,0.081013
bbc_20130322_1150,E10,E12,0,0.922199,0.004416,0.016232,0.057153
bbc_20130322_1150,E11,E12,0,0.589236,0.091906,0.074956,0.243903
bbc_20130322_1150,E12,E14,0,0.989698,0.000130,0.002260,0.007913
bbc_20130322_1150,E12,E15,0,0.820821,0.015891,0.035423,0.127865
bbc_20130322_1150,E12,E17,0,0.988298,0.000128,0.002298,0.009276
bbc_20130322_1150,E18,E19,0,0.894175,0.006300,0.027439,0.072085
bbc_20130322_1150,E18,E20,0,0.795241,0.023753,0.049778,0.131228
bbc_20130322_1150,E18,E21,0,0.985431,0.000231,0.003551,0.010788
bbc_20130322_1150,E19,E23,0,0.970004,0.000693,0.006584,0.022719
bbc_20130322_1150,E19,E24,0,0.503299,0.124724,0.080517,0.291460
bbc_20130322_1150,E20,E23,0,0.955884,0.001215,0.008756,0.034145
bbc_20130322_1150,E20,E24,0,0.643327,0.071128,0.063083,0.222463
bbc_20130322_1150,E21,E23,0,0.794755,0.019389,0.036834,0.149023
bbc_20130322_1150,E21,E24,1,0.142108,0.474371,0.084186,0.299336
bbc_20130322_1150,E28,E29,1,0.000752,0.964927,0.009822,0.024500
bbc_20130322_1150,E28,E30,3,0.277066,0.312148,0.085376,0.325409
bbc_20130322_1150,E29,E34,0,0.994133,0.000056,0.001395,0.004416
bbc_20130322_1150,E30,E34,0,0.920416,0.005015,0.016083,0.058486
bbc_20130322_1150,E34,E53,1,0.001759,0.935522,0.014250,0.048468
bbc_20130322_1150,E34,E35,0,0.946348,0.001767,0.010207,0.041678
bbc_20130322_1150,E53,E36,0,0.939546,0.002617,0.013790,0.044046
bbc_20130322_1150,E35,E36,1,0.008739,0.869369,0.029225,0.092668
bbc_20130322_1150,E36,E39,1,0.003639,0.908473,0.020303,0.067586
bbc_20130322_1150,E36,E40,1,0.006478,0.865410,0.030450,0.097662
bbc_20130322_1150,E39,E41,0,0.996605,0.000023,0.000715,0.002657
bbc_20130322_1150,E39,E42,1,0.200289,0.453913,0.094603,0.251194
bbc_20130322_1150,E39,E43,0,0.978156,0.000518,0.005263,0.016063
bbc_20130322_1150,E40,E41,0,0.974971,0.000545,0.005532,0.018952
bbc_20130322_1150,E40,E42,1,0.002201,0.937186,0.015833,0.044780
bbc_20130322_1150,E40,E43,0,0.726130,0.038583,0.053685,0.181602
bbc_20130322_1150,E41,E44,0,0.825510,0.019978,0.036690,0.117822
bbc_20130322_1150,E42,E44,0,0.992668,0.000070,0.001508,0.005754
bbc_20130322_1150,E43,E44,0,0.368002,0.267096,0.085132,0.279770
bbc_20130322_332,E1,E2,0,0.388151,0.218588,0.087168,0.306092
bbc_20130322_332,E1,E3,1,0.120853,0.514629,0.080985,0.283534
bbc_20130322_332,E1,E4,1,0.000014,0.996352,0.000796,0.002838
bbc_20130322_332,E2,E3,1,0.045021,0.697326,0.066661,0.190992
bbc_20130322_332,E2,E4,1,0.000011,0.996830,0.000674,0.002485
bbc_20130322_332,E3,E4,1,0.000080,0.990222,0.002281,0.007417
bbc_20130322_332,E12,E13,1,0.050190,0.636878,0.065671,0.247260
bbc_20130322_332,E17,E18,1,0.181309,0.409197,0.096670,0.312824
bbc_20130322_332,E22,E23,0,0.995546,0.000031,0.000904,0.003518
bbc_20130322_332,E27,E28,1,0.136565,0.545246,0.072649,0.245540
bbc_20130322_332,E27,E29,0,0.901141,0.007826,0.019157,0.071875
bbc_20130322_332,E28,E29,0,0.924594,0.005143,0.014925,0.055338
bbc_20130322_332,E31,E33,1,0.018153,0.818153,0.040659,0.123034
bbc_20130322_332,E31,E34,1,0.123377,0.581598,0.079416,0.215608
bbc_20130322_332,E31,E35,0,0.485024,0.162304,0.099484,0.253188
bbc_20130322_332,E33,E34,0,0.530431,0.167080,0.071248,0.231241
bbc_20130322_332,E33,E35,0,0.650614,0.088388,0.074987,0.186010
bbc_20130322_332,E34,E35,0,0.611098,0.113750,0.078541,0.196612
bbc_20130322_332,E37,E38,0,0.665299,0.046067,0.058372,0.230262
bbc_20130322_332,E37,E40,0,0.702661,0.037776,0.051978,0.207584
bbc_20130322_332,E38,E40,0,0.747515,0.031235,0.045003,0.176247
bbc_20130322_332,E1,E5,0,0.821439,0.015534,0.032258,0.130769
bbc_20130322_332,E2,E5,0,0.863789,0.010872,0.029398,0.095941
bbc_20130322_332,E3,E5,0,0.966714,0.000932,0.007707,0.024648
bbc_20130322_332,E4,E5,0,0.996721,0.000020,0.000674,0.002584
bbc_20130322_332,E5,E9,1,0.000160,0.984153,0.003584,0.012103
bbc_20130322_332,E9,E11,1,0.024421,0.753012,0.055031,0.167537
bbc_20130322_332,E11,E12,0,0.965959,0.000881,0.007860,0.025300
bbc_20130322_332,E11,E13,0,0.961250,0.000926,0.008238,0.029586
bbc_20130322_332,E12,E17,1,0.001672,0.937065,0.014363,0.046901
bbc_20130322_332,E12,E18,1,0.001689,0.937928,0.014408,0.045976
bbc_20130322_332,E13,E17,1,0.039368,0.713685,0.060564,0.186383
bbc_20130322_332,E13,E18,1,0.050854,0.655303,0.066346,0.227497
bbc_20130322_332,E17,E19,0,0.928882,0.002494,0.014830,0.053793
bbc_20130322_332,E18,E19,0,0.935035,0.002209,0.013951,0.048804
bbc_20130322_332,E19,E22,1,0.000834,0.956469,0.009961,0.032736
bbc_20130322_332,E19,E23,0,0.923284,0.003497,0.016956,0.056263
bbc_20130322_332,E22,E24,1,0.141831,0.489456,0.081794,0.286919
bbc_20130322_332,E23,E24,1,0.000087,0.988598,0.002494,0.008820
bbc_20130322_332,E27,E30,0,0.986624,0.000191,0.002846,0.010339
bbc_20130322_332,E28,E30,0,0.992848,0.000067,0.001459,0.005626
bbc_20130322_332,E29,E30,0,0.918251,0.008148,0.017693,0.055909
bbc_20130322_332,E30,E31,1,0.074998,0.644786,0.067278,0.212938
bbc_20130322_332,E30,E33,1,0.038616,0.752973,0.050290,0.158121
bbc_20130322_332,E30,E34,1,0.140060,0.541191,0.074106,0.244643
bbc_20130322_332,E30,E35,1,0.171749,0.474775,0.100527,0.252949
bbc_20130322_332,E31,E36,0,0.712966,0.044012,0.056799,0.186222
bbc_20130322_332,E33,E36,0,0.519475,0.151505,0.076497,0.252523
bbc_20130322_332,E34,E36,0,0.470677,0.221078,0.081361,0.226885
bbc_20130322_332,E35,E36,1,0.229701,0.439123,0.098152,0.233023
bbc_20130322_332,E36,E37,0,0.992319,0.000086,0.001698,0.005897
bbc_20130322_332,E36,E38,0,0.983966,0.000219,0.003221,0.012595
bbc_20130322_332,E36,E40,0,0.994572,0.000035,0.000995,0.004398
bbc_20130322_1600,E2,E5,0,0.956408,0.001257,0.008993,0.033342
bbc_20130322_1600,E6,E7,1,0.033446,0.778584,0.051275,0.136695
bbc_20130322_1600,E6,E8,0,0.976933,0.000610,0.005757,0.016700
bbc_20130322_1600,E6,E9,0,0.833634,0.025219,0.034112,0.107035
bbc_20130322_1600,E7,E8,0,0.994781,0.000051,0.001182,0.003986
bbc_20130322_1600,E7,E9,0,0.982328,0.000389,0.003945,0.013338
bbc_20130322_1600,E8,E9,1,0.032367,0.801019,0.037519,0.129095
bbc_20130322_1600,E10,E11,0,0.498321,0.174802,0.077207,0.249670
bbc_20130322_1600,E10,E12,0,0.909071,0.006926,0.018024,0.065979
bbc_20130322_1600,E11,E12,0,0.861969,0.016555,0.025798,0.095678
bbc_20130322_1600,E16,E20,1,0.147109,0.484150,0.078667,0.290074
bbc_20130322_1600,E21,E22,0,0.869623,0.013482,0.026665,0.090230
bbc_20130322_1600,E2,E6,0,0.748823,0.041484,0.048449,0.161245
bbc_20130322_1600,E2,E7,1,0.317157,0.323269,0.092044,0.267530
bbc_20130322_1600,E2,E8,0,0.989395,0.000141,0.002471,0.007993
bbc_20130322_1600,E2,E9,0,0.955520,0.001899,0.009326,0.033255
bbc_20130322_1600,E5,E6,1,0.172761,0.493303,0.077847,0.256089
bbc_20130322_1600,E5,E7,1,0.048646,0.739909,0.052146,0.159298
bbc_20130322_1600,E5,E8,0,0.965212,0.001407,0.007835,0.025546
bbc_20130322_1600,E5,E9,0,0.859304,0.017888,0.026089,0.096719
bbc_20130322_1600,E6,E10,1,0.059357,0.722447,0.060367,0.157830
bbc_20130322_1600,E6,E11,1,0.136639,0.540011,0.080987,0.242363
bbc_20130322_1600,E6,E12,0,0.935149,0.004189,0.014030,0.046633
bbc_20130322_1600,E7,E10,0,0.669952,0.101503,0.060659,0.167886
bbc_20130322_1600,E7,E11,0,0.930383,0.006453,0.017120,0.046044
bbc_20130322_1600,E7,E12,0,0.984758,0.000358,0.003760,0.011123
bbc_20130322_1600,E8,E10,1,0.000104,0.989916,0.002520,0.007460
bbc_20130322_1600,E8,E11,1,0.002171,0.949942,0.011475,0.036412
bbc_20130322_1600,E8,E12,1,0.035459,0.796123,0.037817,0.130602
bbc_20130322_1600,E9,E10,1,0.005795,0.926103,0.016663,0.051439
bbc_20130322_1600,E9,E11,1,0.105055,0.662727,0.057969,0.174249
bbc_20130322_1600,E9,E12,0,0.541083,0.171036,0.060328,0.227553
bbc_20130322_1600,E10,E13,0,0.940600,0.003099,0.012595,0.043705
bbc_20130322_1600,E11,E13,0,0.932913,0.004459,0.013939,0.048690
bbc_20130322_1600,E12,E13,0,0.761964,0.047304,0.041096,0.149636
bbc_20130322_1600,E13,E30,1,0.125928,0.519036,0.080475,0.274561
bbc_20130322_1600,E30,E14,0,0.968131,0.000792,0.007145,0.023931
bbc_20130322_1600,E14,E16,0,0.698903,0.046841,0.059860,0.194396
bbc_20130322_1600,E14,E20,0,0.367663,0.176140,0.107400,0.348797
bbc_20130322_1600,E16,E21,0,0.384879,0.233019,0.081202,0.300901
bbc_20130322_1600,E16,E22,0,0.898075,0.006429,0.018968,0.076528
bbc_20130322_1600,E20,E21,0,0.808160,0.022998,0.035604,0.133237
bbc_20130322_1600,E20,E22,0,0.972360,0.000683,0.006167,0.020790
bbc_20130322_1600,E21,E25,0,0.984710,0.000252,0.003444,0.011594
bbc_20130322_1600,E22,E25,0,0.976841,0.000421,0.004617,0.018120
WSJ_20130322_804,E1,E2002,0,0.905941,0.004697,0.019418,0.069944
WSJ_20130322_804,E11,E13,0,0.765088,0.025763,0.042927,0.166222
WSJ_20130322_804,E11,E14,0,0.580843,0.093880,0.068516,0.256762
WSJ_20130322_804,E13,E14,0,0.381310,0.215178,0.092042,0.311470
WSJ_20130322_804,E22,E23,1,0.056626,0.629524,0.078494,0.235357
WSJ_20130322_804,E25,E26,0,0.521950,0.122110,0.096533,0.259407
WSJ_20130322_804,E25,E30,0,0.983714,0.000239,0.003398,0.012649
WSJ_20130322_804,E26,E30,0,0.984761,0.000206,0.003102,0.011931
WSJ_20130322_804,E9,E11,3,0.231985,0.307573,0.099224,0.361218
WSJ_20130322_804,E9,E13,0,0.740812,0.026302,0.047985,0.184901
WSJ_20130322_804,E9,E14,0,0.457495,0.137082,0.085280,0.320143
WSJ_20130322_804,E11,E16,3,0.282589,0.255884,0.095636,0.365891
WSJ_20130322_804,E13,E16,1,0.179804,0.381687,0.098943,0.339566
WSJ_20130322_804,E14,E16,1,0.132117,0.431992,0.087946,0.347944
WSJ_20130322_804,E16,E17,0,0.977840,0.000387,0.004861,0.016912
WSJ_20130322_804,E17,E18,1,0.000314,0.979338,0.005244,0.015103
WSJ_20130322_804,E21,E22,0,0.614081,0.080632,0.069910,0.235376
WSJ_20130322_804,E21,E23,3,0.318106,0.242826,0.113045,0.326024
WSJ_20130322_804,E22,E25,1,0.208977,0.372004,0.098764,0.320255
WSJ_20130322_804,E22,E26,3,0.312441,0.254783,0.099852,0.332925
WSJ_20130322_804,E22,E30,0,0.943620,0.001805,0.011861,0.042714
WSJ_20130322_804,E23,E25,0,0.647444,0.061271,0.066331,0.224955
WSJ_20130322_804,E23,E26,0,0.753545,0.028108,0.048592,0.169755
WSJ_20130322_804,E23,E30,0,0.979340,0.000337,0.004191,0.016132
WSJ_20130322_804,E25,E33,0,0.988478,0.000120,0.002219,0.009182
WSJ_20130322_804,E26,E33,0,0.987629,0.000135,0.002395,0.009841
WSJ_20130322_804,E30,E33,0,0.776506,0.020092,0.042494,0.160907
WSJ_20130322_804,E33,E35,1,0.055011,0.644247,0.072048,0.228695
WSJ_20130318_731,E1,E2,1,0.062846,0.642148,0.068748,0.226258
WSJ_20130318_731,E1,E3,1,0.016189,0.813701,0.042214,0.127896
WSJ_20130318_731,E2,E3,0,0.389366,0.229310,0.089711,0.291612
WSJ_20130318_731,E11,E12,1,0.001442,0.943511,0.012819,0.042228
WSJ_20130318_731,E11,E13,1,0.029823,0.736674,0.056011,0.177491
WSJ_20130318_731,E12,E13,0,0.728318,0.057470,0.054428,0.159784
WSJ_20130318_731,E20,E21,0,0.994526,0.000036,0.001015,0.004423
WSJ_20130318_731,E20,E22,0,0.988716,0.000125,0.002245,0.008914
WSJ_20130318_731,E21,E22,0,0.668622,0.047030,0.059966,0.224382
WSJ_20130318_731,E9,E10,1,0.003091,0.922615,0.017871,0.056422
WSJ_20130318_731,E10,E11,0,0.995469,0.000035,0.000951,0.003545
WSJ_20130318_731,E10,E12,0,0.953267,0.002082,0.009215,0.035436
WSJ_20130318_731,E10,E13,0,0.991054,0.000095,0.001834,0.007018
WSJ_20130318_731,E11,E14,1,0.010749,0.827645,0.037867,0.123739
WSJ_20130318_731,E12,E14,0,0.641412,0.079974,0.067940,0.210673
WSJ_20130318_731,E13,E14,1,0.296452,0.305769,0.103737,0.294041
CNN_20130322_1003,E1,E2,1,0.000199,0.985644,0.003968,0.010188
CNN_20130322_1003,E1,E3,0,0.542923,0.188363,0.075488,0.193226
CNN_20130322_1003,E1,E5,0,0.980471,0.000419,0.004299,0.014811
CNN_20130322_1003,E2,E3,0,0.982711,0.000653,0.004651,0.011986
CNN_20130322_1003,E2,E5,0,0.997568,0.000012,0.000466,0.001954
CNN_20130322_1003,E3,E5,0,0.704983,0.070592,0.056840,0.167586
CNN_20130322_1003,E6,E7,1,0.003709,0.951881,0.013625,0.030785
CNN_20130322_1003,E9,E10,1,0.103088,0.680492,0.049442,0.166978
CNN_20130322_1003,E9,E11,1,0.000281,0.983639,0.003964,0.012116
CNN_20130322_1003,E9,E1000,1,0.000031,0.994810,0.001233,0.003925
CNN_20130322_1003,E10,E11,1,0.002679,0.951628,0.010914,0.034779
CNN_20130322_1003,E10,E1000,1,0.000091,0.990680,0.002292,0.006937
CNN_20130322_1003,E11,E1000,1,0.012904,0.882713,0.026442,0.077942
CNN_20130322_1003,E12,E13,1,0.053052,0.740373,0.053530,0.153045
CNN_20130322_1003,E12,E14,1,0.000030,0.994784,0.001221,0.003965
CNN_20130322_1003,E12,E15,1,0.000139,0.987305,0.003101,0.009455
CNN_20130322_1003,E13,E14,1,0.000137,0.988437,0.002944,0.008482
CNN_20130322_1003,E13,E15,1,0.001166,0.964419,0.009021,0.025393
CNN_20130322_1003,E14,E15,0,0.486370,0.250601,0.070691,0.192339
CNN_20130322_1003,E17,E19,1,0.000961,0.959329,0.010134,0.029576
CNN_20130322_1003,E17,E20,0,0.847594,0.016629,0.032187,0.103589
CNN_20130322_1003,E19,E20,0,0.994183,0.000057,0.001288,0.004473
CNN_20130322_1003,E23,E27,0,0.834133,0.023223,0.033511,0.109134
CNN_20130322_1003,E30,E31,1,0.010406,0.861419,0.033677,0.094497
CNN_20130322_1003,E30,E32,1,0.000019,0.995969,0.000923,0.003090
CNN_20130322_1003,E30,E33,1,0.000005,0.998190,0.000433,0.001371
CNN_20130322_1003,E31,E32,1,0.000039,0.993920,0.001432,0.004610
CNN_20130322_1003,E31,E33,1,0.000011,0.997241,0.000687,0.002061
CNN_20130322_1003,E32,E33,1,0.016220,0.877809,0.027477,0.078495
CNN_20130322_1003,E34,E36,1,0.000020,0.995911,0.001003,0.003067
CNN_20130322_1003,E40,E41,1,0.000038,0.994827,0.001352,0.003783
CNN_20130322_1003,E40,E42,1,0.000022,0.996225,0.001072,0.002680
CNN_20130322_1003,E41,E42,1,0.003076,0.956920,0.012298,0.027706
CNN_20130322_1003,E43,E44,0,0.805185,0.030634,0.043064,0.121117
CNN_20130322_1003,E45,E47,0,0.452222,0.190658,0.093183,0.263937
CNN_20130322_1003,E55,E57,0,0.947847,0.002234,0.011911,0.038008
CNN_20130322_1003,E1,E6,0,0.924340,0.007186,0.017507,0.050967
CNN_20130322_1003,E1,E7,0,0.585372,0.161933,0.074955,0.177740
CNN_20130322_1003,E2,E6,0,0.994782,0.000051,0.001188,0.003979
CNN_20130322_1003,E2,E7,0,0.978434,0.000818,0.006061,0.014688
CNN_20130322_1003,E3,E6,0,0.361202,0.296646,0.090030,0.252122
CNN_20130322_1003,E3,E7,1,0.016178,0.872040,0.034030,0.077752
CNN_20130322_1003,E5,E6,1,0.048682,0.750055,0.051141,0.150122
CNN_20130322_1003,E5,E7,1,0.000900,0.969668,0.008898,0.020535
CNN_20130322_1003,E6,E9,0,0.982647,0.000651,0.004011,0.012691
CNN_20130322_1003,E6,E10,0,0.960598,0.003125,0.008151,0.028126
CNN_20130322_1003,E6,E11,1,0.265546,0.462998,0.065672,0.205784
CNN_20130322_1003,E6,E1000,1,0.006876,0.925894,0.017419,0.049810
CNN_20130322_1003,E7,E9,0,0.995123,0.000062,0.001269,0.003546
CNN_20130322_1003,E7,E10,0,0.991133,0.000232,0.002336,0.006299
CNN_20130322_1003,E7,E11,0,0.681331,0.123204,0.056869,0.138596
CNN_20130322_1003,E7,E1000,1,0.075059,0.750997,0.053723,0.120221
CNN_20130322_1003,E9,E12,1,0.170509,0.537591,0.065231,0.226669
CNN_20130322_1003,E9,E13,1,0.032577,0.785441,0.041316,0.140667
CNN_20130322_1003,E9,E14,1,0.000031,0.994821,0.001228,0.003921
CNN_20130322_1003,E9,E15,1,0.000238,0.983836,0.003975,0.011952
CNN_20130322_1003,E10,E12,0,0.616057,0.131174,0.054656,0.198112
CNN_20130322_1003,E10,E13,1,0.222562,0.484732,0.073546,0.219160
CNN_20130322_1003,E10,E14,1,0.000166,0.987904,0.002925,0.009005
CNN_20130322_1003,E10,E15,1,0.002779,0.952975,0.011880,0.032366
CNN_20130322_1003,E11,E12,0,0.986438,0.000239,0.002819,0.010504
CNN_20130322_1003,E11,E13,0,0.954415,0.002343,0.010903,0.032338
CNN_20130322_1003,E11,E14,1,0.094140,0.675831,0.055189,0.174840
CNN_20130322_1003,E11,E15,0,0.523340,0.184293,0.069153,0.223214
CNN_20130322_1003,E1000,E12,0,0.995790,0.000030,0.000853,0.003327
CNN_20130322_1003,E1000,E13,0,0.989587,0.000169,0.002516,0.007728
CNN_20130322_1003,E1000,E14,0,0.559301,0.178139,0.064721,0.197839
CNN_20130322_1003,E1000,E15,0,0.889413,0.014172,0.023433,0.072982
CNN_20130322_1003,E12,E17,1,0.001133,0.959316,0.009636,0.029916
CNN_20130322_1003,E12,E19,1,0.000075,0.990860,0.002163,0.006902
CNN_20130322_1003,E12,E20,0,0.385800,0.277714,0.082451,0.254035
CNN_20130322_1003,E13,E17,1,0.060546,0.721261,0.053019,0.165174
CNN_20130322_1003,E13,E19,1,0.001233,0.963094,0.009258,0.026416
CNN_20130322_1003,E13,E20,0,0.910994,0.008014,0.019366,0.061626
CNN_20130322_1003,E14,E17,0,0.893253,0.013083,0.021247,0.072417
CNN_20130322_1003,E14,E19,0,0.413903,0.289895,0.071646,0.224555
CNN_20130322_1003,E14,E20,0,0.996993,0.000020,0.000644,0.002343
CNN_20130322_1003,E15,E17,0,0.746053,0.055039,0.045952,0.152955
CNN_20130322_1003,E15,E19,1,0.166589,0.542598,0.071612,0.219202
CNN_20130322_1003,E15,E20,0,0.993612,0.000067,0.001434,0.004887
CNN_20130322_1003,E17,E21,1,0.076518,0.657065,0.065002,0.201415
CNN_20130322_1003,E19,E21,0,0.939475,0.004647,0.013408,0.042470
CNN_20130322_1003,E20,E21,1,0.003809,0.934129,0.016531,0.045531
CNN_20130322_1003,E21,E23,0,0.979521,0.000553,0.004825,0.015100
CNN_20130322_1003,E21,E27,0,0.983735,0.000294,0.003946,0.012026
CNN_20130322_1003,E30,E34,0,0.746577,0.029486,0.048921,0.175016
CNN_20130322_1003,E30,E36,1,0.000178,0.985933,0.003794,0.010096
CNN_20130322_1003,E31,E34,0,0.944406,0.001988,0.011322,0.042283
CNN_20130322_1003,E31,E36,1,0.000191,0.985413,0.003686,0.010710
CNN_20130322_1003,E32,E34,0,0.996910,0.000019,0.000642,0.002429
CNN_20130322_1003,E32,E36,0,0.486433,0.213390,0.075604,0.224573
CNN_20130322_1003,E33,E34,0,0.996454,0.000024,0.000772,0.002750
CNN_20130322_1003,E33,E36,1,0.168245,0.610005,0.062164,0.159586
CNN_20130322_1003,E34,E38,1,0.232022,0.358166,0.100445,0.309367
CNN_20130322_1003,E36,E38,0,0.990931,0.000121,0.002098,0.006850
CNN_20130322_1003,E38,E40,0,0.794436,0.028071,0.042364,0.135129
CNN_20130322_1003,E38,E41,1,0.000372,0.981637,0.005210,0.012781
CNN_20130322_1003,E38,E42,1,0.000190,0.987405,0.003871,0.008533
CNN_20130322_1003,E40,E43,0,0.602742,0.126701,0.064662,0.205896
CNN_20130322_1003,E40,E44,0,0.944149,0.003591,0.012671,0.039588
CNN_20130322_1003,E41,E43,0,0.983624,0.000439,0.003726,0.012212
CNN_20130322_1003,E41,E44,0,0.996891,0.000021,0.000674,0.002414
CNN_20130322_1003,E42,E43,0,0.989811,0.000199,0.002790,0.007200
CNN_20130322_1003,E42,E44,0,0.997361,0.000017,0.000630,0.001992
CNN_20130322_1003,E43,E45,0,0.369306,0.187303,0.103467,0.339924
CNN_20130322_1003,E43,E47,0,0.601159,0.109528,0.078814,0.210499
CNN_20130322_1003,E44,E45,1,0.017722,0.779493,0.047279,0.155506
CNN_20130322_1003,E44,E47,1,0.014533,0.827942,0.037536,0.119989
CNN_20130322_1003,E45,E48,1,0.189893,0.406805,0.101213,0.302089
CNN_20130322_1003,E47,E48,1,0.092253,0.590353,0.076271,0.241122
CNN_20130322_1003,E48,E50,0,0.967904,0.000748,0.006883,0.024465
CNN_20130322_1003,E50,E51,1,0.000627,0.964873,0.008220,0.026280
CNN_20130322_1003,E51,E52,0,0.917450,0.003598,0.016864,0.062089
CNN_20130322_1003,E52,E53,0,0.965236,0.000903,0.007980,0.025880
CNN_20130322_1003,E53,E55,0,0.443261,0.155868,0.094453,0.306418
