WSJ_20130322_159,E5,E6,1,0.036071,0.737621,0.050527,0.175781
WSJ_20130322_159,E5,E10,0,0.736104,0.043693,0.052195,0.168008
WSJ_20130322_159,E5,E11,0,0.969286,0.000696,0.006856,0.023162
WSJ_20130322_159,E6,E10,0,0.822740,0.018122,0.032710,0.126428
WSJ_20130322_159,E6,E11,0,0.969623,0.000563,0.005908,0.023906
WSJ_20130322_159,E10,E11,0,0.657757,0.055873,0.059570,0.226799
WSJ_20130322_159,E12,E14,1,0.006458,0.856559,0.027373,0.109610
WSJ_20130322_159,E18,E19,0,0.729799,0.031291,0.045855,0.193055
WSJ_20130322_159,E20,E22,1,0.003293,0.910686,0.018421,0.067600
WSJ_20130322_159,E29,E31,0,0.679006,0.032981,0.049622,0.238390
WSJ_20130322_159,E29,E34,1,0.012407,0.827868,0.033751,0.125975
WSJ_20130322_159,E29,E37,0,0.878363,0.006509,0.022219,0.092910
WSJ_20130322_159,E31,E34,1,0.004299,0.893373,0.021154,0.081173
WSJ_20130322_159,E31,E37,0,0.797151,0.017048,0.035019,0.150782
WSJ_20130322_159,E34,E37,0,0.990230,0.000063,0.001921,0.007786
WSJ_20130322_159,E38,E39,1,0.000391,0.969220,0.006404,0.023985
WSJ_20130322_159,E38,E40,1,0.007539,0.845300,0.030029,0.117132
WSJ_20130322_159,E39,E40,0,0.458799,0.150823,0.083029,0.307349
WSJ_20130322_159,E42,E44,1,0.000185,0.977128,0.004201,0.018486
WSJ_20130322_159,E46,E47,1,0.003214,0.907423,0.018999,0.070363
WSJ_20130322_159,E46,E49,0,0.575146,0.068860,0.066823,0.289171
WSJ_20130322_159,E47,E49,0,0.790244,0.018006,0.035510,0.156240
WSJ_20130322_159,E1,E5,1,0.111182,0.522935,0.071692,0.294191
WSJ_20130322_159,E1,E6,1,0.001415,0.937291,0.012025,0.049269
WSJ_20130322_159,E1,E10,3,0.281760,0.261121,0.088722,0.368397
WSJ_20130322_159,E1,E11,0,0.636705,0.056230,0.058224,0.248842
WSJ_20130322_159,E5,E12,0,0.989207,0.000089,0.002318,0.008386
WSJ_20130322_159,E5,E14,0,0.737300,0.036800,0.047280,0.178620
WSJ_20130322_159,E6,E12,0,0.996578,0.000011,0.000646,0.002765
WSJ_20130322_159,E6,E14,0,0.838547,0.013810,0.028876,0.118767
WSJ_20130322_159,E10,E12,0,0.919945,0.002669,0.015132,0.062254
WSJ_20130322_159,E10,E14,1,0.047054,0.644983,0.062887,0.245076
WSJ_20130322_159,E11,E12,0,0.799737,0.017506,0.038649,0.144107
WSJ_20130322_159,E11,E14,1,0.007615,0.849188,0.029749,0.113447
WSJ_20130322_159,E12,E18,0,0.651797,0.045505,0.054085,0.248614
WSJ_20130322_159,E12,E19,0,0.776691,0.021139,0.040111,0.162059
WSJ_20130322_159,E14,E18,0,0.992225,0.000031,0.001338,0.006406
WSJ_20130322_159,E14,E19,0,0.983272,0.000140,0.003083,0.013505
WSJ_20130322_159,E18,E20,1,0.017145,0.770613,0.039842,0.172400
WSJ_20130322_159,E18,E22,1,0.000056,0.988919,0.002118,0.008907
WSJ_20130322_159,E19,E20,1,0.000802,0.949059,0.009521,0.040618
WSJ_20130322_159,E19,E22,1,0.000022,0.993340,0.001185,0.005453
WSJ_20130322_159,E20,E26,1,0.222729,0.353297,0.090013,0.333961
WSJ_20130322_159,E22,E26,0,0.919076,0.004664,0.017717,0.058543
WSJ_20130322_159,E26,E29,0,0.942273,0.001465,0.011534,0.044729
WSJ_20130322_159,E26,E31,0,0.979156,0.000215,0.004034,0.016595
WSJ_20130322_159,E26,E34,0,0.631030,0.083791,0.068140,0.217039
WSJ_20130322_159,E26,E37,0,0.987765,0.000107,0.002621,0.009506
WSJ_20130322_159,E29,E38,0,0.594324,0.067816,0.066848,0.271012
WSJ_20130322_159,E29,E39,1,0.000910,0.950656,0.009756,0.038677
WSJ_20130322_159,E29,E40,1,0.003861,0.884007,0.022214,0.089918
WSJ_20130322_159,E31,E38,0,0.381907,0.170313,0.087144,0.360636
WSJ_20130322_159,E31,E39,1,0.000312,0.971234,0.005578,0.022876
WSJ_20130322_159,E31,E40,1,0.001173,0.938337,0.011900,0.048591
WSJ_20130322_159,E34,E38,0,0.939743,0.001470,0.010998,0.047789
WSJ_20130322_159,E34,E39,1,0.037375,0.720531,0.049644,0.192450
WSJ_20130322_159,E34,E40,1,0.107434,0.499957,0.079077,0.313532
WSJ_20130322_159,E37,E38,1,0.148546,0.396141,0.082395,0.372918
WSJ_20130322_159,E37,E39,1,0.000113,0.983221,0.003155,0.013512
WSJ_20130322_159,E37,E40,1,0.000374,0.966115,0.006458,0.027053
WSJ_20130322_159,E38,E42,0,0.910340,0.003288,0.016786,0.069586
WSJ_20130322_159,E38,E44,1,0.000116,0.982369,0.003247,0.014268
WSJ_20130322_159,E39,E42,0,0.993108,0.000032,0.001288,0.005572
WSJ_20130322_159,E39,E44,1,0.085602,0.584204,0.064906,0.265288
WSJ_20130322_159,E40,E42,0,0.988324,0.000070,0.002140,0.009466
WSJ_20130322_159,E40,E44,1,0.076690,0.544302,0.067662,0.311346
WSJ_20130322_159,E42,E46,0,0.898644,0.003505,0.017388,0.080463
WSJ_20130322_159,E42,E47,1,0.086693,0.526002,0.070152,0.317154
WSJ_20130322_159,E42,E49,3,0.244540,0.276343,0.083289,0.395828
WSJ_20130322_159,E44,E46,0,0.993835,0.000024,0.001099,0.005042
WSJ_20130322_159,E44,E47,0,0.883254,0.005150,0.018566,0.093030
WSJ_20130322_159,E44,E49,0,0.968922,0.000442,0.005313,0.025323
WSJ_20130322_159,E46,E55,0,0.863651,0.006522,0.022837,0.106990
WSJ_20130322_159,E47,E55,0,0.978594,0.000227,0.003935,0.017245
WSJ_20130322_159,E49,E55,0,0.637079,0.051035,0.054058,0.257829
nyt_20130322_strange_computer,E8,E11,0,0.994142,0.000029,0.001170,0.004659
nyt_20130322_strange_computer,E14,E16,1,0.000165,0.983098,0.003827,0.012910
nyt_20130322_strange_computer,E19,E22,1,0.105336,0.515952,0.090102,0.288610
nyt_20130322_strange_computer,E19,E23,1,0.010023,0.846098,0.034358,0.109521
nyt_20130322_strange_computer,E22,E23,1,0.217008,0.374744,0.111982,0.296266
nyt_20130322_strange_computer,E6,E8,0,0.372636,0.233772,0.101456,0.292137
nyt_20130322_strange_computer,E6,E11,0,0.996539,0.000010,0.000626,0.002825
nyt_20130322_strange_computer,E8,E14,0,0.992927,0.000043,0.001517,0.005513
nyt_20130322_strange_computer,E8,E16,0,0.716914,0.054751,0.064426,0.163910
nyt_20130322_strange_computer,E11,E14,0,0.733740,0.032891,0.057605,0.175764
nyt_20130322_strange_computer,E11,E16,1,0.001358,0.949434,0.013228,0.035980
nyt_20130322_strange_computer,E14,E19,0,0.562040,0.079165,0.075409,0.283387
nyt_20130322_strange_computer,E14,E22,1,0.040823,0.679955,0.072038,0.207184
nyt_20130322_strange_computer,E14,E23,1,0.004345,0.895642,0.025693,0.074320
nyt_20130322_strange_computer,E16,E19,0,0.980130,0.000255,0.004481,0.015134
nyt_20130322_strange_computer,E16,E22,0,0.949289,0.001648,0.013335,0.035728
nyt_20130322_strange_computer,E16,E23,0,0.828138,0.019138,0.041287,0.111436
nyt_20130322_strange_computer,E19,E24,0,0.880744,0.006578,0.023656,0.089022
nyt_20130322_strange_computer,E22,E24,0,0.974151,0.000420,0.006101,0.019328
nyt_20130322_strange_computer,E23,E24,0,0.983808,0.000188,0.003744,0.012260
CNN_20130321_821,E4,E5,0,0.302762,0.297838,0.107538,0.291862
CNN_20130321_821,E5,E8,0,0.791131,0.019716,0.039790,0.149363
CNN_20130321_821,E8,E1000,0,0.945942,0.001349,0.011734,0.040975
CNN_20130321_821,E1002,E20,0,0.946108,0.001233,0.012096,0.040564
nyt_20130321_cyprus,E2,E5,1,0.135750,0.513856,0.095055,0.255339
nyt_20130321_cyprus,E7,E2009,1,0.006869,0.854531,0.030412,0.108189
nyt_20130321_cyprus,E13,E15,1,0.058291,0.589479,0.078055,0.274175
nyt_20130321_cyprus,E22,E23,1,0.053860,0.592539,0.073039,0.280562
nyt_20130321_cyprus,E22,E24,1,0.000035,0.991865,0.001556,0.006543
nyt_20130321_cyprus,E23,E24,1,0.000533,0.963638,0.007986,0.027844
nyt_20130321_cyprus,E33,E35,0,0.822561,0.013955,0.038202,0.125282
nyt_20130321_cyprus,E41,E42,1,0.017646,0.785619,0.046744,0.149991
nyt_20130321_cyprus,E46,E47,0,0.971647,0.000460,0.005471,0.022422
nyt_20130321_cyprus,E48,E51,0,0.994006,0.000025,0.001126,0.004843
nyt_20130321_cyprus,E2,E7,0,0.954556,0.001112,0.010559,0.033773
nyt_20130321_cyprus,E2,E2009,0,0.484026,0.128234,0.101167,0.286573
nyt_20130321_cyprus,E5,E7,0,0.985817,0.000126,0.002986,0.011071
nyt_20130321_cyprus,E5,E2009,0,0.868582,0.007533,0.029754,0.094131
nyt_20130321_cyprus,E7,E9,1,0.001451,0.937645,0.013568,0.047336
nyt_20130321_cyprus,E2009,E9,0,0.385167,0.185415,0.103584,0.325834
nyt_20130321_cyprus,E10,E13,0,0.984389,0.000132,0.003150,0.012329
nyt_20130321_cyprus,E10,E15,0,0.957241,0.000832,0.009571,0.032356
nyt_20130321_cyprus,E13,E21,0,0.457073,0.137052,0.094295,0.311580
nyt_20130321_cyprus,E15,E21,0,0.970447,0.000495,0.006435,0.022624
nyt_20130321_cyprus,E21,E22,0,0.944890,0.001186,0.010562,0.043361
nyt_20130321_cyprus,E21,E23,0,0.497988,0.096593,0.078465,0.326954
nyt_20130321_cyprus,E21,E24,1,0.000200,0.980308,0.004331,0.015162
nyt_20130321_cyprus,E22,E25,1,0.000475,0.963897,0.007478,0.028151
nyt_20130321_cyprus,E23,E25,1,0.016120,0.778043,0.044063,0.161774
nyt_20130321_cyprus,E24,E25,0,0.860900,0.009462,0.031295,0.098344
nyt_20130321_cyprus,E33,E36,0,0.636592,0.050693,0.073093,0.239621
nyt_20130321_cyprus,E35,E36,3,0.262363,0.242372,0.098965,0.396300
nyt_20130321_cyprus,E36,E41,0,0.969204,0.000398,0.005973,0.024425
nyt_20130321_cyprus,E36,E42,1,0.171617,0.400549,0.092935,0.334899
nyt_20130321_cyprus,E46,E48,0,0.393831,0.192049,0.083925,0.330195
nyt_20130321_cyprus,E46,E51,0,0.995980,0.000012,0.000730,0.003277
nyt_20130321_cyprus,E47,E48,1,0.001834,0.936440,0.014191,0.047535
nyt_20130321_cyprus,E47,E51,0,0.950678,0.001234,0.010056,0.038032
nyt_20130321_cyprus,E48,E57,1,0.000348,0.976172,0.005731,0.017749
nyt_20130321_cyprus,E51,E57,1,0.000008,0.996445,0.000642,0.002905
bbc_20130322_1353,E1,E5,1,0.017205,0.770193,0.042937,0.169665
bbc_20130322_1353,E8,E10,1,0.000051,0.990464,0.001918,0.007567
bbc_20130322_1353,E15,E16,1,0.001453,0.938801,0.011464,0.048282
bbc_20130322_1353,E19,E20,1,0.011834,0.871730,0.034094,0.082342
bbc_20130322_1353,E19,E21,1,0.006069,0.907479,0.024939,0.061513
bbc_20130322_1353,E20,E21,1,0.230131,0.402631,0.097761,0.269477
bbc_20130322_1353,E23,E25,0,0.523659,0.116142,0.069369,0.290830
bbc_20130322_1353,E23,E26,1,0.036369,0.730365,0.048880,0.184386
bbc_20130322_1353,E23,E27,1,0.000042,0.991722,0.001676,0.006559
bbc_20130322_1353,E25,E26,1,0.003364,0.908071,0.017688,0.070876
bbc_20130322_1353,E25,E27,1,0.000020,0.993891,0.001135,0.004954
bbc_20130322_1353,E26,E27,1,0.000188,0.981996,0.004059,0.013757
bbc_20130322_1353,E28,E29,1,0.000250,0.976203,0.004936,0.018611
bbc_20130322_1353,E28,E31,1,0.000428,0.968948,0.006307,0.024317
bbc_20130322_1353,E29,E31,0,0.363332,0.257071,0.077713,0.301883
bbc_20130322_1353,E33,E34,0,0.939894,0.002174,0.014734,0.043198
bbc_20130322_1353,E35,E36,1,0.135614,0.434911,0.090157,0.339318
bbc_20130322_1353,E35,E37,1,0.000861,0.949371,0.010899,0.038869
bbc_20130322_1353,E36,E37,1,0.001190,0.939022,0.011294,0.048494
bbc_20130322_1353,E1,E8,0,0.673658,0.046649,0.058239,0.221455
bbc_20130322_1353,E1,E10,1,0.000039,0.991686,0.001631,0.006644
bbc_20130322_1353,E5,E8,0,0.958032,0.000920,0.008912,0.032136
bbc_20130322_1353,E5,E10,1,0.001068,0.954019,0.011164,0.033749
bbc_20130322_1353,E8,E11,0,0.680703,0.047509,0.050336,0.221453
bbc_20130322_1353,E10,E11,0,0.995857,0.000016,0.000811,0.003317
bbc_20130322_1353,E11,E13,1,0.103162,0.575350,0.074710,0.246779
bbc_20130322_1353,E13,E15,0,0.966820,0.000684,0.007997,0.024499
bbc_20130322_1353,E13,E16,0,0.852791,0.013267,0.031523,0.102418
bbc_20130322_1353,E15,E17,1,0.000346,0.968446,0.006087,0.025122
bbc_20130322_1353,E16,E17,1,0.033806,0.685308,0.051239,0.229646
bbc_20130322_1353,E17,E19,1,0.041551,0.728731,0.053433,0.176286
bbc_20130322_1353,E17,E20,1,0.000994,0.955399,0.010729,0.032879
bbc_20130322_1353,E17,E21,1,0.002065,0.935531,0.015315,0.047089
bbc_20130322_1353,E19,E23,0,0.969011,0.000774,0.007349,0.022867
bbc_20130322_1353,E19,E25,0,0.988774,0.000102,0.002533,0.008591
bbc_20130322_1353,E19,E26,0,0.899852,0.006642,0.022456,0.071049
bbc_20130322_1353,E19,E27,1,0.030074,0.785551,0.048820,0.135555
bbc_20130322_1353,E20,E23,0,0.988875,0.000114,0.002638,0.008374
bbc_20130322_1353,E20,E25,0,0.995978,0.000016,0.000816,0.003189
bbc_20130322_1353,E20,E26,0,0.983375,0.000182,0.003572,0.012871
bbc_20130322_1353,E20,E27,0,0.382029,0.261663,0.093631,0.262676
bbc_20130322_1353,E21,E23,0,0.982059,0.000235,0.004002,0.013704
bbc_20130322_1353,E21,E25,0,0.994012,0.000028,0.001167,0.004793
bbc_20130322_1353,E21,E26,0,0.971453,0.000502,0.006146,0.021899
bbc_20130322_1353,E21,E27,1,0.210989,0.420409,0.090264,0.278338
bbc_20130322_1353,E23,E28,0,0.863806,0.010164,0.025966,0.100063
bbc_20130322_1353,E23,E29,1,0.028409,0.745148,0.045267,0.181176
bbc_20130322_1353,E23,E31,1,0.051256,0.677071,0.055755,0.215918
bbc_20130322_1353,E25,E28,0,0.719655,0.038896,0.046820,0.194628
bbc_20130322_1353,E25,E29,1,0.010945,0.842912,0.028086,0.118058
bbc_20130322_1353,E25,E31,1,0.032482,0.729512,0.045369,0.192638
bbc_20130322_1353,E26,E28,0,0.938856,0.002272,0.011974,0.046898
bbc_20130322_1353,E26,E29,1,0.186971,0.416506,0.078948,0.317576
bbc_20130322_1353,E26,E31,0,0.351575,0.248109,0.080151,0.320164
bbc_20130322_1353,E27,E28,0,0.997386,0.000008,0.000509,0.002098
bbc_20130322_1353,E27,E29,0,0.950427,0.001970,0.009959,0.037644
bbc_20130322_1353,E27,E31,0,0.975017,0.000515,0.005086,0.019381
bbc_20130322_1353,E28,E33,1,0.005578,0.901468,0.022884,0.070070
bbc_20130322_1353,E28,E34,3,0.291397,0.281914,0.096287,0.330402
bbc_20130322_1353,E29,E33,0,0.630261,0.100623,0.066617,0.202499
bbc_20130322_1353,E29,E34,0,0.973143,0.000487,0.005712,0.020657
bbc_20130322_1353,E31,E33,0,0.618873,0.121642,0.066564,0.192921
bbc_20130322_1353,E31,E34,0,0.976497,0.000475,0.005199,0.017830
bbc_20130322_1353,E33,E35,0,0.997289,0.000006,0.000477,0.002227
bbc_20130322_1353,E33,E36,0,0.994648,0.000022,0.001019,0.004311
bbc_20130322_1353,E33,E37,0,0.835363,0.013848,0.034395,0.116394
bbc_20130322_1353,E34,E35,0,0.993808,0.000027,0.001156,0.005009
bbc_20130322_1353,E34,E36,0,0.987600,0.000095,0.002462,0.009842
bbc_20130322_1353,E34,E37,0,0.494286,0.131929,0.078798,0.294987
nyt_20130321_women_senate,E1000009,E2,0,0.417122,0.228854,0.082610,0.271413
nyt_20130321_women_senate,E4,E5,1,0.028877,0.777835,0.049014,0.144273
nyt_20130321_women_senate,E4,E6,0,0.755821,0.036538,0.046582,0.161059
nyt_20130321_women_senate,E5,E6,0,0.917790,0.004438,0.017989,0.059783
nyt_20130321_women_senate,E9,E10,0,0.986002,0.000141,0.003131,0.010726
nyt_20130321_women_senate,E11,E12,0,0.928909,0.003957,0.018430,0.048703
nyt_20130321_women_senate,E14,E15,1,0.022810,0.774412,0.051623,0.151154
nyt_20130321_women_senate,E16,E17,3,0.205661,0.326630,0.093470,0.374239
nyt_20130321_women_senate,E19,E20,1,0.000453,0.968182,0.007276,0.024089
nyt_20130321_women_senate,E19,E21,1,0.011566,0.818678,0.040084,0.129673
nyt_20130321_women_senate,E20,E21,0,0.876939,0.006849,0.026673,0.089539
nyt_20130321_women_senate,E23,E24,0,0.906916,0.003440,0.019989,0.069655
nyt_20130321_women_senate,E26,E27,0,0.963072,0.000979,0.010566,0.025384
nyt_20130321_women_senate,E26,E1000014,0,0.870926,0.008823,0.031999,0.088252
nyt_20130321_women_senate,E27,E1000014,1,0.059418,0.672148,0.080256,0.188178
nyt_20130321_women_senate,E37,E1000015,1,0.058417,0.595223,0.079700,0.266659
nyt_20130321_women_senate,E40,E41,0,0.922153,0.003330,0.016331,0.058186
nyt_20130321_women_senate,E40,E42,0,0.655197,0.066648,0.064475,0.213681
nyt_20130321_women_senate,E41,E42,1,0.218233,0.358992,0.096979,0.325797
nyt_20130321_women_senate,E43,E47,0,0.995914,0.000013,0.000742,0.003331
nyt_20130321_women_senate,E43,E48,0,0.994065,0.000026,0.001126,0.004784
nyt_20130321_women_senate,E47,E48,0,0.389959,0.193629,0.096816,0.319596
nyt_20130321_women_senate,E49,E50,0,0.929001,0.003446,0.015416,0.052137
nyt_20130321_women_senate,E49,E53,1,0.000546,0.972235,0.007240,0.019979
nyt_20130321_women_senate,E50,E53,1,0.000107,0.987830,0.002834,0.009229
nyt_20130321_women_senate,E1000009,E4,1,0.145984,0.528755,0.081898,0.243363
nyt_20130321_women_senate,E1000009,E5,1,0.000564,0.969917,0.007589,0.021930
nyt_20130321_women_senate,E1000009,E6,1,0.149641,0.531178,0.080535,0.238645
nyt_20130321_women_senate,E2,E4,0,0.409799,0.198495,0.085011,0.306695
nyt_20130321_women_senate,E2,E5,1,0.002074,0.936681,0.015181,0.046064
nyt_20130321_women_senate,E2,E6,0,0.370862,0.233189,0.086982,0.308967
nyt_20130321_women_senate,E4,E7,0,0.991966,0.000060,0.001805,0.006170
nyt_20130321_women_senate,E5,E7,0,0.995513,0.000022,0.000964,0.003501
nyt_20130321_women_senate,E6,E7,0,0.990901,0.000084,0.002110,0.006905
nyt_20130321_women_senate,E7,E8,1,0.000075,0.988531,0.002387,0.009007
nyt_20130321_women_senate,E8,E9,0,0.986705,0.000139,0.002980,0.010176
nyt_20130321_women_senate,E8,E10,0,0.999130,0.000001,0.000147,0.000722
nyt_20130321_women_senate,E11,E1000012,0,0.728122,0.048595,0.055738,0.167544
nyt_20130321_women_senate,E12,E1000012,1,0.102202,0.586435,0.081426,0.229937
nyt_20130321_women_senate,E14,E16,0,0.963425,0.000625,0.007425,0.028525
nyt_20130321_women_senate,E14,E17,0,0.920270,0.002792,0.016792,0.060146
nyt_20130321_women_senate,E15,E16,0,0.990281,0.000062,0.001966,0.007691
nyt_20130321_women_senate,E15,E17,0,0.981189,0.000180,0.003821,0.014810
nyt_20130321_women_senate,E16,E19,1,0.093443,0.538161,0.079370,0.289026
nyt_20130321_women_senate,E16,E20,1,0.000207,0.977259,0.004646,0.017888
nyt_20130321_women_senate,E16,E21,1,0.008906,0.841304,0.034712,0.115078
nyt_20130321_women_senate,E17,E19,0,0.428067,0.159152,0.092719,0.320062
nyt_20130321_women_senate,E17,E20,1,0.000779,0.955395,0.010062,0.033764
nyt_20130321_women_senate,E17,E21,1,0.075891,0.556120,0.082135,0.285853
nyt_20130321_women_senate,E19,E22,1,0.015553,0.806291,0.040229,0.137927
nyt_20130321_women_senate,E20,E22,0,0.841961,0.012900,0.031922,0.113217
nyt_20130321_women_senate,E21,E22,0,0.546813,0.104486,0.077728,0.270973
nyt_20130321_women_senate,E22,E23,0,0.877844,0.006604,0.025362,0.090191
nyt_20130321_women_senate,E22,E24,0,0.993785,0.000027,0.001246,0.004942
nyt_20130321_women_senate,E23,E25,0,0.635722,0.041936,0.067434,0.254908
nyt_20130321_women_senate,E24,E25,1,0.106397,0.472486,0.086319,0.334798
nyt_20130321_women_senate,E25,E26,1,0.000736,0.958753,0.009710,0.030801
nyt_20130321_women_senate,E25,E27,1,0.058288,0.634350,0.080853,0.226509
nyt_20130321_women_senate,E25,E1000014,1,0.019076,0.769445,0.050039,0.161440
nyt_20130321_women_senate,E26,E29,0,0.926947,0.002593,0.017752,0.052708
nyt_20130321_women_senate,E27,E29,1,0.109020,0.532729,0.100772,0.257480
nyt_20130321_women_senate,E1000014,E29,1,0.175554,0.395659,0.104908,0.323879
nyt_20130321_women_senate,E29,E36,0,0.995216,0.000018,0.000924,0.003841
nyt_20130321_women_senate,E36,E37,0,0.604618,0.057397,0.068687,0.269298
nyt_20130321_women_senate,E36,E1000015,3,0.190881,0.345448,0.103759,0.359913
nyt_20130321_women_senate,E37,E40,1,0.000162,0.981607,0.003879,0.014352
nyt_20130321_women_senate,E37,E41,1,0.005650,0.870829,0.027683,0.095838
nyt_20130321_women_senate,E37,E42,1,0.000714,0.957904,0.009420,0.031962
nyt_20130321_women_senate,E1000015,E40,1,0.002782,0.924394,0.018660,0.054164
nyt_20130321_women_senate,E1000015,E41,3,0.275023,0.290543,0.106442,0.327992
nyt_20130321_women_senate,E1000015,E42,1,0.014675,0.814859,0.043945,0.126520
nyt_20130321_women_senate,E40,E43,0,0.636435,0.066245,0.063258,0.234062
nyt_20130321_women_senate,E40,E47,0,0.992367,0.000042,0.001512,0.006079
nyt_20130321_women_senate,E40,E48,0,0.987362,0.000105,0.002647,0.009887
nyt_20130321_women_senate,E41,E43,3,0.212022,0.340897,0.093850,0.353231
nyt_20130321_women_senate,E41,E47,0,0.978274,0.000247,0.004521,0.016958
nyt_20130321_women_senate,E41,E48,0,0.960042,0.000749,0.008505,0.030705
nyt_20130321_women_senate,E42,E43,0,0.397242,0.187528,0.091914,0.323316
nyt_20130321_women_senate,E42,E47,0,0.986087,0.000124,0.002942,0.010846
nyt_20130321_women_senate,E42,E48,0,0.977264,0.000302,0.005050,0.017384
nyt_20130321_women_senate,E43,E49,0,0.977508,0.000330,0.004953,0.017209
nyt_20130321_women_senate,E43,E50,0,0.994317,0.000025,0.001085,0.004574
nyt_20130321_women_senate,E43,E53,1,0.038000,0.759050,0.049654,0.153296
nyt_20130321_women_senate,E47,E49,1,0.063449,0.652940,0.067548,0.216063
nyt_20130321_women_senate,E47,E50,0,0.533917,0.117652,0.075936,0.272495
nyt_20130321_women_senate,E47,E53,1,0.000033,0.993173,0.001444,0.005349
nyt_20130321_women_senate,E48,E49,0,0.420487,0.197015,0.092964,0.289534
nyt_20130321_women_senate,E48,E50,0,0.875061,0.008782,0.025848,0.090309
nyt_20130321_women_senate,E48,E53,1,0.000157,0.984851,0.003599,0.011393
bbc_20130322_1150,E1,E2,0,0.972717,0.000759,0.007312,0.019212
bbc_20130322_1150,E6,E7,1,0.003568,0.898519,0.024221,0.073692
bbc_20130322_1150,E8,E10,1,0.034170,0.754766,0.062383,0.148681
bbc_20130322_1150,E8,E11,0,0.891854,0.007083,0.030578,0.070484
bbc_20130322_1150,E10,E11,0,0.923702,0.003855,0.021702,0.050740
bbc_20130322_1150,E14,E15,1,0.066435,0.610870,0.068943,0.253752
bbc_20130322_1150,E14,E17,1,0.167899,0.417125,0.085073,0.329903
bbc_20130322_1150,E15,E17,0,0.613926,0.070299,0.067933,0.247841
bbc_20130322_1150,E19,E20,1,0.137160,0.462504,0.097972,0.302364
bbc_20130322_1150,E19,E21,0,0.593295,0.067713,0.074472,0.264521
bbc_20130322_1150,E20,E21,0,0.810003,0.017818,0.036973,0.135206
bbc_20130322_1150,E23,E24,0,0.734292,0.029657,0.054255,0.181795
bbc_20130322_1150,E29,E30,0,0.992119,0.000062,0.001938,0.005881
bbc_20130322_1150,E53,E35,0,0.997504,0.000006,0.000449,0.002040
bbc_20130322_1150,E39,E40,0,0.975049,0.000399,0.005965,0.018587
bbc_20130322_1150,E41,E42,1,0.000048,0.991013,0.001867,0.007072
bbc_20130322_1150,E41,E43,1,0.154058,0.485490,0.097499,0.262953
bbc_20130322_1150,E42,E43,0,0.975858,0.000422,0.005947,0.017773
bbc_20130322_1150,E1,E3,0,0.996283,0.000016,0.000786,0.002914
bbc_20130322_1150,E2,E3,0,0.853477,0.014495,0.030811,0.101217
bbc_20130322_1150,E3,E4,1,0.001149,0.956526,0.011678,0.030647
bbc_20130322_1150,E4,E6,0,0.998764,0.000002,0.000203,0.001031
bbc_20130322_1150,E4,E7,0,0.973102,0.000491,0.006405,0.020002
bbc_20130322_1150,E6,E8,1,0.000250,0.977181,0.005109,0.017460
bbc_20130322_1150,E6,E10,1,0.000080,0.988005,0.002554,0.009362
bbc_20130322_1150,E6,E11,1,0.003562,0.908310,0.024293,0.063836
bbc_20130322_1150,E7,E8,1,0.047153,0.694970,0.071355,0.186522
bbc_20130322_1150,E7,E10,1,0.004487,0.906273,0.025556,0.063683
bbc_20130322_1150,E7,E11,0,0.639873,0.070958,0.085429,0.203741
bbc_20130322_1150,E8,E12,0,0.680298,0.055397,0.073082,0.191223
bbc_20130322_1150,E10,E12,0,0.901622,0.005951,0.025880,0.066546
bbc_20130322_1150,E11,E12,1,0.041283,0.706714,0.075938,0.176065
bbc_20130322_1150,E12,E14,0,0.984430,0.000155,0.003425,0.011989
bbc_20130322_1150,E12,E15,0,0.982963,0.000167,0.003588,0.013283
bbc_20130322_1150,E12,E17,0,0.989487,0.000071,0.002118,0.008324
bbc_20130322_1150,E18,E19,0,0.922138,0.003137,0.021027,0.053698
bbc_20130322_1150,E18,E20,0,0.517900,0.126083,0.101384,0.254633
bbc_20130322_1150,E18,E21,0,0.973460,0.000412,0.006599,0.019529
bbc_20130322_1150,E19,E23,0,0.714644,0.032211,0.057749,0.195397
bbc_20130322_1150,E19,E24,1,0.155139,0.388154,0.107405,0.349302
bbc_20130322_1150,E20,E23,0,0.889133,0.005305,0.022045,0.083518
bbc_20130322_1150,E20,E24,1,0.206658,0.354878,0.101358,0.337106
bbc_20130322_1150,E21,E23,0,0.572378,0.075063,0.070748,0.281810
bbc_20130322_1150,E21,E24,1,0.038977,0.678128,0.063132,0.219764
bbc_20130322_1150,E28,E29,1,0.000040,0.991974,0.001791,0.006196
bbc_20130322_1150,E28,E30,1,0.063461,0.619300,0.064970,0.252269
bbc_20130322_1150,E29,E34,0,0.998901,0.000002,0.000204,0.000894
bbc_20130322_1150,E30,E34,0,0.960704,0.000817,0.008024,0.030455
bbc_20130322_1150,E34,E53,1,0.000155,0.982094,0.003772,0.013979
bbc_20130322_1150,E34,E35,0,0.932500,0.002180,0.013404,0.051916
bbc_20130322_1150,E53,E36,0,0.991546,0.000064,0.001892,0.006498
bbc_20130322_1150,E35,E36,1,0.041866,0.694054,0.066025,0.198055
bbc_20130322_1150,E36,E39,1,0.002862,0.916902,0.021837,0.058400
bbc_20130322_1150,E36,E40,1,0.021731,0.769479,0.047967,0.160823
bbc_20130322_1150,E39,E41,0,0.985006,0.000150,0.003265,0.011580
bbc_20130322_1150,E39,E42,1,0.052446,0.683873,0.077401,0.186279
bbc_20130322_1150,E39,E43,0,0.969073,0.000768,0.008243,0.021915
bbc_20130322_1150,E40,E41,0,0.939286,0.001789,0.013358,0.045567
bbc_20130322_1150,E40,E42,1,0.001789,0.935149,0.016099,0.046962
bbc_20130322_1150,E40,E43,0,0.632805,0.073800,0.070972,0.222423
bbc_20130322_1150,E41,E44,0,0.919176,0.004321,0.021496,0.055007
bbc_20130322_1150,E42,E44,0,0.990614,0.000075,0.002076,0.007235
bbc_20130322_1150,E43,E44,0,0.330773,0.277965,0.103555,0.287706
bbc_20130322_332,E1,E2,0,0.648077,0.056731,0.066200,0.228993
bbc_20130322_332,E1,E3,1,0.209640,0.374084,0.100846,0.315431
bbc_20130322_332,E1,E4,1,0.000046,0.991127,0.001806,0.007021
bbc_20130322_332,E2,E3,1,0.058430,0.653864,0.082093,0.205613
bbc_20130322_332,E2,E4,1,0.000052,0.990341,0.001990,0.007617
bbc_20130322_332,E3,E4,1,0.000138,0.984085,0.003532,0.012245
bbc_20130322_332,E12,E13,1,0.092203,0.507643,0.083891,0.316263
bbc_20130322_332,E17,E18,1,0.031195,0.718072,0.056124,0.194609
bbc_20130322_332,E22,E23,0,0.995449,0.000016,0.000854,0.003681
bbc_20130322_332,E27,E28,0,0.409736,0.193055,0.096779,0.300430
bbc_20130322_332,E27,E29,0,0.993889,0.000030,0.001210,0.004871
bbc_20130322_332,E28,E29,0,0.993475,0.000036,0.001328,0.005162
bbc_20130322_332,E31,E33,0,0.379956,0.213651,0.110723,0.295670
bbc_20130322_332,E31,E34,0,0.363631,0.247424,0.113985,0.274960
bbc_20130322_332,E31,E35,0,0.436230,0.196118,0.108489,0.259162
bbc_20130322_332,E33,E34,0,0.721175,0.043654,0.060498,0.174673
bbc_20130322_332,E33,E35,0,0.780011,0.029479,0.051817,0.138693
bbc_20130322_332,E34,E35,0,0.701888,0.055281,0.066683,0.176149
bbc_20130322_332,E37,E38,0,0.501524,0.103073,0.083886,0.311517
bbc_20130322_332,E37,E40,0,0.366541,0.179900,0.100237,0.353322
bbc_20130322_332,E38,E40,3,0.241207,0.303391,0.104943,0.350460
bbc_20130322_332,E1,E5,0,0.873646,0.006334,0.024811,0.095208
bbc_20130322_332,E2,E5,0,0.755138,0.027339,0.054358,0.163165
bbc_20130322_332,E3,E5,0,0.877879,0.007247,0.029915,0.084959
bbc_20130322_332,E4,E5,0,0.990221,0.000068,0.002058,0.007652
bbc_20130322_332,E5,E9,1,0.000530,0.966487,0.007709,0.025275
bbc_20130322_332,E9,E11,0,0.531342,0.109481,0.111054,0.248122
bbc_20130322_332,E11,E12,0,0.989595,0.000082,0.002279,0.008044
bbc_20130322_332,E11,E13,0,0.980384,0.000213,0.004189,0.015214
bbc_20130322_332,E12,E17,1,0.000576,0.960264,0.008306,0.030855
bbc_20130322_332,E12,E18,1,0.000437,0.966652,0.007049,0.025862
bbc_20130322_332,E13,E17,1,0.004381,0.879443,0.025805,0.090371
bbc_20130322_332,E13,E18,1,0.002950,0.903473,0.021368,0.072208
bbc_20130322_332,E17,E19,0,0.844612,0.008317,0.029341,0.117730
bbc_20130322_332,E18,E19,0,0.943854,0.001253,0.011511,0.043382
bbc_20130322_332,E19,E22,1,0.001474,0.935339,0.014808,0.048380
bbc_20130322_332,E19,E23,0,0.973092,0.000373,0.005984,0.020550
bbc_20130322_332,E22,E24,1,0.031526,0.720753,0.057890,0.189831
bbc_20130322_332,E23,E24,1,0.000032,0.991865,0.001501,0.006601
bbc_20130322_332,E27,E30,0,0.947321,0.001599,0.011490,0.039590
bbc_20130322_332,E28,E30,0,0.954005,0.001375,0.010296,0.034324
bbc_20130322_332,E29,E30,1,0.119143,0.518727,0.081355,0.280776
bbc_20130322_332,E30,E31,1,0.053306,0.643722,0.067496,0.235475
bbc_20130322_332,E30,E33,1,0.003881,0.902679,0.022288,0.071151
bbc_20130322_332,E30,E34,1,0.019146,0.806456,0.044766,0.129631
bbc_20130322_332,E30,E35,1,0.057538,0.663008,0.070102,0.209352
bbc_20130322_332,E31,E36,1,0.056063,0.678350,0.074356,0.191230
bbc_20130322_332,E33,E36,0,0.599459,0.097537,0.079034,0.223969
bbc_20130322_332,E34,E36,0,0.566867,0.136481,0.085194,0.211458
bbc_20130322_332,E35,E36,0,0.637621,0.092541,0.078056,0.191782
bbc_20130322_332,E36,E37,0,0.995101,0.000019,0.000936,0.003945
bbc_20130322_332,E36,E38,0,0.991592,0.000045,0.001621,0.006742
bbc_20130322_332,E36,E40,0,0.989513,0.000067,0.002056,0.008364
bbc_20130322_1600,E2,E5,0,0.951321,0.001215,0.010725,0.036738
bbc_20130322_1600,E6,E7,1,0.026612,0.800225,0.051482,0.121681
bbc_20130322_1600,E6,E8,0,0.992213,0.000065,0.001845,0.005877
bbc_20130322_1600,E6,E9,0,0.965412,0.001049,0.007634,0.025904
bbc_20130322_1600,E7,E8,0,0.997879,0.000006,0.000441,0.001674
bbc_20130322_1600,E7,E9,0,0.993321,0.000044,0.001464,0.005170
bbc_20130322_1600,E8,E9,1,0.098245,0.603681,0.061695,0.236380
bbc_20130322_1600,E10,E11,0,0.917462,0.004215,0.019220,0.059103
bbc_20130322_1600,E10,E12,0,0.974447,0.000401,0.005795,0.019356
bbc_20130322_1600,E11,E12,0,0.891951,0.006233,0.022644,0.079172
bbc_20130322_1600,E16,E20,1,0.170566,0.391290,0.103866,0.334278
bbc_20130322_1600,E21,E22,0,0.939619,0.002270,0.013100,0.045010
bbc_20130322_1600,E2,E6,0,0.895612,0.007363,0.025843,0.071182
bbc_20130322_1600,E2,E7,1,0.285507,0.332258,0.100993,0.281241
bbc_20130322_1600,E2,E8,0,0.995719,0.000019,0.000948,0.003313
bbc_20130322_1600,E2,E9,0,0.988397,0.000113,0.002494,0.008996
bbc_20130322_1600,E5,E6,0,0.519376,0.140772,0.083354,0.256498
bbc_20130322_1600,E5,E7,1,0.015317,0.839432,0.035828,0.109423
bbc_20130322_1600,E5,E8,0,0.983558,0.000235,0.003551,0.012655
bbc_20130322_1600,E5,E9,0,0.936061,0.002978,0.012418,0.048542
bbc_20130322_1600,E6,E10,1,0.215311,0.408536,0.110941,0.265212
bbc_20130322_1600,E6,E11,0,0.701577,0.050104,0.063178,0.185141
bbc_20130322_1600,E6,E12,0,0.983625,0.000188,0.003703,0.012483
bbc_20130322_1600,E7,E10,0,0.388542,0.253224,0.098565,0.259670
bbc_20130322_1600,E7,E11,0,0.979984,0.000358,0.005232,0.014426
bbc_20130322_1600,E7,E12,0,0.988874,0.000097,0.002441,0.008589
bbc_20130322_1600,E8,E10,1,0.000052,0.990973,0.001884,0.007092
bbc_20130322_1600,E8,E11,1,0.007364,0.877851,0.025636,0.089150
bbc_20130322_1600,E8,E12,1,0.061332,0.645953,0.061914,0.230801
bbc_20130322_1600,E9,E10,1,0.000316,0.979042,0.005320,0.015322
bbc_20130322_1600,E9,E11,1,0.191997,0.454629,0.085060,0.268313
bbc_20130322_1600,E9,E12,0,0.560050,0.108571,0.069741,0.261638
bbc_20130322_1600,E10,E13,0,0.989968,0.000085,0.002229,0.007718
bbc_20130322_1600,E11,E13,0,0.862139,0.010298,0.031101,0.096461
bbc_20130322_1600,E12,E13,0,0.846964,0.012087,0.032885,0.108063
bbc_20130322_1600,E13,E30,1,0.002463,0.918490,0.019823,0.059224
bbc_20130322_1600,E30,E14,0,0.977213,0.000297,0.005044,0.017446
bbc_20130322_1600,E14,E16,0,0.777576,0.024867,0.048794,0.148763
bbc_20130322_1600,E14,E20,0,0.476024,0.100843,0.117997,0.305137
bbc_20130322_1600,E16,E21,0,0.641081,0.058129,0.062605,0.238185
bbc_20130322_1600,E16,E22,0,0.943668,0.001328,0.010911,0.044092
bbc_20130322_1600,E20,E21,0,0.878522,0.006438,0.026898,0.088142
bbc_20130322_1600,E20,E22,0,0.967246,0.000605,0.007754,0.024396
bbc_20130322_1600,E21,E25,0,0.990588,0.000066,0.001990,0.007356
bbc_20130322_1600,E22,E25,0,0.968356,0.000445,0.006072,0.025127
WSJ_20130322_804,E1,E2002,0,0.960024,0.000739,0.007953,0.031284
WSJ_20130322_804,E11,E13,0,0.938640,0.001417,0.011286,0.048657
WSJ_20130322_804,E11,E14,1,0.071473,0.559901,0.071130,0.297496
WSJ_20130322_804,E13,E14,1,0.004139,0.884824,0.023496,0.087542
WSJ_20130322_804,E22,E23,3,0.327932,0.199201,0.096541,0.376325
WSJ_20130322_804,E25,E26,0,0.413892,0.140306,0.115325,0.330477
WSJ_20130322_804,E25,E30,0,0.933456,0.001962,0.015885,0.048697
WSJ_20130322_804,E26,E30,0,0.933419,0.002200,0.013752,0.050628
WSJ_20130322_804,E9,E11,3,0.300483,0.230780,0.091177,0.377560
WSJ_20130322_804,E9,E13,0,0.965722,0.000484,0.006241,0.027553
WSJ_20130322_804,E9,E14,1,0.137044,0.423537,0.083320,0.356099
WSJ_20130322_804,E11,E16,1,0.068956,0.594126,0.067098,0.269820
WSJ_20130322_804,E13,E16,1,0.003902,0.891765,0.022413,0.081921
WSJ_20130322_804,E14,E16,1,0.151459,0.422435,0.081275,0.344832
WSJ_20130322_804,E16,E17,0,0.992167,0.000038,0.001507,0.006287
WSJ_20130322_804,E17,E18,1,0.000231,0.975945,0.004990,0.018833
WSJ_20130322_804,E21,E22,0,0.395401,0.148789,0.093334,0.362476
WSJ_20130322_804,E21,E23,3,0.229861,0.289656,0.104802,0.375682
WSJ_20130322_804,E22,E25,0,0.798884,0.014370,0.040014,0.146731
WSJ_20130322_804,E22,E26,0,0.586518,0.064499,0.070215,0.278768
WSJ_20130322_804,E22,E30,0,0.875470,0.005983,0.023435,0.095112
WSJ_20130322_804,E23,E25,0,0.849092,0.008214,0.029592,0.113103
WSJ_20130322_804,E23,E26,0,0.579041,0.067266,0.068461,0.285233
WSJ_20130322_804,E23,E30,0,0.872160,0.006327,0.025062,0.096451
WSJ_20130322_804,E25,E33,0,0.963442,0.000692,0.008511,0.027354
WSJ_20130322_804,E26,E33,0,0.949816,0.001176,0.010547,0.038461
WSJ_20130322_804,E30,E33,0,0.724227,0.029106,0.050251,0.196416
WSJ_20130322_804,E33,E35,1,0.016577,0.781161,0.045682,0.156580
WSJ_20130318_731,E1,E2,1,0.001687,0.944229,0.014834,0.039250
WSJ_20130318_731,E1,E3,1,0.046918,0.675919,0.078386,0.198778
WSJ_20130318_731,E2,E3,0,0.715516,0.049830,0.065176,0.169478
WSJ_20130318_731,E11,E12,1,0.001154,0.946585,0.012249,0.040012
WSJ_20130318_731,E11,E13,0,0.550566,0.096055,0.090379,0.263000
WSJ_20130318_731,E12,E13,0,0.921590,0.003456,0.018350,0.056604
WSJ_20130318_731,E20,E21,0,0.990533,0.000059,0.001891,0.007516
WSJ_20130318_731,E20,E22,0,0.994804,0.000020,0.000963,0.004213
WSJ_20130318_731,E21,E22,0,0.863884,0.007069,0.031100,0.097947
WSJ_20130318_731,E9,E10,1,0.040961,0.700096,0.067796,0.191147
WSJ_20130318_731,E10,E11,0,0.997069,0.000010,0.000610,0.002311
WSJ_20130318_731,E10,E12,0,0.969836,0.000727,0.007392,0.022045
WSJ_20130318_731,E10,E13,0,0.993870,0.000034,0.001279,0.004817
WSJ_20130318_731,E11,E14,1,0.111716,0.511662,0.092272,0.284349
WSJ_20130318_731,E12,E14,0,0.856675,0.010998,0.033122,0.099205
WSJ_20130318_731,E13,E14,3,0.272670,0.290602,0.125567,0.311161
CNN_20130322_1003,E1,E2,1,0.000347,0.979044,0.005775,0.014833
CNN_20130322_1003,E1,E3,0,0.595444,0.122946,0.082032,0.199577
CNN_20130322_1003,E1,E5,0,0.977137,0.000496,0.005358,0.017009
CNN_20130322_1003,E2,E3,0,0.988664,0.000140,0.002859,0.008337
CNN_20130322_1003,E2,E5,0,0.998216,0.000005,0.000379,0.001400
CNN_20130322_1003,E3,E5,0,0.904897,0.008039,0.021490,0.065574
CNN_20130322_1003,E6,E7,1,0.006337,0.924120,0.021702,0.047842
CNN_20130322_1003,E9,E10,0,0.350063,0.320463,0.070210,0.259264
CNN_20130322_1003,E9,E11,1,0.000146,0.986819,0.003218,0.009817
CNN_20130322_1003,E9,E1000,1,0.000026,0.994607,0.001174,0.004192
CNN_20130322_1003,E10,E11,1,0.000813,0.970930,0.007116,0.021142
CNN_20130322_1003,E10,E1000,1,0.000054,0.992318,0.001791,0.005837
CNN_20130322_1003,E11,E1000,1,0.019591,0.844222,0.037802,0.098385
CNN_20130322_1003,E12,E13,1,0.019205,0.845999,0.037552,0.097244
CNN_20130322_1003,E12,E14,1,0.000181,0.984710,0.003732,0.011377
CNN_20130322_1003,E12,E15,1,0.000094,0.988965,0.002558,0.008384
CNN_20130322_1003,E13,E14,1,0.004863,0.923409,0.017338,0.054390
CNN_20130322_1003,E13,E15,1,0.001313,0.959287,0.009734,0.029667
CNN_20130322_1003,E14,E15,1,0.028816,0.829085,0.035598,0.106501
CNN_20130322_1003,E17,E19,1,0.000202,0.981708,0.004286,0.013804
CNN_20130322_1003,E17,E20,0,0.951112,0.001573,0.010938,0.036378
CNN_20130322_1003,E19,E20,0,0.998799,0.000002,0.000223,0.000976
CNN_20130322_1003,E23,E27,0,0.343039,0.265651,0.088013,0.303298
CNN_20130322_1003,E30,E31,1,0.002608,0.917254,0.018296,0.061843
CNN_20130322_1003,E30,E32,1,0.000056,0.990840,0.001979,0.007124
CNN_20130322_1003,E30,E33,1,0.000007,0.997094,0.000557,0.002342
CNN_20130322_1003,E31,E32,1,0.000069,0.990101,0.002176,0.007654
CNN_20130322_1003,E31,E33,1,0.000023,0.994803,0.001174,0.004000
CNN_20130322_1003,E32,E33,1,0.011096,0.884650,0.028778,0.075476
CNN_20130322_1003,E34,E36,1,0.000051,0.991703,0.001815,0.006431
CNN_20130322_1003,E40,E41,1,0.000823,0.964465,0.008903,0.025809
CNN_20130322_1003,E40,E42,1,0.000244,0.981077,0.005003,0.013676
CNN_20130322_1003,E41,E42,1,0.005030,0.919870,0.021098,0.054001
CNN_20130322_1003,E43,E44,0,0.843073,0.014488,0.032306,0.110133
CNN_20130322_1003,E45,E47,0,0.713334,0.042783,0.057148,0.186735
CNN_20130322_1003,E55,E57,0,0.987516,0.000110,0.002502,0.009872
CNN_20130322_1003,E1,E6,0,0.686883,0.095850,0.062106,0.155160
CNN_20130322_1003,E1,E7,1,0.012929,0.881575,0.033785,0.071711
CNN_20130322_1003,E2,E6,0,0.990620,0.000132,0.002555,0.006693
CNN_20130322_1003,E2,E7,0,0.861434,0.021045,0.038825,0.078696
CNN_20130322_1003,E3,E6,1,0.333772,0.348596,0.091675,0.225957
CNN_20130322_1003,E3,E7,1,0.002721,0.946683,0.015836,0.034760
CNN_20130322_1003,E5,E6,1,0.000545,0.974345,0.006586,0.018524
CNN_20130322_1003,E5,E7,1,0.000033,0.994089,0.001463,0.004415
CNN_20130322_1003,E6,E9,0,0.997204,0.000012,0.000619,0.002165
CNN_20130322_1003,E6,E10,0,0.997035,0.000013,0.000617,0.002335
CNN_20130322_1003,E6,E11,0,0.627997,0.119316,0.064928,0.187759
CNN_20130322_1003,E6,E1000,1,0.063544,0.722409,0.057404,0.156643
CNN_20130322_1003,E7,E9,0,0.998486,0.000004,0.000342,0.001167
CNN_20130322_1003,E7,E10,0,0.998572,0.000004,0.000324,0.001100
CNN_20130322_1003,E7,E11,0,0.898262,0.012338,0.027621,0.061779
CNN_20130322_1003,E7,E1000,0,0.371471,0.313384,0.101176,0.213969
CNN_20130322_1003,E9,E12,1,0.008002,0.902693,0.022963,0.066342
CNN_20130322_1003,E9,E13,1,0.000304,0.980571,0.004699,0.014426
CNN_20130322_1003,E9,E14,1,0.000024,0.994920,0.001098,0.003958
CNN_20130322_1003,E9,E15,1,0.000018,0.995624,0.000924,0.003434
CNN_20130322_1003,E10,E12,1,0.071497,0.711075,0.055244,0.162184
CNN_20130322_1003,E10,E13,1,0.003014,0.947167,0.013122,0.036698
CNN_20130322_1003,E10,E14,1,0.000058,0.992565,0.001749,0.005628
CNN_20130322_1003,E10,E15,1,0.000047,0.993560,0.001581,0.004813
CNN_20130322_1003,E11,E12,0,0.953154,0.002482,0.011952,0.032412
CNN_20130322_1003,E11,E13,0,0.752032,0.060370,0.052439,0.135159
CNN_20130322_1003,E11,E14,1,0.133292,0.598920,0.068386,0.199402
CNN_20130322_1003,E11,E15,1,0.065074,0.723264,0.055015,0.156648
CNN_20130322_1003,E1000,E12,0,0.993010,0.000062,0.001704,0.005225
CNN_20130322_1003,E1000,E13,0,0.978911,0.000598,0.005811,0.014679
CNN_20130322_1003,E1000,E14,0,0.834899,0.027637,0.035900,0.101564
CNN_20130322_1003,E1000,E15,0,0.741279,0.060758,0.052565,0.145397
CNN_20130322_1003,E12,E17,1,0.021778,0.824960,0.040410,0.112852
CNN_20130322_1003,E12,E19,1,0.000100,0.988379,0.002702,0.008819
CNN_20130322_1003,E12,E20,0,0.854872,0.016265,0.030641,0.098222
CNN_20130322_1003,E13,E17,0,0.411272,0.250270,0.084542,0.253915
CNN_20130322_1003,E13,E19,1,0.000476,0.974077,0.006501,0.018945
CNN_20130322_1003,E13,E20,0,0.989105,0.000110,0.002375,0.008410
CNN_20130322_1003,E14,E17,0,0.730895,0.060777,0.048993,0.159336
CNN_20130322_1003,E14,E19,1,0.002815,0.939970,0.013786,0.043429
CNN_20130322_1003,E14,E20,0,0.995811,0.000020,0.000872,0.003296
CNN_20130322_1003,E15,E17,0,0.821831,0.027021,0.035211,0.115937
CNN_20130322_1003,E15,E19,1,0.006967,0.902556,0.021599,0.068878
CNN_20130322_1003,E15,E20,0,0.996838,0.000011,0.000644,0.002506
CNN_20130322_1003,E17,E21,0,0.871484,0.011908,0.027956,0.088653
CNN_20130322_1003,E19,E21,0,0.995716,0.000021,0.000897,0.003366
CNN_20130322_1003,E20,E21,1,0.012128,0.852238,0.028257,0.107376
CNN_20130322_1003,E21,E23,0,0.865474,0.015858,0.032508,0.086161
CNN_20130322_1003,E21,E27,0,0.946190,0.002328,0.012893,0.038589
CNN_20130322_1003,E30,E34,0,0.825603,0.016993,0.036100,0.121303
CNN_20130322_1003,E30,E36,1,0.000774,0.965001,0.009500,0.024726
CNN_20130322_1003,E31,E34,0,0.967723,0.000857,0.007147,0.024274
CNN_20130322_1003,E31,E36,1,0.012912,0.869755,0.028877,0.088455
CNN_20130322_1003,E32,E34,0,0.998725,0.000002,0.000248,0.001025
CNN_20130322_1003,E32,E36,0,0.928658,0.005144,0.017297,0.048901
CNN_20130322_1003,E33,E34,0,0.998908,0.000002,0.000222,0.000868
CNN_20130322_1003,E33,E36,0,0.941379,0.004261,0.014444,0.039917
CNN_20130322_1003,E34,E38,1,0.021896,0.768457,0.049067,0.160580
CNN_20130322_1003,E36,E38,0,0.926185,0.003702,0.017265,0.052848
CNN_20130322_1003,E38,E40,0,0.885148,0.007926,0.025839,0.081087
CNN_20130322_1003,E38,E41,1,0.039401,0.760754,0.055889,0.143956
CNN_20130322_1003,E38,E42,1,0.005946,0.905236,0.027301,0.061517
CNN_20130322_1003,E40,E43,0,0.846785,0.014920,0.031893,0.106402
CNN_20130322_1003,E40,E44,0,0.960142,0.001157,0.008570,0.030131
CNN_20130322_1003,E41,E43,0,0.980176,0.000379,0.004463,0.014983
CNN_20130322_1003,E41,E44,0,0.995007,0.000026,0.001072,0.003894
CNN_20130322_1003,E42,E43,0,0.987192,0.000162,0.003408,0.009238
CNN_20130322_1003,E42,E44,0,0.995392,0.000023,0.001054,0.003531
CNN_20130322_1003,E43,E45,0,0.529429,0.116090,0.083991,0.270490
CNN_20130322_1003,E43,E47,0,0.639024,0.073526,0.069276,0.218173
CNN_20130322_1003,E44,E45,1,0.024257,0.766436,0.044703,0.164604
CNN_20130322_1003,E44,E47,1,0.196511,0.378076,0.084802,0.340611
CNN_20130322_1003,E45,E48,0,0.698529,0.049950,0.061847,0.189674
CNN_20130322_1003,E47,E48,0,0.551665,0.110561,0.075482,0.262292
CNN_20130322_1003,E48,E50,0,0.975703,0.000377,0.005479,0.018441
CNN_20130322_1003,E50,E51,1,0.000479,0.965139,0.007371,0.027011
CNN_20130322_1003,E51,E52,0,0.870972,0.007463,0.025890,0.095674
CNN_20130322_1003,E52,E53,0,0.986037,0.000137,0.003129,0.010697
CNN_20130322_1003,E53,E55,0,0.343267,0.231357,0.098963,0.326412
