WSJ_20130322_159,E5,E6,1,0.001534,0.954107,0.012079,0.032279
WSJ_20130322_159,E5,E10,0,0.611689,0.063197,0.061613,0.263501
WSJ_20130322_159,E5,E11,0,0.964638,0.000719,0.006689,0.027954
WSJ_20130322_159,E6,E10,0,0.880186,0.006040,0.022532,0.091243
WSJ_20130322_159,E6,E11,0,0.994574,0.000025,0.001097,0.004304
WSJ_20130322_159,E10,E11,0,0.901078,0.002851,0.015936,0.080135
WSJ_20130322_159,E12,E14,3,0.253507,0.275779,0.081463,0.389251
WSJ_20130322_159,E18,E19,0,0.762747,0.034588,0.050424,0.152241
WSJ_20130322_159,E20,E22,1,0.000034,0.991772,0.001719,0.006475
WSJ_20130322_159,E29,E31,0,0.807701,0.018093,0.030340,0.143867
WSJ_20130322_159,E29,E34,0,0.334522,0.259926,0.073965,0.331586
WSJ_20130322_159,E29,E37,0,0.981257,0.000227,0.003628,0.014888
WSJ_20130322_159,E31,E34,1,0.122704,0.513474,0.068366,0.295457
WSJ_20130322_159,E31,E37,0,0.951188,0.001333,0.009502,0.037976
WSJ_20130322_159,E34,E37,0,0.989242,0.000088,0.002251,0.008419
WSJ_20130322_159,E38,E39,1,0.000479,0.972326,0.007054,0.020140
WSJ_20130322_159,E38,E40,1,0.003201,0.887014,0.022206,0.087580
WSJ_20130322_159,E39,E40,3,0.335837,0.225733,0.087726,0.350704
WSJ_20130322_159,E42,E44,1,0.000115,0.980336,0.003631,0.015918
WSJ_20130322_159,E46,E47,1,0.001480,0.935905,0.014928,0.047687
WSJ_20130322_159,E46,E49,0,0.595935,0.070534,0.063178,0.270353
WSJ_20130322_159,E47,E49,0,0.642489,0.059291,0.053296,0.244923
WSJ_20130322_159,E1,E5,1,0.065336,0.654228,0.057277,0.223158
WSJ_20130322_159,E1,E6,1,0.000285,0.975056,0.005387,0.019272
WSJ_20130322_159,E1,E10,1,0.099450,0.503569,0.071693,0.325288
WSJ_20130322_159,E1,E11,0,0.812914,0.017226,0.031341,0.138518
WSJ_20130322_159,E5,E12,0,0.995472,0.000015,0.000828,0.003685
WSJ_20130322_159,E5,E14,0,0.951833,0.000983,0.008356,0.038827
WSJ_20130322_159,E6,E12,0,0.997909,0.000004,0.000368,0.001719
WSJ_20130322_159,E6,E14,0,0.993739,0.000028,0.001215,0.005018
WSJ_20130322_159,E10,E12,0,0.969258,0.000293,0.005122,0.025326
WSJ_20130322_159,E10,E14,0,0.768960,0.013335,0.033927,0.183779
WSJ_20130322_159,E11,E12,0,0.765864,0.014536,0.034279,0.185321
WSJ_20130322_159,E11,E14,3,0.194839,0.279300,0.078588,0.447273
WSJ_20130322_159,E12,E18,0,0.947327,0.000974,0.008829,0.042870
WSJ_20130322_159,E12,E19,0,0.639394,0.066261,0.062935,0.231410
WSJ_20130322_159,E14,E18,0,0.989482,0.000058,0.001817,0.008643
WSJ_20130322_159,E14,E19,0,0.915300,0.004919,0.017038,0.062743
WSJ_20130322_159,E18,E20,1,0.000416,0.964443,0.007583,0.027558
WSJ_20130322_159,E18,E22,1,0.000002,0.998138,0.000324,0.001536
WSJ_20130322_159,E19,E20,1,0.000136,0.982395,0.003655,0.013814
WSJ_20130322_159,E19,E22,1,0.000002,0.998346,0.000312,0.001340
WSJ_20130322_159,E20,E26,3,0.265046,0.319053,0.086415,0.329487
WSJ_20130322_159,E22,E26,0,0.969386,0.001034,0.007036,0.022543
WSJ_20130322_159,E26,E29,0,0.994460,0.000022,0.001052,0.004466
WSJ_20130322_159,E26,E31,0,0.997265,0.000006,0.000481,0.002248
WSJ_20130322_159,E26,E34,0,0.990102,0.000064,0.001952,0.007882
WSJ_20130322_159,E26,E37,0,0.998025,0.000004,0.000365,0.001606
WSJ_20130322_159,E29,E38,0,0.700038,0.042365,0.047648,0.209948
WSJ_20130322_159,E29,E39,1,0.000077,0.988811,0.002402,0.008709
WSJ_20130322_159,E29,E40,1,0.003171,0.897932,0.017829,0.081067
WSJ_20130322_159,E31,E38,0,0.364883,0.202922,0.082228,0.349966
WSJ_20130322_159,E31,E39,1,0.000024,0.993996,0.001292,0.004687
WSJ_20130322_159,E31,E40,1,0.000519,0.957679,0.007836,0.033966
WSJ_20130322_159,E34,E38,0,0.797228,0.021120,0.036105,0.145548
WSJ_20130322_159,E34,E39,1,0.000176,0.984129,0.003643,0.012052
WSJ_20130322_159,E34,E40,1,0.007809,0.851879,0.027329,0.112984
WSJ_20130322_159,E37,E38,1,0.026308,0.694430,0.049299,0.229963
WSJ_20130322_159,E37,E39,1,0.000005,0.997202,0.000517,0.002276
WSJ_20130322_159,E37,E40,1,0.000067,0.984801,0.002617,0.012515
WSJ_20130322_159,E38,E42,0,0.950723,0.000865,0.009988,0.038424
WSJ_20130322_159,E38,E44,1,0.038114,0.616171,0.060480,0.285235
WSJ_20130322_159,E39,E42,0,0.996854,0.000008,0.000552,0.002587
WSJ_20130322_159,E39,E44,0,0.660372,0.046334,0.053387,0.239907
WSJ_20130322_159,E40,E42,0,0.992400,0.000034,0.001407,0.006159
WSJ_20130322_159,E40,E44,3,0.275108,0.230054,0.089807,0.405031
WSJ_20130322_159,E42,E46,0,0.930309,0.001858,0.012444,0.055389
WSJ_20130322_159,E42,E47,3,0.179665,0.316474,0.091391,0.412471
WSJ_20130322_159,E42,E49,3,0.339066,0.204844,0.084900,0.371190
WSJ_20130322_159,E44,E46,0,0.996482,0.000008,0.000593,0.002917
WSJ_20130322_159,E44,E47,0,0.983649,0.000128,0.002943,0.013280
WSJ_20130322_159,E44,E49,0,0.984950,0.000125,0.002665,0.012261
WSJ_20130322_159,E46,E55,0,0.938338,0.002385,0.014793,0.044483
WSJ_20130322_159,E47,E55,0,0.966400,0.000954,0.007121,0.025525
WSJ_20130322_159,E49,E55,0,0.861579,0.013744,0.024401,0.100275
nyt_20130322_strange_computer,E8,E11,0,0.998329,0.000004,0.000346,0.001322
nyt_20130322_strange_computer,E14,E16,1,0.000280,0.976871,0.005784,0.017065
nyt_20130322_strange_computer,E19,E22,3,0.238044,0.307128,0.094884,0.359944
nyt_20130322_strange_computer,E19,E23,1,0.001142,0.940319,0.012493,0.046046
nyt_20130322_strange_computer,E22,E23,1,0.031316,0.696031,0.063458,0.209195
nyt_20130322_strange_computer,E6,E8,1,0.135295,0.505231,0.097186,0.262289
nyt_20130322_strange_computer,E6,E11,0,0.996522,0.000012,0.000705,0.002761
nyt_20130322_strange_computer,E8,E14,0,0.996959,0.000011,0.000678,0.002352
nyt_20130322_strange_computer,E8,E16,0,0.880622,0.010968,0.030864,0.077546
nyt_20130322_strange_computer,E11,E14,0,0.680142,0.043044,0.058728,0.218085
nyt_20130322_strange_computer,E11,E16,1,0.000303,0.972875,0.006037,0.020786
nyt_20130322_strange_computer,E14,E19,0,0.608589,0.084471,0.073727,0.233213
nyt_20130322_strange_computer,E14,E22,1,0.191444,0.366559,0.103795,0.338202
nyt_20130322_strange_computer,E14,E23,1,0.002496,0.903643,0.021311,0.072550
nyt_20130322_strange_computer,E16,E19,0,0.992958,0.000046,0.001592,0.005404
nyt_20130322_strange_computer,E16,E22,0,0.981589,0.000204,0.004166,0.014041
nyt_20130322_strange_computer,E16,E23,0,0.745868,0.028994,0.051931,0.173206
nyt_20130322_strange_computer,E19,E24,3,0.311075,0.241548,0.101241,0.346136
nyt_20130322_strange_computer,E22,E24,0,0.681369,0.043251,0.067756,0.207624
nyt_20130322_strange_computer,E23,E24,0,0.855969,0.011832,0.034509,0.097691
CNN_20130321_821,E4,E5,1,0.058557,0.578679,0.078706,0.284057
CNN_20130321_821,E5,E8,0,0.539064,0.064133,0.074886,0.321917
CNN_20130321_821,E8,E1000,0,0.922708,0.001773,0.015458,0.060062
CNN_20130321_821,E1002,E20,0,0.883655,0.004215,0.027318,0.084812
nyt_20130321_cyprus,E2,E5,1,0.046636,0.678761,0.069152,0.205452
nyt_20130321_cyprus,E7,E2009,1,0.022415,0.755475,0.045474,0.176636
nyt_20130321_cyprus,E13,E15,0,0.667215,0.038957,0.057463,0.236365
nyt_20130321_cyprus,E22,E23,1,0.108657,0.478675,0.074992,0.337676
nyt_20130321_cyprus,E22,E24,1,0.000037,0.991885,0.001723,0.006355
nyt_20130321_cyprus,E23,E24,1,0.001042,0.951150,0.010689,0.037120
nyt_20130321_cyprus,E33,E35,1,0.209702,0.374364,0.098419,0.317516
nyt_20130321_cyprus,E41,E42,1,0.000694,0.948659,0.009936,0.040710
nyt_20130321_cyprus,E46,E47,0,0.673178,0.089068,0.060013,0.177741
nyt_20130321_cyprus,E48,E51,0,0.977871,0.000292,0.004831,0.017006
nyt_20130321_cyprus,E2,E7,0,0.980288,0.000297,0.004971,0.014444
nyt_20130321_cyprus,E2,E2009,0,0.804917,0.020187,0.045201,0.129694
nyt_20130321_cyprus,E5,E7,0,0.990683,0.000067,0.002035,0.007215
nyt_20130321_cyprus,E5,E2009,0,0.924177,0.002834,0.016437,0.056552
nyt_20130321_cyprus,E7,E9,1,0.000031,0.991836,0.001618,0.006515
nyt_20130321_cyprus,E2009,E9,1,0.000715,0.956712,0.009928,0.032644
nyt_20130321_cyprus,E10,E13,0,0.979611,0.000288,0.004820,0.015281
nyt_20130321_cyprus,E10,E15,0,0.995461,0.000018,0.000927,0.003594
nyt_20130321_cyprus,E13,E21,0,0.835982,0.012412,0.033692,0.117914
nyt_20130321_cyprus,E15,E21,0,0.731447,0.026064,0.049530,0.192960
nyt_20130321_cyprus,E21,E22,0,0.928555,0.002880,0.014955,0.053610
nyt_20130321_cyprus,E21,E23,0,0.550678,0.084998,0.070797,0.293527
nyt_20130321_cyprus,E21,E24,1,0.000161,0.982749,0.004062,0.013027
nyt_20130321_cyprus,E22,E25,1,0.000250,0.971532,0.005479,0.022738
nyt_20130321_cyprus,E23,E25,1,0.019339,0.741081,0.046522,0.193057
nyt_20130321_cyprus,E24,E25,0,0.888494,0.007154,0.024644,0.079708
nyt_20130321_cyprus,E33,E36,1,0.046096,0.607604,0.068701,0.277599
nyt_20130321_cyprus,E35,E36,3,0.247258,0.236877,0.098357,0.417508
nyt_20130321_cyprus,E36,E41,0,0.984938,0.000109,0.002944,0.012009
nyt_20130321_cyprus,E36,E42,1,0.017457,0.729233,0.047913,0.205398
nyt_20130321_cyprus,E46,E48,0,0.311926,0.297162,0.088443,0.302469
nyt_20130321_cyprus,E46,E51,0,0.989778,0.000112,0.002538,0.007572
nyt_20130321_cyprus,E47,E48,1,0.149850,0.486439,0.076099,0.287612
nyt_20130321_cyprus,E47,E51,0,0.976005,0.000519,0.005379,0.018096
nyt_20130321_cyprus,E48,E57,1,0.000036,0.992400,0.001704,0.005860
nyt_20130321_cyprus,E51,E57,1,0.000003,0.997860,0.000415,0.001721
bbc_20130322_1353,E1,E5,1,0.000003,0.998035,0.000352,0.001610
bbc_20130322_1353,E8,E10,1,0.000092,0.987385,0.002830,0.009693
bbc_20130322_1353,E15,E16,1,0.011762,0.788703,0.036195,0.163340
bbc_20130322_1353,E19,E20,1,0.000252,0.987022,0.003742,0.008984
bbc_20130322_1353,E19,E21,1,0.001187,0.967930,0.009048,0.021835
bbc_20130322_1353,E20,E21,1,0.180282,0.607226,0.066252,0.146240
bbc_20130322_1353,E23,E25,1,0.133115,0.462403,0.086323,0.318159
bbc_20130322_1353,E23,E26,1,0.001672,0.931787,0.015110,0.051431
bbc_20130322_1353,E23,E27,1,0.000073,0.989144,0.002560,0.008224
bbc_20130322_1353,E25,E26,1,0.001832,0.924346,0.014458,0.059364
bbc_20130322_1353,E25,E27,1,0.000026,0.992688,0.001448,0.005837
bbc_20130322_1353,E26,E27,1,0.000260,0.975497,0.005399,0.018845
bbc_20130322_1353,E28,E29,1,0.000079,0.988539,0.002689,0.008692
bbc_20130322_1353,E28,E31,1,0.000022,0.994166,0.001243,0.004570
bbc_20130322_1353,E29,E31,1,0.049861,0.754555,0.048985,0.146599
bbc_20130322_1353,E33,E34,0,0.870201,0.009373,0.024188,0.096237
bbc_20130322_1353,E35,E36,0,0.752924,0.034302,0.047907,0.164867
bbc_20130322_1353,E35,E37,1,0.000192,0.979390,0.004703,0.015716
bbc_20130322_1353,E36,E37,1,0.000044,0.989772,0.001931,0.008254
bbc_20130322_1353,E1,E8,0,0.485559,0.105920,0.069243,0.339277
bbc_20130322_1353,E1,E10,1,0.000061,0.990403,0.002195,0.007340
bbc_20130322_1353,E5,E8,0,0.998185,0.000003,0.000318,0.001494
bbc_20130322_1353,E5,E10,0,0.881718,0.011781,0.027766,0.078734
bbc_20130322_1353,E8,E11,0,0.539634,0.065768,0.064059,0.330539
bbc_20130322_1353,E10,E11,0,0.990750,0.000053,0.001799,0.007398
bbc_20130322_1353,E11,E13,0,0.398570,0.132451,0.081513,0.387466
bbc_20130322_1353,E13,E15,0,0.966563,0.000508,0.006636,0.026293
bbc_20130322_1353,E13,E16,0,0.794984,0.014105,0.035328,0.155582
bbc_20130322_1353,E15,E17,1,0.000886,0.938170,0.011099,0.049845
bbc_20130322_1353,E16,E17,1,0.005561,0.850563,0.025652,0.118225
bbc_20130322_1353,E17,E19,1,0.155459,0.507942,0.077854,0.258745
bbc_20130322_1353,E17,E20,1,0.000267,0.982135,0.004609,0.012990
bbc_20130322_1353,E17,E21,1,0.001010,0.961528,0.009741,0.027721
bbc_20130322_1353,E19,E23,0,0.818913,0.022802,0.037934,0.120352
bbc_20130322_1353,E19,E25,0,0.745793,0.050963,0.046184,0.157060
bbc_20130322_1353,E19,E26,1,0.082892,0.645612,0.065439,0.206057
bbc_20130322_1353,E19,E27,1,0.001692,0.955163,0.010913,0.032232
bbc_20130322_1353,E20,E23,0,0.979487,0.000600,0.005139,0.014774
bbc_20130322_1353,E20,E25,0,0.985967,0.000277,0.003257,0.010499
bbc_20130322_1353,E20,E26,0,0.882187,0.015206,0.025940,0.076666
bbc_20130322_1353,E20,E27,1,0.102377,0.685686,0.056315,0.155622
bbc_20130322_1353,E21,E23,0,0.973839,0.000880,0.006830,0.018451
bbc_20130322_1353,E21,E25,0,0.981233,0.000446,0.004535,0.013785
bbc_20130322_1353,E21,E26,0,0.847869,0.022751,0.034203,0.095177
bbc_20130322_1353,E21,E27,1,0.069664,0.739189,0.053053,0.138094
bbc_20130322_1353,E23,E28,0,0.355431,0.219104,0.090331,0.335134
bbc_20130322_1353,E23,E29,1,0.006293,0.891289,0.023686,0.078733
bbc_20130322_1353,E23,E31,1,0.006174,0.906727,0.021136,0.065963
bbc_20130322_1353,E25,E28,0,0.589022,0.072627,0.061201,0.277150
bbc_20130322_1353,E25,E29,1,0.013047,0.834584,0.030744,0.121625
bbc_20130322_1353,E25,E31,1,0.019752,0.819945,0.034085,0.126218
bbc_20130322_1353,E26,E28,0,0.883422,0.006369,0.021975,0.088234
bbc_20130322_1353,E26,E29,1,0.117213,0.547732,0.074026,0.261029
bbc_20130322_1353,E26,E31,1,0.179183,0.483186,0.078401,0.259229
bbc_20130322_1353,E27,E28,0,0.984932,0.000148,0.003094,0.011827
bbc_20130322_1353,E27,E29,0,0.699988,0.059863,0.054225,0.185925
bbc_20130322_1353,E27,E31,0,0.781987,0.039381,0.042363,0.136269
bbc_20130322_1353,E28,E33,1,0.094230,0.511499,0.078628,0.315643
bbc_20130322_1353,E28,E34,0,0.404921,0.169740,0.078074,0.347264
bbc_20130322_1353,E29,E33,0,0.942391,0.002134,0.011453,0.044023
bbc_20130322_1353,E29,E34,0,0.994345,0.000026,0.001109,0.004520
bbc_20130322_1353,E31,E33,0,0.958290,0.001457,0.008435,0.031818
bbc_20130322_1353,E31,E34,0,0.995079,0.000024,0.000961,0.003936
bbc_20130322_1353,E33,E35,0,0.994619,0.000022,0.001033,0.004327
bbc_20130322_1353,E33,E36,0,0.997864,0.000005,0.000417,0.001714
bbc_20130322_1353,E33,E37,1,0.134625,0.487110,0.083653,0.294612
bbc_20130322_1353,E34,E35,0,0.995158,0.000017,0.000885,0.003940
bbc_20130322_1353,E34,E36,0,0.993954,0.000028,0.001175,0.004844
bbc_20130322_1353,E34,E37,1,0.136412,0.498572,0.075210,0.289805
nyt_20130321_women_senate,E1000009,E2,1,0.300730,0.354164,0.089554,0.255552
nyt_20130321_women_senate,E4,E5,1,0.001478,0.952998,0.013266,0.032259
nyt_20130321_women_senate,E4,E6,0,0.397262,0.257075,0.095427,0.250236
nyt_20130321_women_senate,E5,E6,0,0.926634,0.004636,0.018024,0.050705
nyt_20130321_women_senate,E9,E10,0,0.993037,0.000043,0.001546,0.005374
nyt_20130321_women_senate,E11,E12,0,0.853985,0.020613,0.036553,0.088849
nyt_20130321_women_senate,E14,E15,1,0.024582,0.756077,0.057828,0.161513
nyt_20130321_women_senate,E16,E17,1,0.005785,0.862425,0.027511,0.104279
nyt_20130321_women_senate,E19,E20,1,0.000061,0.990090,0.002308,0.007540
nyt_20130321_women_senate,E19,E21,1,0.000549,0.966460,0.008580,0.024411
nyt_20130321_women_senate,E20,E21,0,0.670008,0.066275,0.074480,0.189237
nyt_20130321_women_senate,E23,E24,0,0.921672,0.003423,0.017950,0.056956
nyt_20130321_women_senate,E26,E27,0,0.952925,0.002024,0.012130,0.032922
nyt_20130321_women_senate,E26,E1000014,0,0.801937,0.030928,0.046687,0.120448
nyt_20130321_women_senate,E27,E1000014,1,0.044911,0.704755,0.061654,0.188680
nyt_20130321_women_senate,E37,E1000015,0,0.505441,0.082668,0.069012,0.342879
nyt_20130321_women_senate,E40,E41,0,0.936403,0.002084,0.013575,0.047939
nyt_20130321_women_senate,E40,E42,0,0.783327,0.022779,0.044527,0.149366
nyt_20130321_women_senate,E41,E42,1,0.118550,0.521600,0.081386,0.278464
nyt_20130321_women_senate,E43,E47,0,0.997111,0.000009,0.000579,0.002301
nyt_20130321_women_senate,E43,E48,0,0.990477,0.000059,0.001963,0.007501
nyt_20130321_women_senate,E47,E48,3,0.249264,0.235391,0.101556,0.413789
nyt_20130321_women_senate,E49,E50,0,0.951631,0.001620,0.011068,0.035681
nyt_20130321_women_senate,E49,E53,1,0.160864,0.481007,0.089386,0.268743
nyt_20130321_women_senate,E50,E53,1,0.002672,0.923098,0.016712,0.057519
nyt_20130321_women_senate,E1000009,E4,0,0.348039,0.313013,0.097182,0.241766
nyt_20130321_women_senate,E1000009,E5,1,0.000159,0.985491,0.003800,0.010549
nyt_20130321_women_senate,E1000009,E6,1,0.081299,0.677745,0.061433,0.179523
nyt_20130321_women_senate,E2,E4,0,0.598738,0.108580,0.082777,0.209904
nyt_20130321_women_senate,E2,E5,1,0.001133,0.956928,0.011098,0.030841
nyt_20130321_women_senate,E2,E6,1,0.292829,0.349348,0.090505,0.267319
nyt_20130321_women_senate,E4,E7,0,0.981785,0.000260,0.004601,0.013354
nyt_20130321_women_senate,E5,E7,0,0.996315,0.000014,0.000797,0.002874
nyt_20130321_women_senate,E6,E7,0,0.982008,0.000245,0.004110,0.013637
nyt_20130321_women_senate,E7,E8,1,0.002555,0.927806,0.016197,0.053442
nyt_20130321_women_senate,E8,E9,0,0.929748,0.003911,0.015413,0.050928
nyt_20130321_women_senate,E8,E10,0,0.998225,0.000005,0.000377,0.001393
nyt_20130321_women_senate,E11,E1000012,0,0.715349,0.061290,0.057615,0.165746
nyt_20130321_women_senate,E12,E1000012,1,0.058252,0.715126,0.059881,0.166741
nyt_20130321_women_senate,E14,E16,0,0.882294,0.006563,0.026447,0.084696
nyt_20130321_women_senate,E14,E17,0,0.575205,0.092948,0.082514,0.249333
nyt_20130321_women_senate,E15,E16,0,0.941512,0.001435,0.013902,0.043151
nyt_20130321_women_senate,E15,E17,0,0.772944,0.019683,0.051161,0.156213
nyt_20130321_women_senate,E16,E19,1,0.158505,0.442226,0.090466,0.308803
nyt_20130321_women_senate,E16,E20,1,0.000057,0.988891,0.002339,0.008713
nyt_20130321_women_senate,E16,E21,1,0.000734,0.952839,0.010286,0.036140
nyt_20130321_women_senate,E17,E19,0,0.792535,0.027040,0.045834,0.134592
nyt_20130321_women_senate,E17,E20,1,0.000592,0.963479,0.008979,0.026950
nyt_20130321_women_senate,E17,E21,1,0.029664,0.738726,0.056806,0.174804
nyt_20130321_women_senate,E19,E22,1,0.000876,0.961558,0.009732,0.027835
nyt_20130321_women_senate,E20,E22,0,0.783954,0.035011,0.050231,0.130803
nyt_20130321_women_senate,E21,E22,0,0.324555,0.278177,0.102296,0.294972
nyt_20130321_women_senate,E22,E23,0,0.963734,0.000897,0.008685,0.026684
nyt_20130321_women_senate,E22,E24,0,0.996717,0.000012,0.000710,0.002560
nyt_20130321_women_senate,E23,E25,0,0.870586,0.006289,0.027183,0.095942
nyt_20130321_women_senate,E24,E25,0,0.524069,0.074326,0.078061,0.323544
nyt_20130321_women_senate,E25,E26,1,0.000080,0.987834,0.002799,0.009287
nyt_20130321_women_senate,E25,E27,1,0.008784,0.840227,0.033322,0.117666
nyt_20130321_women_senate,E25,E1000014,1,0.003115,0.907371,0.021039,0.068475
nyt_20130321_women_senate,E26,E29,0,0.617987,0.079426,0.078511,0.224076
nyt_20130321_women_senate,E27,E29,1,0.012007,0.820312,0.040029,0.127652
nyt_20130321_women_senate,E1000014,E29,1,0.023447,0.770142,0.052595,0.153816
nyt_20130321_women_senate,E29,E36,0,0.990620,0.000062,0.002019,0.007299
nyt_20130321_women_senate,E36,E37,0,0.842091,0.007695,0.029249,0.120965
nyt_20130321_women_senate,E36,E1000015,0,0.860039,0.005872,0.023247,0.110841
nyt_20130321_women_senate,E37,E40,1,0.000023,0.993225,0.001340,0.005412
nyt_20130321_women_senate,E37,E41,1,0.005415,0.873709,0.024920,0.095956
nyt_20130321_women_senate,E37,E42,1,0.000249,0.973503,0.005470,0.020779
nyt_20130321_women_senate,E1000015,E40,1,0.000122,0.982503,0.003575,0.013801
nyt_20130321_women_senate,E1000015,E41,1,0.059321,0.622454,0.061305,0.256920
nyt_20130321_women_senate,E1000015,E42,1,0.006115,0.867828,0.025354,0.100702
nyt_20130321_women_senate,E40,E43,0,0.827618,0.015326,0.035204,0.121852
nyt_20130321_women_senate,E40,E47,0,0.995279,0.000017,0.000922,0.003782
nyt_20130321_women_senate,E40,E48,0,0.984229,0.000123,0.003182,0.012466
nyt_20130321_women_senate,E41,E43,1,0.202751,0.403878,0.087794,0.305576
nyt_20130321_women_senate,E41,E47,0,0.982075,0.000179,0.003811,0.013935
nyt_20130321_women_senate,E41,E48,0,0.918552,0.002335,0.016495,0.062619
nyt_20130321_women_senate,E42,E43,0,0.524176,0.131397,0.080970,0.263457
nyt_20130321_women_senate,E42,E47,0,0.990301,0.000065,0.002071,0.007563
nyt_20130321_women_senate,E42,E48,0,0.966497,0.000490,0.007296,0.025717
nyt_20130321_women_senate,E43,E49,0,0.915232,0.005203,0.019886,0.059679
nyt_20130321_women_senate,E43,E50,0,0.994037,0.000034,0.001305,0.004624
nyt_20130321_women_senate,E43,E53,0,0.583232,0.119747,0.073807,0.223214
nyt_20130321_women_senate,E47,E49,1,0.008667,0.850431,0.032165,0.108737
nyt_20130321_women_senate,E47,E50,0,0.477783,0.137812,0.080745,0.303660
nyt_20130321_women_senate,E47,E53,1,0.000344,0.971521,0.006396,0.021740
nyt_20130321_women_senate,E48,E49,3,0.238736,0.295692,0.106444,0.359128
nyt_20130321_women_senate,E48,E50,0,0.908960,0.003337,0.018480,0.069224
nyt_20130321_women_senate,E48,E53,1,0.017695,0.781744,0.045633,0.154929
bbc_20130322_1150,E1,E2,0,0.906895,0.015168,0.025835,0.052102
bbc_20130322_1150,E6,E7,1,0.011346,0.813387,0.041915,0.133352
bbc_20130322_1150,E8,E10,1,0.059570,0.676245,0.073436,0.190749
bbc_20130322_1150,E8,E11,0,0.776064,0.027904,0.055088,0.140945
bbc_20130322_1150,E10,E11,0,0.832095,0.024669,0.043474,0.099762
bbc_20130322_1150,E14,E15,1,0.003773,0.901621,0.021127,0.073479
bbc_20130322_1150,E14,E17,1,0.013407,0.828039,0.036169,0.122385
bbc_20130322_1150,E15,E17,0,0.374080,0.215094,0.094501,0.316326
bbc_20130322_1150,E19,E20,1,0.018033,0.824754,0.043353,0.113859
bbc_20130322_1150,E19,E21,0,0.802786,0.017159,0.039148,0.140907
bbc_20130322_1150,E20,E21,0,0.955335,0.001649,0.010295,0.032721
bbc_20130322_1150,E23,E24,1,0.126265,0.468337,0.095442,0.309955
bbc_20130322_1150,E29,E30,0,0.994601,0.000047,0.001456,0.003897
bbc_20130322_1150,E53,E35,0,0.996387,0.000014,0.000746,0.002854
bbc_20130322_1150,E39,E40,0,0.992819,0.000040,0.001536,0.005605
bbc_20130322_1150,E41,E42,1,0.000254,0.980860,0.005244,0.013643
bbc_20130322_1150,E41,E43,0,0.629738,0.099677,0.078251,0.192334
bbc_20130322_1150,E42,E43,0,0.991046,0.000099,0.002445,0.006410
bbc_20130322_1150,E1,E3,0,0.991884,0.000108,0.002327,0.005680
bbc_20130322_1150,E2,E3,0,0.718979,0.090559,0.056762,0.133700
bbc_20130322_1150,E3,E4,1,0.000336,0.977603,0.005952,0.016109
bbc_20130322_1150,E4,E6,0,0.998643,0.000003,0.000279,0.001075
bbc_20130322_1150,E4,E7,0,0.985394,0.000168,0.003534,0.010904
bbc_20130322_1150,E6,E8,1,0.000160,0.982474,0.004196,0.013170
bbc_20130322_1150,E6,E10,1,0.000090,0.987846,0.002906,0.009158
bbc_20130322_1150,E6,E11,1,0.002018,0.930495,0.018570,0.048918
bbc_20130322_1150,E7,E8,1,0.015528,0.812030,0.044253,0.128190
bbc_20130322_1150,E7,E10,1,0.006982,0.882346,0.030015,0.080656
bbc_20130322_1150,E7,E11,0,0.336300,0.242671,0.116808,0.304222
bbc_20130322_1150,E8,E12,0,0.950902,0.001204,0.011602,0.036292
bbc_20130322_1150,E10,E12,0,0.966724,0.000911,0.008642,0.023722
bbc_20130322_1150,E11,E12,0,0.517212,0.142539,0.094143,0.246106
bbc_20130322_1150,E12,E14,0,0.972525,0.000537,0.007276,0.019661
bbc_20130322_1150,E12,E15,0,0.843746,0.014785,0.038046,0.103424
bbc_20130322_1150,E12,E17,0,0.858736,0.012908,0.032627,0.095729
bbc_20130322_1150,E18,E19,0,0.858550,0.007926,0.032899,0.100625
bbc_20130322_1150,E18,E20,0,0.529256,0.124098,0.096217,0.250429
bbc_20130322_1150,E18,E21,0,0.962957,0.000682,0.008312,0.028049
bbc_20130322_1150,E19,E23,0,0.844729,0.009853,0.032319,0.113100
bbc_20130322_1150,E19,E24,1,0.188759,0.383038,0.102630,0.325574
bbc_20130322_1150,E20,E23,0,0.950079,0.001268,0.010598,0.038055
bbc_20130322_1150,E20,E24,0,0.729098,0.045040,0.056408,0.169454
bbc_20130322_1150,E21,E23,0,0.570336,0.071593,0.066778,0.291293
bbc_20130322_1150,E21,E24,1,0.059610,0.621620,0.067008,0.251761
bbc_20130322_1150,E28,E29,1,0.000002,0.998637,0.000251,0.001110
bbc_20130322_1150,E28,E30,1,0.001558,0.939010,0.013039,0.046392
bbc_20130322_1150,E29,E34,0,0.999519,0.000000,0.000092,0.000389
bbc_20130322_1150,E30,E34,0,0.983047,0.000319,0.004026,0.012607
bbc_20130322_1150,E34,E53,1,0.000188,0.977538,0.004598,0.017676
bbc_20130322_1150,E34,E35,0,0.723971,0.032820,0.044873,0.198336
bbc_20130322_1150,E53,E36,0,0.981701,0.000239,0.004333,0.013727
bbc_20130322_1150,E35,E36,1,0.020384,0.787510,0.039903,0.152203
bbc_20130322_1150,E36,E39,1,0.000676,0.956617,0.009988,0.032720
bbc_20130322_1150,E36,E40,1,0.116086,0.426787,0.096955,0.360171
bbc_20130322_1150,E39,E41,0,0.985586,0.000175,0.003638,0.010602
bbc_20130322_1150,E39,E42,1,0.048740,0.712404,0.067945,0.170911
bbc_20130322_1150,E39,E43,0,0.988161,0.000135,0.003084,0.008620
bbc_20130322_1150,E40,E41,1,0.263675,0.330552,0.097495,0.308278
bbc_20130322_1150,E40,E42,1,0.000054,0.990366,0.002193,0.007386
bbc_20130322_1150,E40,E43,1,0.278161,0.313668,0.103810,0.304361
bbc_20130322_1150,E41,E44,0,0.980560,0.000620,0.006311,0.012508
bbc_20130322_1150,E42,E44,0,0.997665,0.000011,0.000595,0.001729
bbc_20130322_1150,E43,E44,0,0.699135,0.085625,0.065657,0.149583
bbc_20130322_332,E1,E2,3,0.206769,0.301343,0.100070,0.391817
bbc_20130322_332,E1,E3,1,0.001748,0.918836,0.016480,0.062936
bbc_20130322_332,E1,E4,1,0.000004,0.997862,0.000420,0.001714
bbc_20130322_332,E2,E3,1,0.004134,0.873385,0.028031,0.094449
bbc_20130322_332,E2,E4,1,0.000006,0.996830,0.000621,0.002543
bbc_20130322_332,E3,E4,1,0.000057,0.990479,0.002238,0.007226
bbc_20130322_332,E12,E13,1,0.020115,0.728207,0.053512,0.198166
bbc_20130322_332,E17,E18,1,0.132427,0.414436,0.095919,0.357218
bbc_20130322_332,E22,E23,0,0.997912,0.000005,0.000431,0.001652
bbc_20130322_332,E27,E28,1,0.090547,0.585492,0.075877,0.248084
bbc_20130322_332,E27,E29,0,0.887250,0.010002,0.026191,0.076557
bbc_20130322_332,E28,E29,0,0.927805,0.003707,0.017227,0.051262
bbc_20130322_332,E31,E33,1,0.062686,0.648381,0.079690,0.209244
bbc_20130322_332,E31,E34,0,0.364442,0.298969,0.092642,0.243948
bbc_20130322_332,E31,E35,0,0.839851,0.017486,0.041991,0.100671
bbc_20130322_332,E33,E34,0,0.760730,0.067081,0.052643,0.119546
bbc_20130322_332,E33,E35,0,0.897012,0.011886,0.026152,0.064950
bbc_20130322_332,E34,E35,0,0.886894,0.016558,0.027119,0.069429
bbc_20130322_332,E37,E38,3,0.344115,0.170853,0.088156,0.396876
bbc_20130322_332,E37,E40,3,0.375427,0.128409,0.085923,0.410240
bbc_20130322_332,E38,E40,3,0.332660,0.181527,0.090042,0.395771
bbc_20130322_332,E1,E5,0,0.821786,0.014016,0.030780,0.133417
bbc_20130322_332,E2,E5,0,0.452142,0.108411,0.080710,0.358737
bbc_20130322_332,E3,E5,0,0.921100,0.002463,0.015514,0.060923
bbc_20130322_332,E4,E5,0,0.996847,0.000008,0.000581,0.002564
bbc_20130322_332,E5,E9,1,0.000229,0.976495,0.005108,0.018168
bbc_20130322_332,E9,E11,1,0.020373,0.795237,0.047520,0.136871
bbc_20130322_332,E11,E12,0,0.988935,0.000099,0.002640,0.008326
bbc_20130322_332,E11,E13,0,0.944799,0.001462,0.014028,0.039711
bbc_20130322_332,E12,E17,1,0.000471,0.962240,0.007776,0.029513
bbc_20130322_332,E12,E18,1,0.001149,0.936770,0.012592,0.049489
bbc_20130322_332,E13,E17,1,0.003956,0.882357,0.024490,0.089197
bbc_20130322_332,E13,E18,1,0.017296,0.759648,0.047051,0.176005
bbc_20130322_332,E17,E19,0,0.965628,0.000470,0.006860,0.027041
bbc_20130322_332,E18,E19,0,0.966782,0.000455,0.006809,0.025954
bbc_20130322_332,E19,E22,1,0.000089,0.986395,0.003008,0.010508
bbc_20130322_332,E19,E23,0,0.697031,0.047404,0.059886,0.195679
bbc_20130322_332,E22,E24,3,0.257995,0.301761,0.105710,0.334535
bbc_20130322_332,E23,E24,1,0.000020,0.994010,0.001204,0.004766
bbc_20130322_332,E27,E30,0,0.576026,0.108252,0.075099,0.240623
bbc_20130322_332,E28,E30,0,0.601269,0.090115,0.072799,0.235817
bbc_20130322_332,E29,E30,1,0.071729,0.705860,0.057355,0.165056
bbc_20130322_332,E30,E31,1,0.011012,0.836678,0.033100,0.119210
bbc_20130322_332,E30,E33,1,0.022420,0.787666,0.045348,0.144565
bbc_20130322_332,E30,E34,1,0.113925,0.587305,0.071746,0.227024
bbc_20130322_332,E30,E35,0,0.490392,0.157109,0.080574,0.271926
bbc_20130322_332,E31,E36,0,0.553099,0.114100,0.091043,0.241758
bbc_20130322_332,E33,E36,0,0.974255,0.001288,0.007480,0.016977
bbc_20130322_332,E34,E36,0,0.979115,0.001029,0.005960,0.013896
bbc_20130322_332,E35,E36,0,0.926938,0.008653,0.018878,0.045531
bbc_20130322_332,E36,E37,0,0.997281,0.000009,0.000560,0.002151
bbc_20130322_332,E36,E38,0,0.991514,0.000051,0.001740,0.006696
bbc_20130322_332,E36,E40,0,0.965193,0.000684,0.007360,0.026763
bbc_20130322_1600,E2,E5,0,0.847290,0.017317,0.035629,0.099765
bbc_20130322_1600,E6,E7,1,0.021083,0.834508,0.055731,0.088679
bbc_20130322_1600,E6,E8,0,0.978308,0.000594,0.006820,0.014278
bbc_20130322_1600,E6,E9,0,0.873850,0.020031,0.036953,0.069167
bbc_20130322_1600,E7,E8,0,0.998072,0.000008,0.000490,0.001430
bbc_20130322_1600,E7,E9,0,0.991279,0.000189,0.002768,0.005764
bbc_20130322_1600,E8,E9,1,0.013164,0.894145,0.026197,0.066494
bbc_20130322_1600,E10,E11,0,0.796035,0.033348,0.049241,0.121377
bbc_20130322_1600,E10,E12,0,0.980492,0.000407,0.005401,0.013700
bbc_20130322_1600,E11,E12,0,0.932142,0.004980,0.017844,0.045035
bbc_20130322_1600,E16,E20,1,0.027234,0.724453,0.062646,0.185666
bbc_20130322_1600,E21,E22,0,0.953219,0.001474,0.010707,0.034600
bbc_20130322_1600,E2,E6,0,0.840902,0.022410,0.041538,0.095151
bbc_20130322_1600,E2,E7,1,0.042384,0.785695,0.056460,0.115460
bbc_20130322_1600,E2,E8,0,0.981309,0.000433,0.005199,0.013059
bbc_20130322_1600,E2,E9,0,0.847602,0.029310,0.037482,0.085607
bbc_20130322_1600,E5,E6,0,0.481732,0.210662,0.089533,0.218073
bbc_20130322_1600,E5,E7,1,0.006371,0.925553,0.021221,0.046855
bbc_20130322_1600,E5,E8,0,0.968039,0.001412,0.008754,0.021796
bbc_20130322_1600,E5,E9,0,0.608231,0.159046,0.068324,0.164400
bbc_20130322_1600,E6,E10,0,0.526637,0.177542,0.104010,0.191811
bbc_20130322_1600,E6,E11,1,0.116292,0.591050,0.096004,0.196654
bbc_20130322_1600,E6,E12,0,0.655082,0.078718,0.082299,0.183901
bbc_20130322_1600,E7,E10,0,0.857757,0.021819,0.036519,0.083905
bbc_20130322_1600,E7,E11,0,0.978012,0.000696,0.006602,0.014690
bbc_20130322_1600,E7,E12,0,0.994296,0.000053,0.001542,0.004109
bbc_20130322_1600,E8,E10,1,0.000163,0.984627,0.003794,0.011416
bbc_20130322_1600,E8,E11,1,0.003903,0.927288,0.017922,0.050888
bbc_20130322_1600,E8,E12,1,0.084930,0.663244,0.064916,0.186910
bbc_20130322_1600,E9,E10,1,0.003062,0.942750,0.014211,0.039978
bbc_20130322_1600,E9,E11,1,0.072189,0.711280,0.058453,0.158079
bbc_20130322_1600,E9,E12,0,0.549529,0.175506,0.073502,0.201463
bbc_20130322_1600,E10,E13,0,0.987200,0.000163,0.003273,0.009364
bbc_20130322_1600,E11,E13,0,0.968930,0.000948,0.008160,0.021962
bbc_20130322_1600,E12,E13,0,0.890249,0.011749,0.026576,0.071426
bbc_20130322_1600,E13,E30,1,0.151888,0.497419,0.089929,0.260764
bbc_20130322_1600,E30,E14,0,0.738555,0.043403,0.059119,0.158923
bbc_20130322_1600,E14,E16,0,0.988069,0.000135,0.003117,0.008679
bbc_20130322_1600,E14,E20,0,0.894701,0.005616,0.029918,0.069765
bbc_20130322_1600,E16,E21,1,0.011839,0.800327,0.039752,0.148081
bbc_20130322_1600,E16,E22,0,0.882954,0.007757,0.026017,0.083272
bbc_20130322_1600,E20,E21,3,0.292776,0.274674,0.111402,0.321148
bbc_20130322_1600,E20,E22,0,0.956628,0.001213,0.010771,0.031388
bbc_20130322_1600,E21,E25,0,0.986022,0.000136,0.003119,0.010723
bbc_20130322_1600,E22,E25,0,0.927948,0.002288,0.013746,0.056017
WSJ_20130322_804,E1,E2002,0,0.951359,0.000709,0.009092,0.038840
WSJ_20130322_804,E11,E13,0,0.548044,0.052711,0.069634,0.329612
WSJ_20130322_804,E11,E14,1,0.014668,0.748031,0.046074,0.191226
WSJ_20130322_804,E13,E14,1,0.010370,0.764381,0.039950,0.185299
WSJ_20130322_804,E22,E23,1,0.087128,0.436934,0.077230,0.398708
WSJ_20130322_804,E25,E26,0,0.552886,0.089291,0.090564,0.267259
WSJ_20130322_804,E25,E30,0,0.797813,0.014556,0.044198,0.143433
WSJ_20130322_804,E26,E30,0,0.882778,0.003659,0.020374,0.093189
WSJ_20130322_804,E9,E11,0,0.430721,0.118137,0.088618,0.362524
WSJ_20130322_804,E9,E13,0,0.753600,0.015279,0.038704,0.192417
WSJ_20130322_804,E9,E14,1,0.033736,0.649306,0.058581,0.258377
WSJ_20130322_804,E11,E16,1,0.014710,0.728828,0.046107,0.210356
WSJ_20130322_804,E13,E16,1,0.009825,0.754160,0.039123,0.196891
WSJ_20130322_804,E14,E16,1,0.057031,0.510127,0.072660,0.360182
WSJ_20130322_804,E16,E17,0,0.995336,0.000013,0.000777,0.003874
WSJ_20130322_804,E17,E18,1,0.000074,0.984739,0.002809,0.012378
WSJ_20130322_804,E21,E22,0,0.729767,0.020084,0.046384,0.203765
WSJ_20130322_804,E21,E23,3,0.298180,0.167445,0.091198,0.443177
WSJ_20130322_804,E22,E25,1,0.051379,0.551280,0.069346,0.327994
WSJ_20130322_804,E22,E26,1,0.061763,0.494153,0.073483,0.370601
WSJ_20130322_804,E22,E30,3,0.263908,0.189729,0.090812,0.455551
WSJ_20130322_804,E23,E25,0,0.443352,0.102264,0.080944,0.373440
WSJ_20130322_804,E23,E26,0,0.438603,0.094858,0.078684,0.387856
WSJ_20130322_804,E23,E30,0,0.702682,0.023451,0.046555,0.227312
WSJ_20130322_804,E25,E33,0,0.985048,0.000132,0.003225,0.011595
WSJ_20130322_804,E26,E33,0,0.983020,0.000110,0.003003,0.013867
WSJ_20130322_804,E30,E33,0,0.827755,0.007074,0.027728,0.137444
WSJ_20130322_804,E33,E35,1,0.001391,0.909946,0.015385,0.073279
WSJ_20130318_731,E1,E2,1,0.005619,0.920218,0.022700,0.051464
WSJ_20130318_731,E1,E3,1,0.032854,0.700873,0.061897,0.204375
WSJ_20130318_731,E2,E3,0,0.579510,0.110150,0.084365,0.225974
WSJ_20130318_731,E11,E12,1,0.000442,0.966480,0.007893,0.025185
WSJ_20130318_731,E11,E13,1,0.093114,0.574744,0.085026,0.247116
WSJ_20130318_731,E12,E13,0,0.568788,0.080924,0.080408,0.269880
WSJ_20130318_731,E20,E21,0,0.993089,0.000034,0.001382,0.005495
WSJ_20130318_731,E20,E22,0,0.993187,0.000038,0.001442,0.005333
WSJ_20130318_731,E21,E22,0,0.746488,0.022123,0.044088,0.187301
WSJ_20130318_731,E9,E10,1,0.000390,0.970683,0.007273,0.021654
WSJ_20130318_731,E10,E11,0,0.998374,0.000004,0.000328,0.001294
WSJ_20130318_731,E10,E12,0,0.991283,0.000066,0.002010,0.006641
WSJ_20130318_731,E10,E13,0,0.994769,0.000026,0.001157,0.004048
WSJ_20130318_731,E11,E14,1,0.082100,0.552881,0.100140,0.264879
WSJ_20130318_731,E12,E14,0,0.715621,0.026399,0.059642,0.198338
WSJ_20130318_731,E13,E14,0,0.430461,0.125903,0.104819,0.338816
CNN_20130322_1003,E1,E2,1,0.000586,0.973602,0.007892,0.017920
CNN_20130322_1003,E1,E3,0,0.359896,0.314502,0.094301,0.231301
CNN_20130322_1003,E1,E5,0,0.965263,0.001374,0.009741,0.023623
CNN_20130322_1003,E2,E3,0,0.960429,0.002103,0.011605,0.025863
CNN_20130322_1003,E2,E5,0,0.995141,0.000035,0.001285,0.003539
CNN_20130322_1003,E3,E5,0,0.828054,0.025163,0.039640,0.107144
CNN_20130322_1003,E6,E7,1,0.022835,0.904162,0.025714,0.047290
CNN_20130322_1003,E9,E10,1,0.128540,0.679021,0.057539,0.134900
CNN_20130322_1003,E9,E11,1,0.001706,0.960255,0.010359,0.027680
CNN_20130322_1003,E9,E1000,1,0.000114,0.990686,0.002633,0.006567
CNN_20130322_1003,E10,E11,1,0.026563,0.850252,0.032993,0.090192
CNN_20130322_1003,E10,E1000,1,0.001184,0.973670,0.007480,0.017665
CNN_20130322_1003,E11,E1000,1,0.087503,0.721328,0.060722,0.130446
CNN_20130322_1003,E12,E13,1,0.058701,0.757222,0.055877,0.128201
CNN_20130322_1003,E12,E14,1,0.000040,0.994543,0.001505,0.003911
CNN_20130322_1003,E12,E15,1,0.000018,0.995914,0.000999,0.003069
CNN_20130322_1003,E13,E14,1,0.000098,0.992945,0.002168,0.004789
CNN_20130322_1003,E13,E15,1,0.000055,0.993855,0.001762,0.004328
CNN_20130322_1003,E14,E15,1,0.015504,0.904751,0.025113,0.054631
CNN_20130322_1003,E17,E19,1,0.000765,0.962420,0.010474,0.026341
CNN_20130322_1003,E17,E20,0,0.957595,0.001191,0.011751,0.029463
CNN_20130322_1003,E19,E20,0,0.998330,0.000005,0.000385,0.001280
CNN_20130322_1003,E23,E27,0,0.525786,0.161929,0.085627,0.226657
CNN_20130322_1003,E30,E31,1,0.011993,0.842560,0.037973,0.107474
CNN_20130322_1003,E30,E32,1,0.000022,0.994447,0.001239,0.004292
CNN_20130322_1003,E30,E33,1,0.000003,0.998189,0.000388,0.001419
CNN_20130322_1003,E31,E32,1,0.000056,0.991070,0.002153,0.006721
CNN_20130322_1003,E31,E33,1,0.000006,0.997656,0.000521,0.001818
CNN_20130322_1003,E32,E33,1,0.002819,0.951040,0.013314,0.032827
CNN_20130322_1003,E34,E36,1,0.000019,0.995201,0.001092,0.003688
CNN_20130322_1003,E40,E41,1,0.000267,0.984395,0.004537,0.010802
CNN_20130322_1003,E40,E42,1,0.000338,0.984651,0.004719,0.010291
CNN_20130322_1003,E41,E42,1,0.015318,0.900145,0.026308,0.058229
CNN_20130322_1003,E43,E44,0,0.839837,0.011203,0.031942,0.117018
CNN_20130322_1003,E45,E47,3,0.301273,0.241112,0.111731,0.345884
CNN_20130322_1003,E55,E57,0,0.980648,0.000296,0.004468,0.014589
CNN_20130322_1003,E1,E6,0,0.805560,0.048815,0.046394,0.099231
CNN_20130322_1003,E1,E7,1,0.352100,0.377827,0.088053,0.182020
CNN_20130322_1003,E2,E6,0,0.990087,0.000217,0.003181,0.006515
CNN_20130322_1003,E2,E7,0,0.965054,0.002542,0.011184,0.021219
CNN_20130322_1003,E3,E6,0,0.499855,0.234071,0.079889,0.186185
CNN_20130322_1003,E3,E7,1,0.100974,0.693304,0.063201,0.142520
CNN_20130322_1003,E5,E6,1,0.028913,0.866791,0.034765,0.069530
CNN_20130322_1003,E5,E7,1,0.002405,0.965728,0.010801,0.021066
CNN_20130322_1003,E6,E9,0,0.994039,0.000100,0.001781,0.004081
CNN_20130322_1003,E6,E10,0,0.979706,0.001343,0.005885,0.013066
CNN_20130322_1003,E6,E11,0,0.427609,0.308949,0.077557,0.185884
CNN_20130322_1003,E6,E1000,1,0.032275,0.859791,0.035265,0.072669
CNN_20130322_1003,E7,E9,0,0.996701,0.000034,0.000966,0.002299
CNN_20130322_1003,E7,E10,0,0.992712,0.000207,0.002258,0.004823
CNN_20130322_1003,E7,E11,0,0.726252,0.096176,0.054685,0.122887
CNN_20130322_1003,E7,E1000,1,0.148232,0.663584,0.064256,0.123928
CNN_20130322_1003,E9,E12,1,0.033451,0.819950,0.041548,0.105052
CNN_20130322_1003,E9,E13,1,0.008485,0.923287,0.021342,0.046886
CNN_20130322_1003,E9,E14,1,0.000007,0.998040,0.000512,0.001441
CNN_20130322_1003,E9,E15,1,0.000007,0.997817,0.000542,0.001634
CNN_20130322_1003,E10,E12,0,0.379128,0.342790,0.077506,0.200576
CNN_20130322_1003,E10,E13,1,0.148680,0.642652,0.064091,0.144577
CNN_20130322_1003,E10,E14,1,0.000040,0.995759,0.001224,0.002978
CNN_20130322_1003,E10,E15,1,0.000032,0.995651,0.001183,0.003135
CNN_20130322_1003,E11,E12,0,0.967093,0.001794,0.009693,0.021420
CNN_20130322_1003,E11,E13,0,0.933364,0.008347,0.019829,0.038461
CNN_20130322_1003,E11,E14,1,0.010418,0.927612,0.021600,0.040370
CNN_20130322_1003,E11,E15,1,0.008328,0.927994,0.020927,0.042751
CNN_20130322_1003,E1000,E12,0,0.991924,0.000146,0.002510,0.005419
CNN_20130322_1003,E1000,E13,0,0.986941,0.000470,0.004465,0.008125
CNN_20130322_1003,E1000,E14,1,0.167944,0.656056,0.067364,0.108635
CNN_20130322_1003,E1000,E15,1,0.140853,0.671621,0.067492,0.120034
CNN_20130322_1003,E12,E17,1,0.000368,0.977151,0.006314,0.016167
CNN_20130322_1003,E12,E19,1,0.000080,0.990399,0.002485,0.007036
CNN_20130322_1003,E12,E20,0,0.749709,0.053118,0.054703,0.142470
CNN_20130322_1003,E13,E17,1,0.011399,0.899019,0.029040,0.060542
CNN_20130322_1003,E13,E19,1,0.000379,0.982078,0.005314,0.012230
CNN_20130322_1003,E13,E20,0,0.951748,0.003455,0.013509,0.031289
CNN_20130322_1003,E14,E17,0,0.535080,0.202209,0.082445,0.180266
CNN_20130322_1003,E14,E19,1,0.056912,0.771763,0.050900,0.120425
CNN_20130322_1003,E14,E20,0,0.995585,0.000037,0.001184,0.003195
CNN_20130322_1003,E15,E17,0,0.590145,0.150567,0.080695,0.178593
CNN_20130322_1003,E15,E19,1,0.077091,0.714362,0.061500,0.147047
CNN_20130322_1003,E15,E20,0,0.995424,0.000033,0.001189,0.003354
CNN_20130322_1003,E17,E21,0,0.800045,0.035986,0.053037,0.110933
CNN_20130322_1003,E19,E21,0,0.996373,0.000030,0.001034,0.002564
CNN_20130322_1003,E20,E21,1,0.065949,0.755359,0.057065,0.121628
CNN_20130322_1003,E21,E23,0,0.747650,0.059023,0.061026,0.132302
CNN_20130322_1003,E21,E27,0,0.901365,0.010901,0.026790,0.060945
CNN_20130322_1003,E30,E34,0,0.955064,0.001014,0.010939,0.032984
CNN_20130322_1003,E30,E36,1,0.000059,0.991304,0.002170,0.006467
CNN_20130322_1003,E31,E34,0,0.974053,0.000366,0.005937,0.019644
CNN_20130322_1003,E31,E36,1,0.000471,0.976821,0.006071,0.016636
CNN_20130322_1003,E32,E34,0,0.998863,0.000002,0.000222,0.000912
CNN_20130322_1003,E32,E36,0,0.720060,0.084463,0.057505,0.137972
CNN_20130322_1003,E33,E34,0,0.999549,0.000000,0.000082,0.000369
CNN_20130322_1003,E33,E36,0,0.899143,0.017374,0.024271,0.059212
CNN_20130322_1003,E34,E38,1,0.015288,0.788406,0.045557,0.150750
CNN_20130322_1003,E36,E38,0,0.968214,0.000987,0.007824,0.022975
CNN_20130322_1003,E38,E40,0,0.716440,0.066363,0.065942,0.151255
CNN_20130322_1003,E38,E41,1,0.002288,0.953666,0.013563,0.030483
CNN_20130322_1003,E38,E42,1,0.002234,0.959542,0.012562,0.025661
CNN_20130322_1003,E40,E43,0,0.894412,0.005815,0.023019,0.076754
CNN_20130322_1003,E40,E44,0,0.958284,0.001440,0.010413,0.029862
CNN_20130322_1003,E41,E43,0,0.987141,0.000116,0.002809,0.009934
CNN_20130322_1003,E41,E44,0,0.993669,0.000044,0.001491,0.004796
CNN_20130322_1003,E42,E43,0,0.992781,0.000057,0.001732,0.005429
CNN_20130322_1003,E42,E44,0,0.996072,0.000026,0.000996,0.002906
CNN_20130322_1003,E43,E45,0,0.669650,0.031395,0.066345,0.232610
CNN_20130322_1003,E43,E47,0,0.375560,0.170925,0.095062,0.358453
CNN_20130322_1003,E44,E45,3,0.142495,0.366780,0.108181,0.382545
CNN_20130322_1003,E44,E47,1,0.047947,0.660872,0.063365,0.227817
CNN_20130322_1003,E45,E48,0,0.663760,0.035171,0.075664,0.225405
CNN_20130322_1003,E47,E48,0,0.693910,0.034338,0.061965,0.209787
CNN_20130322_1003,E48,E50,0,0.965168,0.000637,0.008408,0.025787
CNN_20130322_1003,E50,E51,1,0.003324,0.909000,0.018981,0.068695
CNN_20130322_1003,E51,E52,0,0.946490,0.001543,0.011511,0.040456
CNN_20130322_1003,E52,E53,0,0.988274,0.000079,0.002386,0.009260
CNN_20130322_1003,E53,E55,0,0.518810,0.092066,0.087034,0.302090
