WSJ_20130322_159,E5,E6,1,0.059008,0.649567,0.064067,0.227358
WSJ_20130322_159,E5,E10,0,0.904584,0.004569,0.020658,0.070189
WSJ_20130322_159,E5,E11,0,0.992941,0.000039,0.001636,0.005385
WSJ_20130322_159,E6,E10,0,0.945137,0.001216,0.011209,0.042438
WSJ_20130322_159,E6,E11,0,0.994136,0.000024,0.001264,0.004575
WSJ_20130322_159,E10,E11,0,0.782351,0.013010,0.039324,0.165315
WSJ_20130322_159,E12,E14,3,0.322313,0.129448,0.088726,0.459513
WSJ_20130322_159,E18,E19,0,0.648477,0.035593,0.060407,0.255523
WSJ_20130322_159,E20,E22,1,0.000037,0.991343,0.001670,0.006950
WSJ_20130322_159,E29,E31,0,0.935916,0.001097,0.010415,0.052572
WSJ_20130322_159,E29,E34,3,0.305116,0.159017,0.081741,0.454127
WSJ_20130322_159,E29,E37,0,0.971324,0.000294,0.005060,0.023323
WSJ_20130322_159,E31,E34,1,0.038704,0.564523,0.060759,0.336013
WSJ_20130322_159,E31,E37,0,0.813720,0.008952,0.031223,0.146105
WSJ_20130322_159,E34,E37,0,0.987769,0.000070,0.002362,0.009798
WSJ_20130322_159,E38,E39,1,0.003471,0.898598,0.021190,0.076742
WSJ_20130322_159,E38,E40,1,0.003546,0.870002,0.023941,0.102511
WSJ_20130322_159,E39,E40,1,0.053765,0.590689,0.065124,0.290422
WSJ_20130322_159,E42,E44,1,0.000325,0.964615,0.005999,0.029060
WSJ_20130322_159,E46,E47,1,0.000768,0.952639,0.010352,0.036241
WSJ_20130322_159,E46,E49,0,0.498030,0.065638,0.086185,0.350146
WSJ_20130322_159,E47,E49,0,0.968650,0.000316,0.005403,0.025631
WSJ_20130322_159,E1,E5,1,0.004290,0.898336,0.020390,0.076984
WSJ_20130322_159,E1,E6,1,0.021893,0.725336,0.048278,0.204494
WSJ_20130322_159,E1,E10,0,0.599908,0.059734,0.068938,0.271420
WSJ_20130322_159,E1,E11,0,0.923148,0.002308,0.015731,0.058812
WSJ_20130322_159,E5,E12,0,0.994347,0.000025,0.001281,0.004347
WSJ_20130322_159,E5,E14,0,0.980037,0.000195,0.004261,0.015507
WSJ_20130322_159,E6,E12,0,0.997218,0.000006,0.000572,0.002203
WSJ_20130322_159,E6,E14,0,0.986268,0.000088,0.002763,0.010881
WSJ_20130322_159,E10,E12,0,0.888291,0.003191,0.020003,0.088514
WSJ_20130322_159,E10,E14,3,0.402117,0.084846,0.084811,0.428225
WSJ_20130322_159,E11,E12,0,0.659925,0.025737,0.054788,0.259550
WSJ_20130322_159,E11,E14,3,0.118663,0.300337,0.091875,0.489125
WSJ_20130322_159,E12,E18,0,0.939923,0.000866,0.009953,0.049258
WSJ_20130322_159,E12,E19,0,0.565403,0.045866,0.066747,0.321984
WSJ_20130322_159,E14,E18,0,0.981693,0.000101,0.003006,0.015200
WSJ_20130322_159,E14,E19,0,0.787132,0.008835,0.033666,0.170367
WSJ_20130322_159,E18,E20,1,0.008789,0.793455,0.036189,0.161567
WSJ_20130322_159,E18,E22,1,0.000009,0.996028,0.000704,0.003258
WSJ_20130322_159,E19,E20,1,0.006626,0.808028,0.032497,0.152848
WSJ_20130322_159,E19,E22,1,0.000005,0.996772,0.000529,0.002693
WSJ_20130322_159,E20,E26,0,0.452386,0.141483,0.086210,0.319921
WSJ_20130322_159,E22,E26,0,0.987421,0.000214,0.003575,0.008791
WSJ_20130322_159,E26,E29,0,0.795132,0.012139,0.037778,0.154951
WSJ_20130322_159,E26,E31,0,0.990585,0.000046,0.001932,0.007437
WSJ_20130322_159,E26,E34,0,0.807303,0.009191,0.033547,0.149959
WSJ_20130322_159,E26,E37,0,0.991029,0.000048,0.001955,0.006969
WSJ_20130322_159,E29,E38,0,0.802543,0.010096,0.033412,0.153949
WSJ_20130322_159,E29,E39,1,0.072997,0.591287,0.064080,0.271637
WSJ_20130322_159,E29,E40,1,0.034858,0.602782,0.059021,0.303339
WSJ_20130322_159,E31,E38,3,0.319565,0.151697,0.093562,0.435175
WSJ_20130322_159,E31,E39,1,0.001850,0.922217,0.014455,0.061477
WSJ_20130322_159,E31,E40,1,0.001305,0.912686,0.014591,0.071418
WSJ_20130322_159,E34,E38,0,0.927817,0.001453,0.013119,0.057611
WSJ_20130322_159,E34,E39,3,0.248484,0.287272,0.089590,0.374654
WSJ_20130322_159,E34,E40,3,0.129107,0.323492,0.090338,0.457062
WSJ_20130322_159,E37,E38,3,0.110872,0.362323,0.090812,0.435993
WSJ_20130322_159,E37,E39,1,0.000362,0.964769,0.006637,0.028232
WSJ_20130322_159,E37,E40,1,0.000373,0.953604,0.007744,0.038279
WSJ_20130322_159,E38,E42,0,0.969152,0.000346,0.005920,0.024581
WSJ_20130322_159,E38,E44,1,0.077608,0.474447,0.082458,0.365487
WSJ_20130322_159,E39,E42,0,0.980529,0.000165,0.003775,0.015532
WSJ_20130322_159,E39,E44,1,0.147755,0.393454,0.084625,0.374167
WSJ_20130322_159,E40,E42,0,0.992617,0.000026,0.001385,0.005973
WSJ_20130322_159,E40,E44,3,0.409030,0.094711,0.084130,0.412129
WSJ_20130322_159,E42,E46,0,0.784331,0.011090,0.035909,0.168670
WSJ_20130322_159,E42,E47,1,0.080880,0.489872,0.071056,0.358192
WSJ_20130322_159,E42,E49,0,0.813295,0.008093,0.033149,0.145463
WSJ_20130322_159,E44,E46,0,0.981700,0.000123,0.003204,0.014973
WSJ_20130322_159,E44,E47,0,0.705509,0.021996,0.043875,0.228620
WSJ_20130322_159,E44,E49,0,0.982550,0.000111,0.003036,0.014302
WSJ_20130322_159,E46,E55,0,0.937425,0.001644,0.011761,0.049170
WSJ_20130322_159,E47,E55,0,0.976419,0.000251,0.004487,0.018843
WSJ_20130322_159,E49,E55,0,0.652199,0.044252,0.053555,0.249994
nyt_20130322_strange_computer,E8,E11,0,0.995430,0.000020,0.001109,0.003441
nyt_20130322_strange_computer,E14,E16,1,0.000122,0.983324,0.003471,0.013084
nyt_20130322_strange_computer,E19,E22,3,0.226751,0.321083,0.099892,0.352274
nyt_20130322_strange_computer,E19,E23,1,0.043123,0.694333,0.060180,0.202364
nyt_20130322_strange_computer,E22,E23,0,0.393109,0.225192,0.098086,0.283613
nyt_20130322_strange_computer,E6,E8,1,0.007959,0.880159,0.030577,0.081306
nyt_20130322_strange_computer,E6,E11,0,0.994290,0.000031,0.001441,0.004238
nyt_20130322_strange_computer,E8,E14,0,0.997899,0.000005,0.000488,0.001607
nyt_20130322_strange_computer,E8,E16,0,0.871987,0.012691,0.031608,0.083714
nyt_20130322_strange_computer,E11,E14,0,0.906442,0.004848,0.023403,0.065307
nyt_20130322_strange_computer,E11,E16,1,0.000293,0.978415,0.005263,0.016029
nyt_20130322_strange_computer,E14,E19,3,0.239729,0.261242,0.117143,0.381885
nyt_20130322_strange_computer,E14,E22,0,0.790379,0.015117,0.042222,0.152281
nyt_20130322_strange_computer,E14,E23,1,0.018235,0.771031,0.046961,0.163773
nyt_20130322_strange_computer,E16,E19,0,0.989840,0.000078,0.002522,0.007560
nyt_20130322_strange_computer,E16,E22,0,0.989010,0.000086,0.002666,0.008238
nyt_20130322_strange_computer,E16,E23,0,0.948974,0.001938,0.012167,0.036921
nyt_20130322_strange_computer,E19,E24,0,0.511116,0.129051,0.085862,0.273971
nyt_20130322_strange_computer,E22,E24,0,0.885434,0.009397,0.028249,0.076921
nyt_20130322_strange_computer,E23,E24,0,0.968663,0.000744,0.008257,0.022336
CNN_20130321_821,E4,E5,3,0.272076,0.256879,0.102466,0.368579
CNN_20130321_821,E5,E8,0,0.990750,0.000049,0.001926,0.007276
CNN_20130321_821,E8,E1000,0,0.436834,0.126565,0.093053,0.343548
CNN_20130321_821,E1002,E20,0,0.981177,0.000204,0.004747,0.013872
nyt_20130321_cyprus,E2,E5,0,0.408330,0.175860,0.102459,0.313350
nyt_20130321_cyprus,E7,E2009,3,0.199091,0.284035,0.092013,0.424862
nyt_20130321_cyprus,E13,E15,1,0.058550,0.560646,0.073251,0.307553
nyt_20130321_cyprus,E22,E23,1,0.065635,0.553332,0.062158,0.318874
nyt_20130321_cyprus,E22,E24,1,0.000005,0.997294,0.000461,0.002240
nyt_20130321_cyprus,E23,E24,1,0.000027,0.993269,0.001308,0.005397
nyt_20130321_cyprus,E33,E35,0,0.710497,0.037572,0.055826,0.196105
nyt_20130321_cyprus,E41,E42,1,0.022355,0.672232,0.057860,0.247553
nyt_20130321_cyprus,E46,E47,0,0.984624,0.000161,0.003335,0.011880
nyt_20130321_cyprus,E48,E51,0,0.988120,0.000074,0.002426,0.009380
nyt_20130321_cyprus,E2,E7,0,0.950071,0.001027,0.011341,0.037562
nyt_20130321_cyprus,E2,E2009,0,0.825833,0.008949,0.035978,0.129240
nyt_20130321_cyprus,E5,E7,0,0.945116,0.001438,0.011824,0.041621
nyt_20130321_cyprus,E5,E2009,0,0.814050,0.013602,0.036416,0.135933
nyt_20130321_cyprus,E7,E9,1,0.000145,0.980335,0.003928,0.015592
nyt_20130321_cyprus,E2009,E9,1,0.002739,0.906062,0.018502,0.072697
nyt_20130321_cyprus,E10,E13,0,0.993317,0.000040,0.001664,0.004980
nyt_20130321_cyprus,E10,E15,0,0.976095,0.000320,0.005271,0.018314
nyt_20130321_cyprus,E13,E21,0,0.562881,0.074602,0.075589,0.286928
nyt_20130321_cyprus,E15,E21,0,0.848260,0.007939,0.027975,0.115826
nyt_20130321_cyprus,E21,E22,0,0.643096,0.059452,0.058375,0.239077
nyt_20130321_cyprus,E21,E23,3,0.160039,0.378324,0.081076,0.380561
nyt_20130321_cyprus,E21,E24,1,0.000007,0.996872,0.000568,0.002553
nyt_20130321_cyprus,E22,E25,1,0.001024,0.942795,0.010306,0.045875
nyt_20130321_cyprus,E23,E25,1,0.021837,0.760166,0.040954,0.177043
nyt_20130321_cyprus,E24,E25,0,0.982834,0.000283,0.004436,0.012448
nyt_20130321_cyprus,E33,E36,0,0.562975,0.064030,0.074567,0.298428
nyt_20130321_cyprus,E35,E36,3,0.193275,0.332325,0.090271,0.384129
nyt_20130321_cyprus,E36,E41,0,0.908052,0.002548,0.017234,0.072166
nyt_20130321_cyprus,E36,E42,3,0.147597,0.339104,0.096424,0.416875
nyt_20130321_cyprus,E46,E48,1,0.074254,0.581381,0.067991,0.276374
nyt_20130321_cyprus,E46,E51,0,0.985542,0.000115,0.003007,0.011337
nyt_20130321_cyprus,E47,E48,1,0.000094,0.984522,0.003029,0.012355
nyt_20130321_cyprus,E47,E51,0,0.500973,0.113260,0.080642,0.305125
nyt_20130321_cyprus,E48,E57,1,0.000410,0.966453,0.006746,0.026391
nyt_20130321_cyprus,E51,E57,1,0.000010,0.995583,0.000770,0.003638
bbc_20130322_1353,E1,E5,1,0.000029,0.992882,0.001396,0.005693
bbc_20130322_1353,E8,E10,1,0.000015,0.994385,0.000992,0.004607
bbc_20130322_1353,E15,E16,1,0.000264,0.967477,0.005730,0.026530
bbc_20130322_1353,E19,E20,1,0.004540,0.925502,0.019045,0.050913
bbc_20130322_1353,E19,E21,1,0.132378,0.535791,0.091425,0.240406
bbc_20130322_1353,E20,E21,0,0.606936,0.123969,0.079396,0.189699
bbc_20130322_1353,E23,E25,1,0.004782,0.887598,0.025262,0.082359
bbc_20130322_1353,E23,E26,1,0.007039,0.864429,0.029184,0.099348
bbc_20130322_1353,E23,E27,1,0.000059,0.989981,0.002102,0.007858
bbc_20130322_1353,E25,E26,1,0.001110,0.952809,0.011133,0.034948
bbc_20130322_1353,E25,E27,1,0.000054,0.991580,0.001888,0.006478
bbc_20130322_1353,E26,E27,1,0.000541,0.967973,0.007175,0.024312
bbc_20130322_1353,E28,E29,1,0.000020,0.994111,0.001116,0.004752
bbc_20130322_1353,E28,E31,1,0.000935,0.959653,0.008353,0.031059
bbc_20130322_1353,E29,E31,0,0.499011,0.169999,0.069571,0.261419
bbc_20130322_1353,E33,E34,0,0.962521,0.001158,0.010824,0.025497
bbc_20130322_1353,E35,E36,0,0.700328,0.033127,0.062055,0.204490
bbc_20130322_1353,E35,E37,1,0.002633,0.902651,0.021752,0.072964
bbc_20130322_1353,E36,E37,1,0.000412,0.959916,0.007470,0.032202
bbc_20130322_1353,E1,E8,0,0.820706,0.008030,0.030768,0.140497
bbc_20130322_1353,E1,E10,1,0.000008,0.996491,0.000640,0.002861
bbc_20130322_1353,E5,E8,0,0.996264,0.000012,0.000818,0.002907
bbc_20130322_1353,E5,E10,1,0.002991,0.932404,0.015833,0.048771
bbc_20130322_1353,E8,E11,0,0.496174,0.057434,0.076351,0.370040
bbc_20130322_1353,E10,E11,0,0.996686,0.000010,0.000728,0.002576
bbc_20130322_1353,E11,E13,3,0.136910,0.373830,0.085237,0.404023
bbc_20130322_1353,E13,E15,0,0.983462,0.000149,0.003694,0.012694
bbc_20130322_1353,E13,E16,0,0.484046,0.098726,0.082417,0.334812
bbc_20130322_1353,E15,E17,1,0.001300,0.927040,0.013600,0.058060
bbc_20130322_1353,E16,E17,1,0.050086,0.552462,0.066824,0.330629
bbc_20130322_1353,E17,E19,1,0.013564,0.843740,0.031055,0.111641
bbc_20130322_1353,E17,E20,1,0.000100,0.986815,0.002873,0.010213
bbc_20130322_1353,E17,E21,1,0.001140,0.944437,0.011940,0.042483
bbc_20130322_1353,E19,E23,0,0.871695,0.010870,0.031882,0.085553
bbc_20130322_1353,E19,E25,0,0.759014,0.048052,0.054469,0.138465
bbc_20130322_1353,E19,E26,1,0.068072,0.650922,0.071021,0.209986
bbc_20130322_1353,E19,E27,1,0.001511,0.961282,0.010042,0.027165
bbc_20130322_1353,E20,E23,0,0.976983,0.000500,0.006640,0.015877
bbc_20130322_1353,E20,E25,0,0.981995,0.000436,0.005320,0.012249
bbc_20130322_1353,E20,E26,0,0.832317,0.024021,0.041229,0.102434
bbc_20130322_1353,E20,E27,1,0.124314,0.632463,0.068984,0.174239
bbc_20130322_1353,E21,E23,0,0.850719,0.018464,0.040125,0.090692
bbc_20130322_1353,E21,E25,0,0.890902,0.013548,0.030079,0.065472
bbc_20130322_1353,E21,E26,1,0.327546,0.329871,0.102215,0.240368
bbc_20130322_1353,E21,E27,1,0.005866,0.928411,0.019355,0.046369
bbc_20130322_1353,E23,E28,0,0.799819,0.016674,0.039946,0.143562
bbc_20130322_1353,E23,E29,1,0.009628,0.849043,0.030229,0.111100
bbc_20130322_1353,E23,E31,0,0.438355,0.190971,0.082497,0.288178
bbc_20130322_1353,E25,E28,0,0.708469,0.050870,0.054557,0.186104
bbc_20130322_1353,E25,E29,1,0.002619,0.935575,0.014196,0.047609
bbc_20130322_1353,E25,E31,1,0.179672,0.507824,0.072248,0.240256
bbc_20130322_1353,E26,E28,0,0.873446,0.006431,0.025050,0.095073
bbc_20130322_1353,E26,E29,1,0.022362,0.772727,0.043652,0.161260
bbc_20130322_1353,E26,E31,0,0.493883,0.150012,0.075671,0.280435
bbc_20130322_1353,E27,E28,0,0.994021,0.000032,0.001435,0.004512
bbc_20130322_1353,E27,E29,0,0.663491,0.083253,0.061629,0.191627
bbc_20130322_1353,E27,E31,0,0.969093,0.001130,0.007235,0.022542
bbc_20130322_1353,E28,E33,1,0.003049,0.913330,0.019617,0.064004
bbc_20130322_1353,E28,E34,1,0.169222,0.446304,0.091026,0.293448
bbc_20130322_1353,E29,E33,0,0.805247,0.024456,0.042218,0.128079
bbc_20130322_1353,E29,E34,0,0.983138,0.000214,0.004129,0.012518
bbc_20130322_1353,E31,E33,0,0.695950,0.078753,0.060381,0.164915
bbc_20130322_1353,E31,E34,0,0.977888,0.000610,0.005842,0.015660
bbc_20130322_1353,E33,E35,0,0.995109,0.000020,0.001135,0.003736
bbc_20130322_1353,E33,E36,0,0.998044,0.000004,0.000426,0.001525
bbc_20130322_1353,E33,E37,0,0.948907,0.001312,0.013559,0.036222
bbc_20130322_1353,E34,E35,0,0.989353,0.000083,0.002631,0.007933
bbc_20130322_1353,E34,E36,0,0.996269,0.000014,0.000882,0.002836
bbc_20130322_1353,E34,E37,0,0.692406,0.042871,0.065119,0.199605
nyt_20130321_women_senate,E1000009,E2,0,0.954514,0.001694,0.011414,0.032378
nyt_20130321_women_senate,E4,E5,1,0.000049,0.991960,0.001802,0.006189
nyt_20130321_women_senate,E4,E6,0,0.719333,0.055284,0.054372,0.171011
nyt_20130321_women_senate,E5,E6,0,0.996670,0.000011,0.000771,0.002548
nyt_20130321_women_senate,E9,E10,0,0.993247,0.000033,0.001514,0.005206
nyt_20130321_women_senate,E11,E12,0,0.825783,0.015492,0.036499,0.122226
nyt_20130321_women_senate,E14,E15,3,0.255742,0.293145,0.106990,0.344123
nyt_20130321_women_senate,E16,E17,1,0.108580,0.439344,0.087481,0.364595
nyt_20130321_women_senate,E19,E20,1,0.000065,0.990389,0.002176,0.007370
nyt_20130321_women_senate,E19,E21,1,0.013649,0.777673,0.044254,0.164424
nyt_20130321_women_senate,E20,E21,0,0.921533,0.002721,0.017926,0.057819
nyt_20130321_women_senate,E23,E24,0,0.941380,0.002527,0.015497,0.040596
nyt_20130321_women_senate,E26,E27,0,0.934922,0.003478,0.020025,0.041576
nyt_20130321_women_senate,E26,E1000014,1,0.124372,0.569125,0.097291,0.209212
nyt_20130321_women_senate,E27,E1000014,1,0.004196,0.913538,0.022259,0.060007
nyt_20130321_women_senate,E37,E1000015,0,0.650252,0.034806,0.061125,0.253817
nyt_20130321_women_senate,E40,E41,0,0.964586,0.000728,0.008053,0.026633
nyt_20130321_women_senate,E40,E42,0,0.731169,0.030651,0.052191,0.185989
nyt_20130321_women_senate,E41,E42,1,0.172307,0.390304,0.094012,0.343376
nyt_20130321_women_senate,E43,E47,0,0.994870,0.000020,0.001154,0.003955
nyt_20130321_women_senate,E43,E48,0,0.992914,0.000041,0.001765,0.005280
nyt_20130321_women_senate,E47,E48,0,0.705152,0.043290,0.061866,0.189693
nyt_20130321_women_senate,E49,E50,0,0.993760,0.000032,0.001499,0.004710
nyt_20130321_women_senate,E49,E53,1,0.016583,0.850962,0.037537,0.094918
nyt_20130321_women_senate,E50,E53,1,0.000040,0.992634,0.001599,0.005728
nyt_20130321_women_senate,E1000009,E4,0,0.612776,0.082545,0.075046,0.229633
nyt_20130321_women_senate,E1000009,E5,1,0.000034,0.992906,0.001491,0.005569
nyt_20130321_women_senate,E1000009,E6,0,0.630099,0.084066,0.065402,0.220433
nyt_20130321_women_senate,E2,E4,0,0.648341,0.059983,0.069636,0.222041
nyt_20130321_women_senate,E2,E5,1,0.000035,0.992438,0.001555,0.005971
nyt_20130321_women_senate,E2,E6,0,0.498019,0.138535,0.079962,0.283484
nyt_20130321_women_senate,E4,E7,0,0.936689,0.002799,0.016112,0.044400
nyt_20130321_women_senate,E5,E7,0,0.998351,0.000003,0.000378,0.001268
nyt_20130321_women_senate,E6,E7,0,0.952659,0.001682,0.011568,0.034091
nyt_20130321_women_senate,E7,E8,1,0.000401,0.969030,0.006958,0.023611
nyt_20130321_women_senate,E8,E9,0,0.990445,0.000078,0.002445,0.007033
nyt_20130321_women_senate,E8,E10,0,0.999389,0.000001,0.000136,0.000474
nyt_20130321_women_senate,E11,E1000012,0,0.917184,0.005326,0.019594,0.057896
nyt_20130321_women_senate,E12,E1000012,0,0.367341,0.244219,0.088211,0.300229
nyt_20130321_women_senate,E14,E16,0,0.994761,0.000025,0.001284,0.003930
nyt_20130321_women_senate,E14,E17,0,0.988329,0.000089,0.002831,0.008750
nyt_20130321_women_senate,E15,E16,0,0.996527,0.000013,0.000838,0.002622
nyt_20130321_women_senate,E15,E17,0,0.992427,0.000044,0.001830,0.005700
nyt_20130321_women_senate,E16,E19,1,0.006601,0.855927,0.028465,0.109008
nyt_20130321_women_senate,E16,E20,1,0.000006,0.997029,0.000517,0.002448
nyt_20130321_women_senate,E16,E21,1,0.000790,0.939084,0.011340,0.048786
nyt_20130321_women_senate,E17,E19,1,0.164218,0.425681,0.091361,0.318740
nyt_20130321_women_senate,E17,E20,1,0.000031,0.992960,0.001440,0.005569
nyt_20130321_women_senate,E17,E21,1,0.016868,0.739248,0.047634,0.196250
nyt_20130321_women_senate,E19,E22,0,0.472949,0.138091,0.090072,0.298888
nyt_20130321_women_senate,E20,E22,0,0.992638,0.000045,0.001803,0.005515
nyt_20130321_women_senate,E21,E22,0,0.897299,0.003485,0.021668,0.077547
nyt_20130321_women_senate,E22,E23,0,0.546981,0.087662,0.082632,0.282726
nyt_20130321_women_senate,E22,E24,0,0.985359,0.000142,0.003501,0.010998
nyt_20130321_women_senate,E23,E25,0,0.927154,0.002112,0.017369,0.053366
nyt_20130321_women_senate,E24,E25,0,0.463714,0.115623,0.085364,0.335300
nyt_20130321_women_senate,E25,E26,1,0.000187,0.982904,0.004160,0.012748
nyt_20130321_women_senate,E25,E27,1,0.002704,0.918791,0.019278,0.059227
nyt_20130321_women_senate,E25,E1000014,1,0.000426,0.969194,0.007267,0.023113
nyt_20130321_women_senate,E26,E29,0,0.922317,0.003319,0.022083,0.052281
nyt_20130321_women_senate,E27,E29,1,0.126991,0.472134,0.098166,0.302709
nyt_20130321_women_senate,E1000014,E29,0,0.493155,0.140802,0.097793,0.268250
nyt_20130321_women_senate,E29,E36,0,0.988519,0.000073,0.002529,0.008879
nyt_20130321_women_senate,E36,E37,0,0.884255,0.006487,0.024513,0.084745
nyt_20130321_women_senate,E36,E1000015,0,0.857785,0.006059,0.026208,0.109949
nyt_20130321_women_senate,E37,E40,1,0.000205,0.977045,0.004653,0.018096
nyt_20130321_women_senate,E37,E41,1,0.082759,0.506243,0.083300,0.327699
nyt_20130321_women_senate,E37,E42,1,0.000829,0.939373,0.011503,0.048295
nyt_20130321_women_senate,E1000015,E40,1,0.000382,0.961104,0.007049,0.031465
nyt_20130321_women_senate,E1000015,E41,1,0.089260,0.425069,0.083319,0.402352
nyt_20130321_women_senate,E1000015,E42,1,0.002541,0.870382,0.021283,0.105794
nyt_20130321_women_senate,E40,E43,0,0.844952,0.014478,0.033083,0.107486
nyt_20130321_women_senate,E40,E47,0,0.992486,0.000040,0.001708,0.005766
nyt_20130321_women_senate,E40,E48,0,0.989818,0.000079,0.002596,0.007508
nyt_20130321_women_senate,E41,E43,1,0.219126,0.387516,0.091139,0.302219
nyt_20130321_women_senate,E41,E47,0,0.934814,0.001883,0.013861,0.049442
nyt_20130321_women_senate,E41,E48,0,0.915842,0.003691,0.020609,0.059858
nyt_20130321_women_senate,E42,E43,0,0.503628,0.123181,0.082145,0.291047
nyt_20130321_women_senate,E42,E47,0,0.969827,0.000395,0.006299,0.023480
nyt_20130321_women_senate,E42,E48,0,0.965000,0.000608,0.008488,0.025904
nyt_20130321_women_senate,E43,E49,0,0.859930,0.011311,0.034005,0.094754
nyt_20130321_women_senate,E43,E50,0,0.996073,0.000014,0.000904,0.003009
nyt_20130321_women_senate,E43,E53,1,0.018745,0.837151,0.040201,0.103903
nyt_20130321_women_senate,E47,E49,1,0.009155,0.872557,0.028853,0.089435
nyt_20130321_women_senate,E47,E50,0,0.879197,0.006926,0.026067,0.087810
nyt_20130321_women_senate,E47,E53,1,0.000033,0.994139,0.001342,0.004486
nyt_20130321_women_senate,E48,E49,1,0.086162,0.641129,0.078492,0.194216
nyt_20130321_women_senate,E48,E50,0,0.968693,0.000605,0.008330,0.022371
nyt_20130321_women_senate,E48,E53,1,0.000186,0.986507,0.003641,0.009666
bbc_20130322_1150,E1,E2,0,0.990451,0.000181,0.002764,0.006604
bbc_20130322_1150,E6,E7,1,0.040424,0.660913,0.064178,0.234484
bbc_20130322_1150,E8,E10,0,0.337809,0.264021,0.107697,0.290473
bbc_20130322_1150,E8,E11,0,0.328592,0.265673,0.109791,0.295943
bbc_20130322_1150,E10,E11,0,0.389395,0.240225,0.098526,0.271854
bbc_20130322_1150,E14,E15,1,0.006823,0.888895,0.022785,0.081497
bbc_20130322_1150,E14,E17,0,0.317698,0.285151,0.086874,0.310277
bbc_20130322_1150,E15,E17,0,0.883928,0.007798,0.024795,0.083480
bbc_20130322_1150,E19,E20,1,0.109286,0.565370,0.080060,0.245285
bbc_20130322_1150,E19,E21,0,0.795370,0.018855,0.039956,0.145819
bbc_20130322_1150,E20,E21,0,0.875329,0.007206,0.025013,0.092452
bbc_20130322_1150,E23,E24,3,0.196320,0.296247,0.120118,0.387315
bbc_20130322_1150,E29,E30,0,0.996870,0.000010,0.000754,0.002365
bbc_20130322_1150,E53,E35,0,0.998527,0.000003,0.000340,0.001130
bbc_20130322_1150,E39,E40,0,0.980602,0.000257,0.004944,0.014197
bbc_20130322_1150,E41,E42,1,0.000096,0.988734,0.002687,0.008483
bbc_20130322_1150,E41,E43,0,0.587078,0.135430,0.091234,0.186257
bbc_20130322_1150,E42,E43,0,0.989916,0.000109,0.002943,0.007032
bbc_20130322_1150,E1,E3,0,0.996159,0.000021,0.001042,0.002777
bbc_20130322_1150,E2,E3,0,0.671845,0.105526,0.060073,0.162556
bbc_20130322_1150,E3,E4,1,0.000490,0.974121,0.006498,0.018891
bbc_20130322_1150,E4,E6,0,0.999134,0.000001,0.000187,0.000678
bbc_20130322_1150,E4,E7,0,0.991040,0.000062,0.002191,0.006707
bbc_20130322_1150,E6,E8,1,0.000882,0.950848,0.011526,0.036744
bbc_20130322_1150,E6,E10,1,0.000668,0.958228,0.009448,0.031656
bbc_20130322_1150,E6,E11,1,0.001693,0.926874,0.016655,0.054778
bbc_20130322_1150,E7,E8,1,0.114027,0.573044,0.086517,0.226412
bbc_20130322_1150,E7,E10,1,0.118404,0.583035,0.078467,0.220094
bbc_20130322_1150,E7,E11,1,0.259801,0.358239,0.101533,0.280427
bbc_20130322_1150,E8,E12,0,0.755685,0.031180,0.057901,0.155234
bbc_20130322_1150,E10,E12,0,0.506303,0.161258,0.087847,0.244593
bbc_20130322_1150,E11,E12,1,0.132202,0.532008,0.089936,0.245855
bbc_20130322_1150,E12,E14,0,0.993673,0.000037,0.001619,0.004671
bbc_20130322_1150,E12,E15,0,0.959938,0.001132,0.010643,0.028287
bbc_20130322_1150,E12,E17,0,0.987267,0.000121,0.003285,0.009327
bbc_20130322_1150,E18,E19,0,0.659233,0.037058,0.072179,0.231530
bbc_20130322_1150,E18,E20,0,0.491552,0.145784,0.101193,0.261471
bbc_20130322_1150,E18,E21,0,0.961744,0.000729,0.010117,0.027410
bbc_20130322_1150,E19,E23,0,0.926397,0.001949,0.017267,0.054388
bbc_20130322_1150,E19,E24,3,0.234533,0.255001,0.117097,0.393370
bbc_20130322_1150,E20,E23,0,0.949697,0.001007,0.011256,0.038040
bbc_20130322_1150,E20,E24,3,0.322169,0.188596,0.102626,0.386609
bbc_20130322_1150,E21,E23,0,0.743982,0.018715,0.050092,0.187211
bbc_20130322_1150,E21,E24,1,0.024173,0.679600,0.058253,0.237974
bbc_20130322_1150,E28,E29,1,0.000007,0.996589,0.000590,0.002815
bbc_20130322_1150,E28,E30,1,0.031896,0.663055,0.058305,0.246743
bbc_20130322_1150,E29,E34,0,0.999209,0.000001,0.000173,0.000617
bbc_20130322_1150,E30,E34,0,0.889639,0.006001,0.022032,0.082328
bbc_20130322_1150,E34,E53,1,0.000629,0.963557,0.007730,0.028085
bbc_20130322_1150,E34,E35,0,0.960023,0.001285,0.009072,0.029620
bbc_20130322_1150,E53,E36,0,0.992334,0.000048,0.001873,0.005746
bbc_20130322_1150,E35,E36,1,0.045757,0.695450,0.056360,0.202433
bbc_20130322_1150,E36,E39,1,0.000118,0.983405,0.003432,0.013046
bbc_20130322_1150,E36,E40,1,0.006735,0.837764,0.031158,0.124343
bbc_20130322_1150,E39,E41,0,0.998021,0.000006,0.000498,0.001475
bbc_20130322_1150,E39,E42,1,0.244002,0.391535,0.108077,0.256387
bbc_20130322_1150,E39,E43,0,0.987275,0.000139,0.003541,0.009045
bbc_20130322_1150,E40,E41,0,0.968654,0.000781,0.008140,0.022425
bbc_20130322_1150,E40,E42,1,0.000365,0.974435,0.006290,0.018911
bbc_20130322_1150,E40,E43,0,0.763191,0.031844,0.052656,0.152308
bbc_20130322_1150,E41,E44,0,0.788662,0.049435,0.054646,0.107257
bbc_20130322_1150,E42,E44,0,0.993409,0.000053,0.001879,0.004658
bbc_20130322_1150,E43,E44,0,0.453332,0.209021,0.095273,0.242374
bbc_20130322_332,E1,E2,0,0.450826,0.113701,0.082917,0.352556
bbc_20130322_332,E1,E3,1,0.100640,0.417314,0.085733,0.396313
bbc_20130322_332,E1,E4,1,0.000003,0.997959,0.000329,0.001710
bbc_20130322_332,E2,E3,1,0.114422,0.402905,0.091383,0.391290
bbc_20130322_332,E2,E4,1,0.000003,0.997786,0.000367,0.001844
bbc_20130322_332,E3,E4,1,0.000015,0.995697,0.000878,0.003410
bbc_20130322_332,E12,E13,1,0.001216,0.928861,0.013002,0.056922
bbc_20130322_332,E17,E18,1,0.134143,0.439317,0.094317,0.332223
bbc_20130322_332,E22,E23,0,0.989854,0.000063,0.002284,0.007799
bbc_20130322_332,E27,E28,1,0.226596,0.345229,0.099263,0.328912
bbc_20130322_332,E27,E29,0,0.978540,0.000327,0.005614,0.015519
bbc_20130322_332,E28,E29,0,0.972234,0.000475,0.006994,0.020297
bbc_20130322_332,E31,E33,1,0.011672,0.822303,0.044359,0.121666
bbc_20130322_332,E31,E34,1,0.058721,0.677598,0.073945,0.189736
bbc_20130322_332,E31,E35,1,0.003694,0.917915,0.021543,0.056848
bbc_20130322_332,E33,E34,0,0.375711,0.270841,0.099960,0.253488
bbc_20130322_332,E33,E35,1,0.277000,0.354639,0.106280,0.262081
bbc_20130322_332,E34,E35,0,0.527083,0.172084,0.091453,0.209379
bbc_20130322_332,E37,E38,0,0.820158,0.006914,0.030576,0.142353
bbc_20130322_332,E37,E40,0,0.597340,0.037266,0.064645,0.300748
bbc_20130322_332,E38,E40,3,0.363239,0.164496,0.092637,0.379628
bbc_20130322_332,E1,E5,0,0.546193,0.075584,0.071853,0.306370
bbc_20130322_332,E2,E5,0,0.520784,0.090180,0.077364,0.311672
bbc_20130322_332,E3,E5,0,0.903496,0.005402,0.021696,0.069407
bbc_20130322_332,E4,E5,0,0.998479,0.000003,0.000353,0.001165
bbc_20130322_332,E5,E9,1,0.000559,0.953703,0.009402,0.036336
bbc_20130322_332,E9,E11,1,0.001014,0.949364,0.012562,0.037061
bbc_20130322_332,E11,E12,0,0.993585,0.000033,0.001564,0.004817
bbc_20130322_332,E11,E13,0,0.917186,0.003108,0.021467,0.058239
bbc_20130322_332,E12,E17,1,0.000510,0.959933,0.008240,0.031317
bbc_20130322_332,E12,E18,1,0.001513,0.921968,0.015220,0.061299
bbc_20130322_332,E13,E17,1,0.018838,0.739688,0.048668,0.192806
bbc_20130322_332,E13,E18,1,0.050040,0.591779,0.070705,0.287476
bbc_20130322_332,E17,E19,0,0.824712,0.007381,0.032741,0.135166
bbc_20130322_332,E18,E19,0,0.882286,0.004190,0.024748,0.088776
bbc_20130322_332,E19,E22,1,0.000156,0.976047,0.004472,0.019325
bbc_20130322_332,E19,E23,0,0.847085,0.006434,0.030749,0.115732
bbc_20130322_332,E22,E24,1,0.013857,0.808924,0.041182,0.136037
bbc_20130322_332,E23,E24,1,0.000064,0.989211,0.002275,0.008451
bbc_20130322_332,E27,E30,0,0.997876,0.000005,0.000490,0.001629
bbc_20130322_332,E28,E30,0,0.997567,0.000006,0.000549,0.001878
bbc_20130322_332,E29,E30,0,0.988682,0.000102,0.002914,0.008303
bbc_20130322_332,E30,E31,1,0.089975,0.493049,0.089969,0.327008
bbc_20130322_332,E30,E33,1,0.027543,0.708038,0.060156,0.204263
bbc_20130322_332,E30,E34,1,0.019117,0.778331,0.046547,0.156005
bbc_20130322_332,E30,E35,1,0.016438,0.786933,0.046470,0.150159
bbc_20130322_332,E31,E36,1,0.033496,0.769407,0.060223,0.136874
bbc_20130322_332,E33,E36,1,0.261853,0.418056,0.105543,0.214548
bbc_20130322_332,E34,E36,0,0.559764,0.181821,0.090213,0.168202
bbc_20130322_332,E35,E36,0,0.631648,0.133667,0.086125,0.148560
bbc_20130322_332,E36,E37,0,0.985872,0.000130,0.003469,0.010530
bbc_20130322_332,E36,E38,0,0.996379,0.000011,0.000794,0.002817
bbc_20130322_332,E36,E40,0,0.975759,0.000285,0.005511,0.018445
bbc_20130322_1600,E2,E5,0,0.610183,0.093602,0.073534,0.222681
bbc_20130322_1600,E6,E7,1,0.001848,0.950993,0.014480,0.032679
bbc_20130322_1600,E6,E8,0,0.990462,0.000102,0.002728,0.006707
bbc_20130322_1600,E6,E9,0,0.884478,0.011566,0.030037,0.073918
bbc_20130322_1600,E7,E8,0,0.999570,0.000000,0.000100,0.000330
bbc_20130322_1600,E7,E9,0,0.996422,0.000020,0.000979,0.002578
bbc_20130322_1600,E8,E9,1,0.086789,0.669119,0.058048,0.186044
bbc_20130322_1600,E10,E11,1,0.300557,0.340811,0.103544,0.255088
bbc_20130322_1600,E10,E12,0,0.860088,0.013480,0.035260,0.091172
bbc_20130322_1600,E11,E12,0,0.885538,0.010900,0.031734,0.071828
bbc_20130322_1600,E16,E20,1,0.010846,0.820164,0.035840,0.133150
bbc_20130322_1600,E21,E22,0,0.645729,0.083612,0.064093,0.206566
bbc_20130322_1600,E2,E6,0,0.712956,0.060919,0.062444,0.163680
bbc_20130322_1600,E2,E7,1,0.003114,0.942364,0.016375,0.038148
bbc_20130322_1600,E2,E8,0,0.992366,0.000087,0.002201,0.005347
bbc_20130322_1600,E2,E9,0,0.975281,0.000738,0.006949,0.017032
bbc_20130322_1600,E5,E6,0,0.509037,0.183745,0.081280,0.225938
bbc_20130322_1600,E5,E7,1,0.003375,0.944968,0.014596,0.037061
bbc_20130322_1600,E5,E8,0,0.994594,0.000052,0.001538,0.003815
bbc_20130322_1600,E5,E9,0,0.963762,0.001919,0.009477,0.024842
bbc_20130322_1600,E6,E10,1,0.086987,0.654950,0.073240,0.184822
bbc_20130322_1600,E6,E11,1,0.148146,0.543798,0.102615,0.205441
bbc_20130322_1600,E6,E12,0,0.843322,0.020659,0.043346,0.092673
bbc_20130322_1600,E7,E10,0,0.963242,0.001854,0.010677,0.024227
bbc_20130322_1600,E7,E11,0,0.982082,0.000476,0.005658,0.011783
bbc_20130322_1600,E7,E12,0,0.996373,0.000019,0.000996,0.002612
bbc_20130322_1600,E8,E10,1,0.000409,0.978543,0.005263,0.015785
bbc_20130322_1600,E8,E11,1,0.000469,0.977749,0.005863,0.015918
bbc_20130322_1600,E8,E12,1,0.080692,0.684569,0.062642,0.172096
bbc_20130322_1600,E9,E10,1,0.020052,0.837453,0.033689,0.108806
bbc_20130322_1600,E9,E11,1,0.028577,0.810970,0.041053,0.119401
bbc_20130322_1600,E9,E12,0,0.670219,0.083715,0.062175,0.183892
bbc_20130322_1600,E10,E13,0,0.869240,0.012337,0.031513,0.086909
bbc_20130322_1600,E11,E13,0,0.892129,0.009998,0.028893,0.068980
bbc_20130322_1600,E12,E13,0,0.696854,0.068854,0.065018,0.169274
bbc_20130322_1600,E13,E30,1,0.015988,0.824810,0.039103,0.120099
bbc_20130322_1600,E30,E14,0,0.781644,0.029951,0.050601,0.137803
bbc_20130322_1600,E14,E16,0,0.788545,0.033907,0.053007,0.124541
bbc_20130322_1600,E14,E20,1,0.130759,0.432184,0.108144,0.328913
bbc_20130322_1600,E16,E21,1,0.151919,0.479242,0.086546,0.282292
bbc_20130322_1600,E16,E22,0,0.545932,0.116288,0.073871,0.263910
bbc_20130322_1600,E20,E21,0,0.847684,0.019818,0.037205,0.095293
bbc_20130322_1600,E20,E22,0,0.965887,0.001203,0.009030,0.023880
bbc_20130322_1600,E21,E25,0,0.979909,0.000419,0.004933,0.014739
bbc_20130322_1600,E22,E25,0,0.907887,0.006842,0.018938,0.066334
WSJ_20130322_804,E1,E2002,0,0.975415,0.000267,0.005000,0.019318
WSJ_20130322_804,E11,E13,0,0.959186,0.000664,0.008365,0.031784
WSJ_20130322_804,E11,E14,1,0.119994,0.473394,0.086324,0.320289
WSJ_20130322_804,E13,E14,1,0.011319,0.787146,0.037988,0.163547
WSJ_20130322_804,E22,E23,1,0.053909,0.508328,0.081213,0.356550
WSJ_20130322_804,E25,E26,3,0.299716,0.275081,0.113133,0.312071
WSJ_20130322_804,E25,E30,0,0.996431,0.000016,0.000954,0.002599
WSJ_20130322_804,E26,E30,0,0.989768,0.000071,0.002468,0.007693
WSJ_20130322_804,E9,E11,3,0.326948,0.194100,0.097981,0.380971
WSJ_20130322_804,E9,E13,0,0.974446,0.000251,0.005046,0.020257
WSJ_20130322_804,E9,E14,3,0.272386,0.230401,0.098198,0.399016
WSJ_20130322_804,E11,E16,1,0.100471,0.442465,0.090433,0.366630
WSJ_20130322_804,E13,E16,1,0.006394,0.805471,0.033561,0.154574
WSJ_20130322_804,E14,E16,3,0.146668,0.295879,0.097553,0.459899
WSJ_20130322_804,E16,E17,0,0.982435,0.000127,0.003505,0.013933
WSJ_20130322_804,E17,E18,1,0.000110,0.982985,0.003332,0.013573
WSJ_20130322_804,E21,E22,0,0.963774,0.000630,0.008980,0.026616
WSJ_20130322_804,E21,E23,0,0.853054,0.006751,0.029245,0.110951
WSJ_20130322_804,E22,E25,3,0.136398,0.359832,0.109191,0.394579
WSJ_20130322_804,E22,E26,3,0.334733,0.157924,0.110763,0.396580
WSJ_20130322_804,E22,E30,0,0.895762,0.003298,0.022281,0.078659
WSJ_20130322_804,E23,E25,0,0.811910,0.010168,0.038493,0.139429
WSJ_20130322_804,E23,E26,0,0.835540,0.007865,0.033628,0.122968
WSJ_20130322_804,E23,E30,0,0.990390,0.000054,0.002118,0.007438
WSJ_20130322_804,E25,E33,0,0.984286,0.000149,0.003954,0.011611
WSJ_20130322_804,E26,E33,0,0.993695,0.000028,0.001437,0.004839
WSJ_20130322_804,E30,E33,0,0.736853,0.016533,0.050759,0.195855
WSJ_20130322_804,E33,E35,1,0.001850,0.913049,0.019182,0.065919
WSJ_20130318_731,E1,E2,0,0.408968,0.238443,0.093126,0.259463
WSJ_20130318_731,E1,E3,0,0.509069,0.118331,0.102481,0.270119
WSJ_20130318_731,E2,E3,0,0.308560,0.291204,0.100472,0.299764
WSJ_20130318_731,E11,E12,1,0.000613,0.957935,0.009578,0.031873
WSJ_20130318_731,E11,E13,3,0.146660,0.358065,0.107226,0.388049
WSJ_20130318_731,E12,E13,0,0.919020,0.001876,0.015918,0.063187
WSJ_20130318_731,E20,E21,0,0.992504,0.000049,0.001899,0.005548
WSJ_20130318_731,E20,E22,0,0.992035,0.000047,0.001915,0.006002
WSJ_20130318_731,E21,E22,0,0.937344,0.001385,0.014169,0.047102
WSJ_20130318_731,E9,E10,1,0.000712,0.959875,0.009615,0.029797
WSJ_20130318_731,E10,E11,0,0.996309,0.000016,0.000930,0.002745
WSJ_20130318_731,E10,E12,0,0.940360,0.003247,0.014963,0.041429
WSJ_20130318_731,E10,E13,0,0.997364,0.000008,0.000646,0.001982
WSJ_20130318_731,E11,E14,3,0.175703,0.273034,0.131020,0.420243
WSJ_20130318_731,E12,E14,0,0.655008,0.027879,0.067886,0.249227
WSJ_20130318_731,E13,E14,3,0.290941,0.195363,0.130516,0.383180
CNN_20130322_1003,E1,E2,1,0.000051,0.993668,0.001611,0.004671
CNN_20130322_1003,E1,E3,1,0.281828,0.445935,0.084380,0.187857
CNN_20130322_1003,E1,E5,0,0.972968,0.000676,0.007155,0.019200
CNN_20130322_1003,E2,E3,0,0.987262,0.000372,0.004011,0.008355
CNN_20130322_1003,E2,E5,0,0.998745,0.000003,0.000304,0.000948
CNN_20130322_1003,E3,E5,0,0.879009,0.012131,0.027275,0.081586
CNN_20130322_1003,E6,E7,1,0.013130,0.923929,0.021686,0.041254
CNN_20130322_1003,E9,E10,0,0.553174,0.202042,0.065569,0.179214
CNN_20130322_1003,E9,E11,1,0.000738,0.971679,0.006788,0.020794
CNN_20130322_1003,E9,E1000,1,0.000042,0.993222,0.001530,0.005207
CNN_20130322_1003,E10,E11,1,0.003863,0.941592,0.014047,0.040497
CNN_20130322_1003,E10,E1000,1,0.000096,0.990445,0.002340,0.007118
CNN_20130322_1003,E11,E1000,1,0.031702,0.798488,0.042462,0.127348
CNN_20130322_1003,E12,E13,0,0.390966,0.279858,0.097483,0.231693
CNN_20130322_1003,E12,E14,1,0.000161,0.987468,0.003303,0.009068
CNN_20130322_1003,E12,E15,1,0.000169,0.984731,0.003756,0.011344
CNN_20130322_1003,E13,E14,1,0.000461,0.979236,0.005893,0.014410
CNN_20130322_1003,E13,E15,1,0.000281,0.981069,0.004944,0.013706
CNN_20130322_1003,E14,E15,1,0.036869,0.803804,0.045957,0.113369
CNN_20130322_1003,E17,E19,1,0.000678,0.965730,0.008943,0.024649
CNN_20130322_1003,E17,E20,0,0.947556,0.001110,0.012028,0.039306
CNN_20130322_1003,E19,E20,0,0.998029,0.000005,0.000478,0.001488
CNN_20130322_1003,E23,E27,3,0.308881,0.258228,0.096450,0.336441
CNN_20130322_1003,E30,E31,1,0.012320,0.833730,0.036151,0.117798
CNN_20130322_1003,E30,E32,1,0.000052,0.991067,0.001937,0.006944
CNN_20130322_1003,E30,E33,1,0.000045,0.992246,0.001710,0.006000
CNN_20130322_1003,E31,E32,1,0.000031,0.993410,0.001378,0.005181
CNN_20130322_1003,E31,E33,1,0.000048,0.992850,0.001667,0.005434
CNN_20130322_1003,E32,E33,1,0.311962,0.392166,0.085128,0.210745
CNN_20130322_1003,E34,E36,1,0.000039,0.993561,0.001466,0.004934
CNN_20130322_1003,E40,E41,1,0.000023,0.995468,0.001027,0.003482
CNN_20130322_1003,E40,E42,1,0.000019,0.996215,0.000884,0.002883
CNN_20130322_1003,E41,E42,1,0.003215,0.959381,0.010834,0.026570
CNN_20130322_1003,E43,E44,0,0.826508,0.017039,0.037747,0.118706
CNN_20130322_1003,E45,E47,1,0.080196,0.521934,0.093069,0.304801
CNN_20130322_1003,E55,E57,0,0.991602,0.000056,0.002069,0.006273
CNN_20130322_1003,E1,E6,0,0.531024,0.202519,0.083419,0.183038
CNN_20130322_1003,E1,E7,1,0.105044,0.695294,0.063917,0.135745
CNN_20130322_1003,E2,E6,0,0.991566,0.000133,0.002601,0.005700
CNN_20130322_1003,E2,E7,0,0.970641,0.002035,0.009374,0.017951
CNN_20130322_1003,E3,E6,1,0.211025,0.515593,0.080131,0.193250
CNN_20130322_1003,E3,E7,1,0.019927,0.881964,0.029635,0.068475
CNN_20130322_1003,E5,E6,1,0.018986,0.861052,0.033984,0.085978
CNN_20130322_1003,E5,E7,1,0.001223,0.969637,0.008450,0.020690
CNN_20130322_1003,E6,E9,0,0.996018,0.000042,0.001200,0.002739
CNN_20130322_1003,E6,E10,0,0.995206,0.000066,0.001470,0.003258
CNN_20130322_1003,E6,E11,0,0.551135,0.198742,0.078098,0.172025
CNN_20130322_1003,E6,E1000,1,0.034663,0.827568,0.042018,0.095751
CNN_20130322_1003,E7,E9,0,0.998017,0.000011,0.000577,0.001395
CNN_20130322_1003,E7,E10,0,0.997759,0.000016,0.000662,0.001563
CNN_20130322_1003,E7,E11,0,0.830328,0.041392,0.041359,0.086921
CNN_20130322_1003,E7,E1000,1,0.171402,0.591947,0.074447,0.162205
CNN_20130322_1003,E9,E12,1,0.068207,0.724992,0.056801,0.150000
CNN_20130322_1003,E9,E13,1,0.018062,0.862769,0.034052,0.085116
CNN_20130322_1003,E9,E14,1,0.000018,0.996183,0.000880,0.002919
CNN_20130322_1003,E9,E15,1,0.000016,0.996029,0.000858,0.003097
CNN_20130322_1003,E10,E12,1,0.271340,0.446487,0.081530,0.200643
CNN_20130322_1003,E10,E13,1,0.097239,0.687367,0.064818,0.150575
CNN_20130322_1003,E10,E14,1,0.000042,0.994562,0.001375,0.004021
CNN_20130322_1003,E10,E15,1,0.000035,0.994328,0.001340,0.004296
CNN_20130322_1003,E11,E12,0,0.955610,0.002427,0.012528,0.029435
CNN_20130322_1003,E11,E13,0,0.903121,0.010297,0.026886,0.059696
CNN_20130322_1003,E11,E14,1,0.007421,0.918409,0.021782,0.052388
CNN_20130322_1003,E11,E15,1,0.004136,0.929211,0.018290,0.048364
CNN_20130322_1003,E1000,E12,0,0.995967,0.000029,0.001183,0.002820
CNN_20130322_1003,E1000,E13,0,0.992224,0.000100,0.002401,0.005275
CNN_20130322_1003,E1000,E14,0,0.558905,0.207950,0.080256,0.152889
CNN_20130322_1003,E1000,E15,0,0.430463,0.285649,0.092114,0.191775
CNN_20130322_1003,E12,E17,1,0.002005,0.947520,0.013803,0.036672
CNN_20130322_1003,E12,E19,1,0.000065,0.991849,0.001973,0.006114
CNN_20130322_1003,E12,E20,0,0.709768,0.055341,0.057440,0.177452
CNN_20130322_1003,E13,E17,1,0.013145,0.871840,0.034094,0.080921
CNN_20130322_1003,E13,E19,1,0.000241,0.984232,0.004260,0.011266
CNN_20130322_1003,E13,E20,0,0.899651,0.008167,0.024443,0.067739
CNN_20130322_1003,E14,E17,0,0.584320,0.149976,0.079285,0.186418
CNN_20130322_1003,E14,E19,1,0.016681,0.878020,0.031389,0.073910
CNN_20130322_1003,E14,E20,0,0.994325,0.000039,0.001490,0.004145
CNN_20130322_1003,E15,E17,0,0.624790,0.117927,0.075318,0.181964
CNN_20130322_1003,E15,E19,1,0.024387,0.844074,0.038466,0.093073
CNN_20130322_1003,E15,E20,0,0.994861,0.000029,0.001318,0.003792
CNN_20130322_1003,E17,E21,1,0.144815,0.430396,0.113632,0.311157
CNN_20130322_1003,E19,E21,0,0.979679,0.000463,0.006302,0.013556
CNN_20130322_1003,E20,E21,1,0.002924,0.921002,0.018186,0.057887
CNN_20130322_1003,E21,E23,0,0.724207,0.050774,0.066544,0.158475
CNN_20130322_1003,E21,E27,0,0.901062,0.005252,0.027508,0.066177
CNN_20130322_1003,E30,E34,0,0.807076,0.013808,0.043497,0.135618
CNN_20130322_1003,E30,E36,1,0.000333,0.977370,0.005713,0.016584
CNN_20130322_1003,E31,E34,0,0.963707,0.000917,0.008399,0.026977
CNN_20130322_1003,E31,E36,1,0.007842,0.912280,0.019387,0.060490
CNN_20130322_1003,E32,E34,0,0.999145,0.000001,0.000191,0.000663
CNN_20130322_1003,E32,E36,0,0.955177,0.003018,0.012081,0.029723
CNN_20130322_1003,E33,E34,0,0.998446,0.000004,0.000386,0.001164
CNN_20130322_1003,E33,E36,0,0.801748,0.058643,0.041872,0.097737
CNN_20130322_1003,E34,E38,1,0.110204,0.485390,0.083507,0.320899
CNN_20130322_1003,E36,E38,0,0.988671,0.000100,0.002614,0.008616
CNN_20130322_1003,E38,E40,0,0.807482,0.027810,0.042370,0.122339
CNN_20130322_1003,E38,E41,1,0.000221,0.985712,0.003776,0.010291
CNN_20130322_1003,E38,E42,1,0.000171,0.988521,0.003137,0.008171
CNN_20130322_1003,E40,E43,0,0.619488,0.096422,0.069229,0.214860
CNN_20130322_1003,E40,E44,0,0.943023,0.002446,0.013366,0.041165
CNN_20130322_1003,E41,E43,0,0.988547,0.000189,0.003137,0.008127
CNN_20130322_1003,E41,E44,0,0.997739,0.000008,0.000578,0.001675
CNN_20130322_1003,E42,E43,0,0.992527,0.000082,0.002116,0.005275
CNN_20130322_1003,E42,E44,0,0.998153,0.000005,0.000471,0.001371
CNN_20130322_1003,E43,E45,0,0.706057,0.027280,0.064177,0.202486
CNN_20130322_1003,E43,E47,0,0.350196,0.195676,0.109292,0.344836
CNN_20130322_1003,E44,E45,1,0.084571,0.481889,0.096227,0.337313
CNN_20130322_1003,E44,E47,1,0.013864,0.795952,0.043229,0.146955
CNN_20130322_1003,E45,E48,0,0.709632,0.029691,0.066431,0.194246
CNN_20130322_1003,E47,E48,0,0.756698,0.028414,0.056654,0.158233
CNN_20130322_1003,E48,E50,0,0.964899,0.000682,0.008934,0.025484
CNN_20130322_1003,E50,E51,1,0.001201,0.931872,0.013208,0.053719
CNN_20130322_1003,E51,E52,0,0.659805,0.033691,0.059981,0.246523
CNN_20130322_1003,E52,E53,0,0.998075,0.000004,0.000421,0.001499
CNN_20130322_1003,E53,E55,0,0.832876,0.009102,0.038080,0.119941
