WSJ_20130322_159,E5,E6,1,0.005944,0.912623,0.022183,0.059250
WSJ_20130322_159,E5,E10,0,0.595682,0.069891,0.073241,0.261186
WSJ_20130322_159,E5,E11,0,0.929192,0.002295,0.015452,0.053061
WSJ_20130322_159,E6,E10,0,0.915853,0.003136,0.018177,0.062834
WSJ_20130322_159,E6,E11,0,0.974825,0.000343,0.005632,0.019200
WSJ_20130322_159,E10,E11,0,0.493041,0.073757,0.081111,0.352092
WSJ_20130322_159,E12,E14,3,0.177893,0.332615,0.081720,0.407772
WSJ_20130322_159,E18,E19,0,0.434600,0.126244,0.084286,0.354870
WSJ_20130322_159,E20,E22,1,0.000101,0.984685,0.003030,0.012185
WSJ_20130322_159,E29,E31,0,0.912029,0.002240,0.015550,0.070182
WSJ_20130322_159,E29,E34,3,0.388503,0.120960,0.086763,0.403773
WSJ_20130322_159,E29,E37,0,0.931473,0.001832,0.013026,0.053669
WSJ_20130322_159,E31,E34,3,0.152882,0.304376,0.094702,0.448040
WSJ_20130322_159,E31,E37,0,0.814830,0.010995,0.033249,0.140927
WSJ_20130322_159,E34,E37,0,0.961911,0.000620,0.007973,0.029495
WSJ_20130322_159,E38,E39,1,0.006223,0.879298,0.024245,0.090234
WSJ_20130322_159,E38,E40,1,0.085923,0.442753,0.090113,0.381210
WSJ_20130322_159,E39,E40,0,0.469588,0.090327,0.081625,0.358460
WSJ_20130322_159,E42,E44,1,0.000750,0.954107,0.009111,0.036033
WSJ_20130322_159,E46,E47,1,0.000364,0.972611,0.006157,0.020868
WSJ_20130322_159,E46,E49,0,0.579411,0.061924,0.067623,0.291043
WSJ_20130322_159,E47,E49,0,0.964508,0.000521,0.006373,0.028597
WSJ_20130322_159,E1,E5,3,0.295323,0.295752,0.085795,0.323131
WSJ_20130322_159,E1,E6,1,0.003059,0.924804,0.016054,0.056083
WSJ_20130322_159,E1,E10,0,0.505658,0.101317,0.076929,0.316096
WSJ_20130322_159,E1,E11,0,0.706549,0.031365,0.049252,0.212834
WSJ_20130322_159,E5,E12,0,0.996567,0.000011,0.000697,0.002724
WSJ_20130322_159,E5,E14,0,0.827770,0.012654,0.031287,0.128289
WSJ_20130322_159,E6,E12,0,0.996907,0.000009,0.000604,0.002480
WSJ_20130322_159,E6,E14,0,0.978367,0.000259,0.004311,0.017063
WSJ_20130322_159,E10,E12,0,0.923466,0.001750,0.014506,0.060277
WSJ_20130322_159,E10,E14,3,0.305433,0.158105,0.085856,0.450605
WSJ_20130322_159,E11,E12,0,0.915483,0.002252,0.016407,0.065858
WSJ_20130322_159,E11,E14,3,0.268784,0.202073,0.088580,0.440564
WSJ_20130322_159,E12,E18,0,0.854671,0.005402,0.026387,0.113540
WSJ_20130322_159,E12,E19,3,0.345199,0.216208,0.091954,0.346639
WSJ_20130322_159,E14,E18,0,0.988228,0.000057,0.002054,0.009660
WSJ_20130322_159,E14,E19,0,0.876490,0.006420,0.021630,0.095459
WSJ_20130322_159,E18,E20,1,0.008047,0.811221,0.034109,0.146624
WSJ_20130322_159,E18,E22,1,0.000013,0.994436,0.000885,0.004666
WSJ_20130322_159,E19,E20,1,0.001061,0.936207,0.011733,0.050999
WSJ_20130322_159,E19,E22,1,0.000002,0.997977,0.000301,0.001720
WSJ_20130322_159,E20,E26,1,0.044542,0.650997,0.061716,0.242745
WSJ_20130322_159,E22,E26,0,0.965992,0.000873,0.008385,0.024751
WSJ_20130322_159,E26,E29,0,0.995291,0.000018,0.000958,0.003733
WSJ_20130322_159,E26,E31,0,0.998204,0.000003,0.000332,0.001461
WSJ_20130322_159,E26,E34,0,0.990352,0.000060,0.002056,0.007532
WSJ_20130322_159,E26,E37,0,0.997923,0.000005,0.000410,0.001662
WSJ_20130322_159,E29,E38,0,0.464072,0.109084,0.077317,0.349526
WSJ_20130322_159,E29,E39,1,0.002177,0.916045,0.014721,0.067057
WSJ_20130322_159,E29,E40,1,0.015815,0.698482,0.048530,0.237173
WSJ_20130322_159,E31,E38,1,0.112834,0.413782,0.083366,0.390018
WSJ_20130322_159,E31,E39,1,0.000303,0.967886,0.005632,0.026179
WSJ_20130322_159,E31,E40,1,0.002581,0.868958,0.021659,0.106802
WSJ_20130322_159,E34,E38,0,0.518826,0.072989,0.075562,0.332623
WSJ_20130322_159,E34,E39,1,0.004014,0.875761,0.022007,0.098218
WSJ_20130322_159,E34,E40,1,0.026009,0.607717,0.064081,0.302193
WSJ_20130322_159,E37,E38,1,0.017872,0.742379,0.041737,0.198011
WSJ_20130322_159,E37,E39,1,0.000056,0.987666,0.002085,0.010194
WSJ_20130322_159,E37,E40,1,0.000453,0.949094,0.008270,0.042183
WSJ_20130322_159,E38,E42,0,0.582196,0.057857,0.068532,0.291415
WSJ_20130322_159,E38,E44,1,0.002399,0.902112,0.017152,0.078337
WSJ_20130322_159,E39,E42,0,0.972976,0.000345,0.005106,0.021574
WSJ_20130322_159,E39,E44,3,0.269162,0.303645,0.079606,0.347587
WSJ_20130322_159,E40,E42,0,0.956966,0.000582,0.007968,0.034483
WSJ_20130322_159,E40,E44,3,0.174651,0.306405,0.087936,0.431009
WSJ_20130322_159,E42,E46,0,0.789978,0.012754,0.035826,0.161442
WSJ_20130322_159,E42,E47,1,0.070448,0.522248,0.073639,0.333665
WSJ_20130322_159,E42,E49,0,0.638009,0.042125,0.058166,0.261700
WSJ_20130322_159,E44,E46,0,0.987517,0.000067,0.002265,0.010151
WSJ_20130322_159,E44,E47,0,0.796159,0.012419,0.032044,0.159379
WSJ_20130322_159,E44,E49,0,0.979490,0.000169,0.003508,0.016833
WSJ_20130322_159,E46,E55,0,0.940852,0.001795,0.012618,0.044736
WSJ_20130322_159,E47,E55,0,0.994897,0.000023,0.001047,0.004033
WSJ_20130322_159,E49,E55,0,0.782137,0.021551,0.035554,0.160759
nyt_20130322_strange_computer,E8,E11,0,0.995458,0.000023,0.001048,0.003471
nyt_20130322_strange_computer,E14,E16,1,0.000571,0.961116,0.008786,0.029527
nyt_20130322_strange_computer,E19,E22,0,0.586834,0.063200,0.074418,0.275549
nyt_20130322_strange_computer,E19,E23,1,0.049475,0.659113,0.067406,0.224005
nyt_20130322_strange_computer,E22,E23,1,0.076013,0.537317,0.088053,0.298617
nyt_20130322_strange_computer,E6,E8,0,0.675276,0.056745,0.067551,0.200429
nyt_20130322_strange_computer,E6,E11,0,0.997905,0.000005,0.000425,0.001664
nyt_20130322_strange_computer,E8,E14,0,0.994096,0.000033,0.001356,0.004515
nyt_20130322_strange_computer,E8,E16,0,0.468697,0.155381,0.100249,0.275673
nyt_20130322_strange_computer,E11,E14,0,0.721154,0.030279,0.057061,0.191507
nyt_20130322_strange_computer,E11,E16,1,0.000747,0.956000,0.009961,0.033293
nyt_20130322_strange_computer,E14,E19,0,0.533930,0.111604,0.087913,0.266553
nyt_20130322_strange_computer,E14,E22,0,0.510773,0.086167,0.091388,0.311671
nyt_20130322_strange_computer,E14,E23,1,0.002198,0.916012,0.017831,0.063959
nyt_20130322_strange_computer,E16,E19,0,0.974728,0.000375,0.005658,0.019240
nyt_20130322_strange_computer,E16,E22,0,0.970630,0.000401,0.006565,0.022404
nyt_20130322_strange_computer,E16,E23,0,0.690850,0.036476,0.061519,0.211154
nyt_20130322_strange_computer,E19,E24,0,0.972198,0.000414,0.005956,0.021431
nyt_20130322_strange_computer,E22,E24,0,0.970420,0.000421,0.006427,0.022732
nyt_20130322_strange_computer,E23,E24,0,0.978110,0.000277,0.005146,0.016467
CNN_20130321_821,E4,E5,0,0.639976,0.049838,0.066554,0.243631
CNN_20130321_821,E5,E8,0,0.915286,0.002377,0.015359,0.066978
CNN_20130321_821,E8,E1000,0,0.829572,0.008442,0.033246,0.128740
CNN_20130321_821,E1002,E20,0,0.938380,0.001646,0.015764,0.044211
nyt_20130321_cyprus,E2,E5,1,0.281398,0.329282,0.120137,0.269183
nyt_20130321_cyprus,E7,E2009,1,0.110222,0.500783,0.085896,0.303099
nyt_20130321_cyprus,E13,E15,0,0.841417,0.008872,0.034929,0.114782
nyt_20130321_cyprus,E22,E23,3,0.292972,0.266095,0.082640,0.358293
nyt_20130321_cyprus,E22,E24,1,0.000006,0.997221,0.000503,0.002270
nyt_20130321_cyprus,E23,E24,1,0.000052,0.991261,0.001824,0.006863
nyt_20130321_cyprus,E33,E35,0,0.588993,0.087741,0.078955,0.244311
nyt_20130321_cyprus,E41,E42,1,0.002876,0.905299,0.019508,0.072317
nyt_20130321_cyprus,E46,E47,0,0.994253,0.000035,0.001312,0.004401
nyt_20130321_cyprus,E48,E51,0,0.974731,0.000352,0.005407,0.019511
nyt_20130321_cyprus,E2,E7,0,0.933271,0.002812,0.018210,0.045706
nyt_20130321_cyprus,E2,E2009,0,0.839473,0.011958,0.041299,0.107270
nyt_20130321_cyprus,E5,E7,0,0.947654,0.001816,0.013082,0.037447
nyt_20130321_cyprus,E5,E2009,0,0.872737,0.007796,0.030140,0.089328
nyt_20130321_cyprus,E7,E9,1,0.000315,0.977011,0.005534,0.017140
nyt_20130321_cyprus,E2009,E9,1,0.006513,0.876785,0.030442,0.086260
nyt_20130321_cyprus,E10,E13,0,0.990979,0.000079,0.002238,0.006703
nyt_20130321_cyprus,E10,E15,0,0.993578,0.000032,0.001392,0.004998
nyt_20130321_cyprus,E13,E21,0,0.876254,0.007691,0.027907,0.088147
nyt_20130321_cyprus,E15,E21,0,0.818317,0.011626,0.036644,0.133413
nyt_20130321_cyprus,E21,E22,0,0.881436,0.007867,0.024658,0.086039
nyt_20130321_cyprus,E21,E23,0,0.544849,0.096205,0.069528,0.289418
nyt_20130321_cyprus,E21,E24,1,0.000011,0.996339,0.000710,0.002940
nyt_20130321_cyprus,E22,E25,1,0.000077,0.986748,0.002565,0.010611
nyt_20130321_cyprus,E23,E25,1,0.001066,0.941351,0.011193,0.046390
nyt_20130321_cyprus,E24,E25,0,0.932629,0.002832,0.016920,0.047619
nyt_20130321_cyprus,E33,E36,0,0.636786,0.054874,0.068448,0.239891
nyt_20130321_cyprus,E35,E36,1,0.138543,0.465982,0.089546,0.305929
nyt_20130321_cyprus,E36,E41,0,0.959755,0.000736,0.008748,0.030760
nyt_20130321_cyprus,E36,E42,1,0.135401,0.458732,0.082584,0.323283
nyt_20130321_cyprus,E46,E48,0,0.735322,0.044244,0.050452,0.169981
nyt_20130321_cyprus,E46,E51,0,0.995131,0.000025,0.001077,0.003767
nyt_20130321_cyprus,E47,E48,1,0.001894,0.927845,0.014983,0.055278
nyt_20130321_cyprus,E47,E51,0,0.618722,0.069894,0.066875,0.244509
nyt_20130321_cyprus,E48,E57,1,0.003165,0.911469,0.019954,0.065411
nyt_20130321_cyprus,E51,E57,1,0.000030,0.992957,0.001361,0.005651
bbc_20130322_1353,E1,E5,1,0.000017,0.993537,0.001064,0.005382
bbc_20130322_1353,E8,E10,1,0.000086,0.986985,0.002647,0.010282
bbc_20130322_1353,E15,E16,1,0.000695,0.952753,0.008814,0.037738
bbc_20130322_1353,E19,E20,1,0.003607,0.940074,0.016964,0.039355
bbc_20130322_1353,E19,E21,1,0.123483,0.596605,0.079862,0.200050
bbc_20130322_1353,E20,E21,0,0.834259,0.027019,0.041061,0.097661
bbc_20130322_1353,E23,E25,1,0.040613,0.609964,0.059421,0.290003
bbc_20130322_1353,E23,E26,1,0.000217,0.972573,0.005107,0.022103
bbc_20130322_1353,E23,E27,1,0.000054,0.990778,0.001908,0.007260
bbc_20130322_1353,E25,E26,1,0.000270,0.967650,0.005659,0.026420
bbc_20130322_1353,E25,E27,1,0.000021,0.993754,0.001111,0.005114
bbc_20130322_1353,E26,E27,1,0.000883,0.956720,0.009008,0.033388
bbc_20130322_1353,E28,E29,1,0.000104,0.987103,0.002824,0.009970
bbc_20130322_1353,E28,E31,1,0.000156,0.985733,0.003414,0.010697
bbc_20130322_1353,E29,E31,1,0.329932,0.338425,0.085737,0.245906
bbc_20130322_1353,E33,E34,0,0.929765,0.003811,0.017391,0.049033
bbc_20130322_1353,E35,E36,3,0.312797,0.264129,0.106551,0.316523
bbc_20130322_1353,E35,E37,1,0.005099,0.898612,0.022073,0.074216
bbc_20130322_1353,E36,E37,1,0.002454,0.934489,0.013090,0.049967
bbc_20130322_1353,E1,E8,3,0.293518,0.193995,0.086977,0.425511
bbc_20130322_1353,E1,E10,1,0.000067,0.987991,0.002334,0.009607
bbc_20130322_1353,E5,E8,0,0.993852,0.000028,0.001252,0.004868
bbc_20130322_1353,E5,E10,1,0.216766,0.402608,0.092807,0.287819
bbc_20130322_1353,E8,E11,3,0.213422,0.233439,0.094920,0.458219
bbc_20130322_1353,E10,E11,0,0.986313,0.000101,0.002844,0.010742
bbc_20130322_1353,E11,E13,3,0.249815,0.219092,0.088337,0.442755
bbc_20130322_1353,E13,E15,0,0.839519,0.011162,0.032951,0.116368
bbc_20130322_1353,E13,E16,0,0.710610,0.038060,0.053941,0.197389
bbc_20130322_1353,E15,E17,1,0.010713,0.776567,0.037746,0.174974
bbc_20130322_1353,E16,E17,3,0.350362,0.139217,0.085673,0.424748
bbc_20130322_1353,E17,E19,1,0.000534,0.967054,0.007654,0.024759
bbc_20130322_1353,E17,E20,1,0.000044,0.991438,0.001707,0.006811
bbc_20130322_1353,E17,E21,1,0.002261,0.915955,0.017277,0.064507
bbc_20130322_1353,E19,E23,0,0.980732,0.000237,0.004387,0.014645
bbc_20130322_1353,E19,E25,0,0.954448,0.001105,0.009768,0.034679
bbc_20130322_1353,E19,E26,1,0.058523,0.629010,0.072762,0.239704
bbc_20130322_1353,E19,E27,1,0.004746,0.922623,0.018566,0.054064
bbc_20130322_1353,E20,E23,0,0.995022,0.000026,0.001115,0.003837
bbc_20130322_1353,E20,E25,0,0.990811,0.000070,0.002107,0.007012
bbc_20130322_1353,E20,E26,0,0.802095,0.022085,0.044368,0.131453
bbc_20130322_1353,E20,E27,1,0.183312,0.520786,0.082599,0.213303
bbc_20130322_1353,E21,E23,0,0.985137,0.000160,0.003424,0.011279
bbc_20130322_1353,E21,E25,0,0.968529,0.000553,0.006986,0.023931
bbc_20130322_1353,E21,E26,0,0.367514,0.216285,0.098856,0.317344
bbc_20130322_1353,E21,E27,1,0.012656,0.874868,0.029552,0.082923
bbc_20130322_1353,E23,E28,0,0.634646,0.049923,0.064578,0.250852
bbc_20130322_1353,E23,E29,1,0.001318,0.937680,0.012611,0.048390
bbc_20130322_1353,E23,E31,1,0.040034,0.720031,0.056459,0.183476
bbc_20130322_1353,E25,E28,0,0.806818,0.012951,0.032850,0.147381
bbc_20130322_1353,E25,E29,1,0.012906,0.811673,0.033039,0.142382
bbc_20130322_1353,E25,E31,1,0.061817,0.654693,0.057259,0.226231
bbc_20130322_1353,E26,E28,0,0.982769,0.000161,0.003625,0.013445
bbc_20130322_1353,E26,E29,0,0.376831,0.199206,0.087442,0.336521
bbc_20130322_1353,E26,E31,0,0.671582,0.064182,0.058427,0.205809
bbc_20130322_1353,E27,E28,0,0.996662,0.000011,0.000681,0.002646
bbc_20130322_1353,E27,E29,0,0.889090,0.008523,0.022812,0.079575
bbc_20130322_1353,E27,E31,0,0.957289,0.001834,0.009725,0.031152
bbc_20130322_1353,E28,E33,1,0.006052,0.886719,0.025126,0.082103
bbc_20130322_1353,E28,E34,1,0.034173,0.712893,0.049512,0.203423
bbc_20130322_1353,E29,E33,0,0.866693,0.011942,0.030229,0.091137
bbc_20130322_1353,E29,E34,0,0.977919,0.000345,0.004521,0.017215
bbc_20130322_1353,E31,E33,0,0.861457,0.018451,0.033729,0.086364
bbc_20130322_1353,E31,E34,0,0.972207,0.000792,0.006273,0.020728
bbc_20130322_1353,E33,E35,0,0.996547,0.000013,0.000744,0.002695
bbc_20130322_1353,E33,E36,0,0.994451,0.000034,0.001303,0.004212
bbc_20130322_1353,E33,E37,0,0.959663,0.001542,0.010641,0.028154
bbc_20130322_1353,E34,E35,0,0.993830,0.000035,0.001331,0.004804
bbc_20130322_1353,E34,E36,0,0.990126,0.000081,0.002156,0.007637
bbc_20130322_1353,E34,E37,0,0.768252,0.038755,0.042210,0.150784
nyt_20130321_women_senate,E1000009,E2,0,0.742925,0.052427,0.051725,0.152923
nyt_20130321_women_senate,E4,E5,1,0.000099,0.989460,0.002530,0.007911
nyt_20130321_women_senate,E4,E6,1,0.316229,0.319750,0.088144,0.275878
nyt_20130321_women_senate,E5,E6,0,0.974267,0.000638,0.006485,0.018610
nyt_20130321_women_senate,E9,E10,0,0.990774,0.000093,0.002340,0.006793
nyt_20130321_women_senate,E11,E12,0,0.833032,0.021107,0.042163,0.103698
nyt_20130321_women_senate,E14,E15,1,0.014031,0.812407,0.042967,0.130595
nyt_20130321_women_senate,E16,E17,1,0.058366,0.578068,0.067160,0.296407
nyt_20130321_women_senate,E19,E20,1,0.000355,0.978310,0.005597,0.015738
nyt_20130321_women_senate,E19,E21,1,0.003005,0.917507,0.019003,0.060486
nyt_20130321_women_senate,E20,E21,0,0.380897,0.220423,0.091621,0.307058
nyt_20130321_women_senate,E23,E24,0,0.951948,0.001273,0.011539,0.035240
nyt_20130321_women_senate,E26,E27,0,0.878668,0.011506,0.034148,0.075678
nyt_20130321_women_senate,E26,E1000014,0,0.798637,0.026810,0.052575,0.121978
nyt_20130321_women_senate,E27,E1000014,1,0.089356,0.588587,0.083131,0.238926
nyt_20130321_women_senate,E37,E1000015,1,0.146384,0.393625,0.094934,0.365057
nyt_20130321_women_senate,E40,E41,0,0.963151,0.000580,0.007149,0.029119
nyt_20130321_women_senate,E40,E42,0,0.739402,0.026682,0.047674,0.186241
nyt_20130321_women_senate,E41,E42,1,0.099112,0.486605,0.084290,0.329994
nyt_20130321_women_senate,E43,E47,0,0.940294,0.002255,0.012424,0.045027
nyt_20130321_women_senate,E43,E48,0,0.973992,0.000389,0.006190,0.019429
nyt_20130321_women_senate,E47,E48,0,0.913130,0.003754,0.021970,0.061146
nyt_20130321_women_senate,E49,E50,0,0.930968,0.002508,0.016658,0.049865
nyt_20130321_women_senate,E49,E53,1,0.002048,0.945782,0.014205,0.037965
nyt_20130321_women_senate,E50,E53,1,0.000141,0.986234,0.003257,0.010368
nyt_20130321_women_senate,E1000009,E4,0,0.689127,0.085329,0.061738,0.163807
nyt_20130321_women_senate,E1000009,E5,1,0.000162,0.986673,0.003366,0.009799
nyt_20130321_women_senate,E1000009,E6,0,0.529612,0.158123,0.079577,0.232688
nyt_20130321_women_senate,E2,E4,0,0.383555,0.278477,0.085540,0.252429
nyt_20130321_women_senate,E2,E5,1,0.000079,0.990632,0.002211,0.007078
nyt_20130321_women_senate,E2,E6,1,0.245273,0.396101,0.087335,0.271291
nyt_20130321_women_senate,E4,E7,0,0.951197,0.002517,0.012248,0.034038
nyt_20130321_women_senate,E5,E7,0,0.996126,0.000021,0.000919,0.002934
nyt_20130321_women_senate,E6,E7,0,0.965533,0.001277,0.008811,0.024378
nyt_20130321_women_senate,E7,E8,1,0.000655,0.964718,0.007949,0.026678
nyt_20130321_women_senate,E8,E9,0,0.982673,0.000253,0.004289,0.012784
nyt_20130321_women_senate,E8,E10,0,0.998825,0.000002,0.000229,0.000943
nyt_20130321_women_senate,E11,E1000012,0,0.978883,0.000387,0.005299,0.015430
nyt_20130321_women_senate,E12,E1000012,0,0.707230,0.044245,0.061462,0.187063
nyt_20130321_women_senate,E14,E16,0,0.974845,0.000354,0.005709,0.019092
nyt_20130321_women_senate,E14,E17,0,0.962307,0.000780,0.008564,0.028349
nyt_20130321_women_senate,E15,E16,0,0.988235,0.000086,0.002565,0.009114
nyt_20130321_women_senate,E15,E17,0,0.984382,0.000148,0.003515,0.011956
nyt_20130321_women_senate,E16,E19,1,0.014266,0.827011,0.037062,0.121662
nyt_20130321_women_senate,E16,E20,1,0.000036,0.991988,0.001534,0.006442
nyt_20130321_women_senate,E16,E21,1,0.000190,0.976071,0.004453,0.019287
nyt_20130321_women_senate,E17,E19,1,0.138731,0.516760,0.084989,0.259520
nyt_20130321_women_senate,E17,E20,1,0.000136,0.984514,0.003337,0.012013
nyt_20130321_women_senate,E17,E21,1,0.001036,0.943349,0.011182,0.044433
nyt_20130321_women_senate,E19,E22,1,0.039063,0.731252,0.053531,0.176155
nyt_20130321_women_senate,E20,E22,0,0.796894,0.026258,0.039152,0.137696
nyt_20130321_women_senate,E21,E22,0,0.630143,0.066087,0.063066,0.240705
nyt_20130321_women_senate,E22,E23,0,0.825317,0.013248,0.031985,0.129451
nyt_20130321_women_senate,E22,E24,0,0.994433,0.000031,0.001232,0.004304
nyt_20130321_women_senate,E23,E25,0,0.968452,0.000456,0.007030,0.024061
nyt_20130321_women_senate,E24,E25,0,0.488889,0.087312,0.083548,0.340252
nyt_20130321_women_senate,E25,E26,1,0.000205,0.981965,0.004279,0.013551
nyt_20130321_women_senate,E25,E27,1,0.002948,0.907582,0.021041,0.068429
nyt_20130321_women_senate,E25,E1000014,1,0.003839,0.892061,0.024113,0.079987
nyt_20130321_women_senate,E26,E29,0,0.924016,0.003387,0.021654,0.050943
nyt_20130321_women_senate,E27,E29,0,0.331410,0.226922,0.112088,0.329580
nyt_20130321_women_senate,E1000014,E29,3,0.324734,0.231854,0.111512,0.331900
nyt_20130321_women_senate,E29,E36,0,0.965094,0.000647,0.008701,0.025559
nyt_20130321_women_senate,E36,E37,0,0.752131,0.024498,0.049417,0.173954
nyt_20130321_women_senate,E36,E1000015,0,0.393828,0.143337,0.092610,0.370225
nyt_20130321_women_senate,E37,E40,1,0.000498,0.963489,0.007500,0.028512
nyt_20130321_women_senate,E37,E41,1,0.099054,0.440897,0.086995,0.373054
nyt_20130321_women_senate,E37,E42,1,0.002248,0.912591,0.018248,0.066913
nyt_20130321_women_senate,E1000015,E40,1,0.008802,0.830770,0.031043,0.129385
nyt_20130321_women_senate,E1000015,E41,0,0.609482,0.045454,0.063764,0.281301
nyt_20130321_women_senate,E1000015,E42,1,0.052437,0.588915,0.072137,0.286511
nyt_20130321_women_senate,E40,E43,0,0.862148,0.009466,0.024723,0.103664
nyt_20130321_women_senate,E40,E47,0,0.943768,0.001652,0.011376,0.043204
nyt_20130321_women_senate,E40,E48,0,0.974194,0.000349,0.005974,0.019483
nyt_20130321_women_senate,E41,E43,3,0.264702,0.293755,0.085293,0.356250
nyt_20130321_women_senate,E41,E47,0,0.552650,0.092864,0.073424,0.281062
nyt_20130321_women_senate,E41,E48,0,0.810226,0.012358,0.041255,0.136161
nyt_20130321_women_senate,E42,E43,0,0.588422,0.080978,0.068012,0.262589
nyt_20130321_women_senate,E42,E47,0,0.807413,0.017064,0.038724,0.136798
nyt_20130321_women_senate,E42,E48,0,0.921794,0.002537,0.019123,0.056545
nyt_20130321_women_senate,E43,E49,0,0.914539,0.004086,0.018895,0.062480
nyt_20130321_women_senate,E43,E50,0,0.977877,0.000304,0.004763,0.017055
nyt_20130321_women_senate,E43,E53,1,0.004178,0.925036,0.016715,0.054071
nyt_20130321_women_senate,E47,E49,0,0.746732,0.039542,0.055650,0.158076
nyt_20130321_women_senate,E47,E50,0,0.932810,0.002886,0.015521,0.048783
nyt_20130321_women_senate,E47,E53,1,0.000382,0.979080,0.005441,0.015097
nyt_20130321_women_senate,E48,E49,0,0.562130,0.080062,0.094641,0.263167
nyt_20130321_women_senate,E48,E50,0,0.857479,0.008116,0.033479,0.100926
nyt_20130321_women_senate,E48,E53,1,0.000477,0.971418,0.007156,0.020949
bbc_20130322_1150,E1,E2,0,0.978679,0.000980,0.006894,0.013448
bbc_20130322_1150,E6,E7,1,0.000731,0.955982,0.009345,0.033941
bbc_20130322_1150,E8,E10,1,0.015589,0.865333,0.034720,0.084358
bbc_20130322_1150,E8,E11,0,0.317261,0.314989,0.118263,0.249487
bbc_20130322_1150,E10,E11,0,0.731841,0.056323,0.069727,0.142109
bbc_20130322_1150,E14,E15,1,0.052062,0.698253,0.054851,0.194834
bbc_20130322_1150,E14,E17,1,0.100053,0.615969,0.065035,0.218942
bbc_20130322_1150,E15,E17,0,0.620822,0.096078,0.064508,0.218592
bbc_20130322_1150,E19,E20,1,0.011057,0.850791,0.032194,0.105959
bbc_20130322_1150,E19,E21,0,0.663719,0.058248,0.065284,0.212749
bbc_20130322_1150,E20,E21,0,0.783063,0.031030,0.042485,0.143423
bbc_20130322_1150,E23,E24,0,0.556860,0.110093,0.086135,0.246913
bbc_20130322_1150,E29,E30,0,0.995444,0.000023,0.001018,0.003514
bbc_20130322_1150,E53,E35,0,0.998777,0.000002,0.000239,0.000982
bbc_20130322_1150,E39,E40,0,0.959723,0.000753,0.009701,0.029823
bbc_20130322_1150,E41,E42,1,0.001106,0.964293,0.010708,0.023893
bbc_20130322_1150,E41,E43,1,0.063248,0.665806,0.082481,0.188464
bbc_20130322_1150,E42,E43,0,0.988661,0.000137,0.003017,0.008185
bbc_20130322_1150,E1,E3,0,0.997821,0.000009,0.000519,0.001651
bbc_20130322_1150,E2,E3,0,0.961267,0.002426,0.010151,0.026156
bbc_20130322_1150,E3,E4,1,0.000187,0.984962,0.003719,0.011132
bbc_20130322_1150,E4,E6,0,0.999077,0.000001,0.000175,0.000746
bbc_20130322_1150,E4,E7,0,0.978811,0.000349,0.005324,0.015516
bbc_20130322_1150,E6,E8,1,0.000054,0.990494,0.001963,0.007488
bbc_20130322_1150,E6,E10,1,0.000020,0.994815,0.001033,0.004132
bbc_20130322_1150,E6,E11,1,0.000603,0.967396,0.008284,0.023717
bbc_20130322_1150,E7,E8,1,0.067555,0.657746,0.065638,0.209060
bbc_20130322_1150,E7,E10,1,0.014681,0.848276,0.034514,0.102528
bbc_20130322_1150,E7,E11,0,0.385309,0.232881,0.109488,0.272322
bbc_20130322_1150,E8,E12,0,0.822300,0.023255,0.042982,0.111463
bbc_20130322_1150,E10,E12,0,0.861777,0.014420,0.033643,0.090159
bbc_20130322_1150,E11,E12,1,0.245260,0.368119,0.113428,0.273193
bbc_20130322_1150,E12,E14,0,0.942641,0.002647,0.015505,0.039207
bbc_20130322_1150,E12,E15,0,0.969722,0.000628,0.007699,0.021952
bbc_20130322_1150,E12,E17,0,0.975750,0.000514,0.006508,0.017228
bbc_20130322_1150,E18,E19,0,0.770879,0.023461,0.059122,0.146538
bbc_20130322_1150,E18,E20,0,0.506714,0.173201,0.092494,0.227591
bbc_20130322_1150,E18,E21,0,0.973519,0.000573,0.007537,0.018371
bbc_20130322_1150,E19,E23,0,0.866042,0.008230,0.029681,0.096046
bbc_20130322_1150,E19,E24,3,0.290068,0.283664,0.107276,0.318991
bbc_20130322_1150,E20,E23,0,0.938568,0.002411,0.013099,0.045923
bbc_20130322_1150,E20,E24,0,0.466650,0.170596,0.083696,0.279058
bbc_20130322_1150,E21,E23,0,0.713558,0.044732,0.054713,0.186997
bbc_20130322_1150,E21,E24,1,0.110400,0.548721,0.079677,0.261202
bbc_20130322_1150,E28,E29,1,0.000019,0.995555,0.000946,0.003481
bbc_20130322_1150,E28,E30,1,0.058581,0.686796,0.055371,0.199252
bbc_20130322_1150,E29,E34,0,0.999035,0.000001,0.000185,0.000779
bbc_20130322_1150,E30,E34,0,0.979251,0.000352,0.004331,0.016066
bbc_20130322_1150,E34,E53,1,0.000182,0.982708,0.003983,0.013127
bbc_20130322_1150,E34,E35,0,0.972507,0.000509,0.006201,0.020782
bbc_20130322_1150,E53,E36,0,0.987674,0.000124,0.002983,0.009219
bbc_20130322_1150,E35,E36,1,0.008056,0.855462,0.030838,0.105645
bbc_20130322_1150,E36,E39,1,0.000631,0.958900,0.008923,0.031546
bbc_20130322_1150,E36,E40,1,0.014312,0.748680,0.049726,0.187282
bbc_20130322_1150,E39,E41,0,0.996716,0.000014,0.000753,0.002517
bbc_20130322_1150,E39,E42,0,0.582195,0.113511,0.090198,0.214097
bbc_20130322_1150,E39,E43,0,0.939346,0.002325,0.016064,0.042265
bbc_20130322_1150,E40,E41,0,0.947252,0.001565,0.013232,0.037951
bbc_20130322_1150,E40,E42,1,0.000542,0.966213,0.007982,0.025263
bbc_20130322_1150,E40,E43,3,0.319236,0.237827,0.102920,0.340017
bbc_20130322_1150,E41,E44,0,0.781741,0.039118,0.052421,0.126719
bbc_20130322_1150,E42,E44,0,0.997970,0.000007,0.000470,0.001553
bbc_20130322_1150,E43,E44,0,0.827972,0.028192,0.040248,0.103588
bbc_20130322_332,E1,E2,0,0.553241,0.102254,0.074605,0.269900
bbc_20130322_332,E1,E3,1,0.038277,0.719705,0.053145,0.188872
bbc_20130322_332,E1,E4,1,0.000022,0.994925,0.001062,0.003991
bbc_20130322_332,E2,E3,1,0.051454,0.667634,0.066149,0.214762
bbc_20130322_332,E2,E4,1,0.000044,0.992548,0.001629,0.005779
bbc_20130322_332,E3,E4,1,0.000136,0.988273,0.002946,0.008645
bbc_20130322_332,E12,E13,1,0.024860,0.686734,0.054207,0.234200
bbc_20130322_332,E17,E18,1,0.114375,0.512689,0.089995,0.282942
bbc_20130322_332,E22,E23,0,0.991139,0.000065,0.002024,0.006772
bbc_20130322_332,E27,E28,1,0.130292,0.575796,0.077330,0.216583
bbc_20130322_332,E27,E29,0,0.991026,0.000104,0.002284,0.006586
bbc_20130322_332,E28,E29,0,0.990193,0.000124,0.002455,0.007228
bbc_20130322_332,E31,E33,0,0.652224,0.075290,0.081289,0.191196
bbc_20130322_332,E31,E34,0,0.954038,0.001855,0.013537,0.030570
bbc_20130322_332,E31,E35,0,0.894530,0.007786,0.029336,0.068349
bbc_20130322_332,E33,E34,0,0.621963,0.097189,0.073103,0.207745
bbc_20130322_332,E33,E35,0,0.812539,0.025469,0.042131,0.119861
bbc_20130322_332,E34,E35,0,0.707559,0.066374,0.059767,0.166299
bbc_20130322_332,E37,E38,0,0.844847,0.012222,0.033855,0.109076
bbc_20130322_332,E37,E40,0,0.739027,0.028047,0.055161,0.177765
bbc_20130322_332,E38,E40,0,0.447286,0.144508,0.094942,0.313264
bbc_20130322_332,E1,E5,0,0.907109,0.003837,0.018743,0.070310
bbc_20130322_332,E2,E5,0,0.705572,0.030874,0.056501,0.207053
bbc_20130322_332,E3,E5,0,0.937471,0.002001,0.013816,0.046712
bbc_20130322_332,E4,E5,0,0.995559,0.000019,0.000933,0.003490
bbc_20130322_332,E5,E9,1,0.000806,0.949438,0.010134,0.039622
bbc_20130322_332,E9,E11,0,0.405971,0.172945,0.114816,0.306268
bbc_20130322_332,E11,E12,0,0.989717,0.000087,0.002459,0.007738
bbc_20130322_332,E11,E13,0,0.970019,0.000518,0.007655,0.021809
bbc_20130322_332,E12,E17,1,0.000174,0.979931,0.004102,0.015794
bbc_20130322_332,E12,E18,1,0.000324,0.972177,0.005851,0.021648
bbc_20130322_332,E13,E17,1,0.004309,0.886929,0.023204,0.085558
bbc_20130322_332,E13,E18,1,0.008092,0.843816,0.031712,0.116381
bbc_20130322_332,E17,E19,0,0.744808,0.020018,0.046875,0.188299
bbc_20130322_332,E18,E19,0,0.776831,0.016000,0.043800,0.163370
bbc_20130322_332,E19,E22,1,0.000416,0.969238,0.006892,0.023454
bbc_20130322_332,E19,E23,0,0.935462,0.002362,0.015662,0.046514
bbc_20130322_332,E22,E24,1,0.058678,0.657881,0.068055,0.215386
bbc_20130322_332,E23,E24,1,0.000064,0.988642,0.002224,0.009070
bbc_20130322_332,E27,E30,0,0.993635,0.000050,0.001580,0.004735
bbc_20130322_332,E28,E30,0,0.994315,0.000041,0.001396,0.004247
bbc_20130322_332,E29,E30,0,0.860769,0.015771,0.030802,0.092658
bbc_20130322_332,E30,E31,1,0.151162,0.434081,0.093556,0.321201
bbc_20130322_332,E30,E33,0,0.365097,0.211251,0.096799,0.326853
bbc_20130322_332,E30,E34,0,0.567692,0.111201,0.076319,0.244788
bbc_20130322_332,E30,E35,0,0.655639,0.070686,0.065411,0.208265
bbc_20130322_332,E31,E36,1,0.076163,0.661170,0.073637,0.189030
bbc_20130322_332,E33,E36,1,0.145865,0.562224,0.075852,0.216060
bbc_20130322_332,E34,E36,1,0.195612,0.517828,0.076376,0.210184
bbc_20130322_332,E35,E36,1,0.211806,0.497609,0.074750,0.215834
bbc_20130322_332,E36,E37,0,0.987035,0.000150,0.003203,0.009611
bbc_20130322_332,E36,E38,0,0.985297,0.000175,0.003614,0.010914
bbc_20130322_332,E36,E40,0,0.989792,0.000087,0.002404,0.007718
bbc_20130322_1600,E2,E5,0,0.791980,0.028173,0.045453,0.134393
bbc_20130322_1600,E6,E7,1,0.023076,0.850629,0.048895,0.077400
bbc_20130322_1600,E6,E8,0,0.952080,0.003037,0.014263,0.030621
bbc_20130322_1600,E6,E9,0,0.963750,0.001639,0.010479,0.024131
bbc_20130322_1600,E7,E8,0,0.994891,0.000045,0.001376,0.003688
bbc_20130322_1600,E7,E9,0,0.987628,0.000265,0.003689,0.008418
bbc_20130322_1600,E8,E9,1,0.193763,0.517780,0.073227,0.215231
bbc_20130322_1600,E10,E11,0,0.897954,0.007882,0.026467,0.067696
bbc_20130322_1600,E10,E12,0,0.987392,0.000158,0.003267,0.009183
bbc_20130322_1600,E11,E12,0,0.970292,0.000667,0.007375,0.021665
bbc_20130322_1600,E16,E20,0,0.580965,0.091747,0.075607,0.251681
bbc_20130322_1600,E21,E22,0,0.852843,0.012023,0.033316,0.101818
bbc_20130322_1600,E2,E6,0,0.781151,0.040025,0.052000,0.126824
bbc_20130322_1600,E2,E7,1,0.037140,0.778221,0.056176,0.128463
bbc_20130322_1600,E2,E8,0,0.987381,0.000173,0.003327,0.009119
bbc_20130322_1600,E2,E9,0,0.962850,0.001348,0.009312,0.026490
bbc_20130322_1600,E5,E6,1,0.117685,0.610678,0.077292,0.194344
bbc_20130322_1600,E5,E7,1,0.001932,0.954741,0.013005,0.030322
bbc_20130322_1600,E5,E8,0,0.929955,0.005217,0.017630,0.047198
bbc_20130322_1600,E5,E9,0,0.872638,0.016886,0.028829,0.081647
bbc_20130322_1600,E6,E10,1,0.017709,0.868844,0.043731,0.069715
bbc_20130322_1600,E6,E11,0,0.819732,0.022440,0.049033,0.108795
bbc_20130322_1600,E6,E12,0,0.971759,0.000847,0.008171,0.019223
bbc_20130322_1600,E7,E10,0,0.370884,0.344843,0.103135,0.181138
bbc_20130322_1600,E7,E11,0,0.962153,0.001568,0.010858,0.025421
bbc_20130322_1600,E7,E12,0,0.994827,0.000036,0.001273,0.003864
bbc_20130322_1600,E8,E10,1,0.000302,0.984370,0.004497,0.010830
bbc_20130322_1600,E8,E11,1,0.095613,0.646010,0.068525,0.189852
bbc_20130322_1600,E8,E12,0,0.865582,0.016440,0.031237,0.086742
bbc_20130322_1600,E9,E10,1,0.000636,0.977020,0.006700,0.015644
bbc_20130322_1600,E9,E11,1,0.294382,0.364926,0.085498,0.255194
bbc_20130322_1600,E9,E12,0,0.941711,0.003292,0.013774,0.041224
bbc_20130322_1600,E10,E13,0,0.976816,0.000559,0.006707,0.015918
bbc_20130322_1600,E11,E13,0,0.865557,0.014652,0.033046,0.086745
bbc_20130322_1600,E12,E13,1,0.262598,0.391101,0.097048,0.249253
bbc_20130322_1600,E13,E30,1,0.046355,0.741762,0.061738,0.150145
bbc_20130322_1600,E30,E14,0,0.945506,0.002224,0.015648,0.036622
bbc_20130322_1600,E14,E16,0,0.306774,0.276919,0.115119,0.301188
bbc_20130322_1600,E14,E20,0,0.590434,0.077582,0.097648,0.234336
bbc_20130322_1600,E16,E21,0,0.630986,0.059793,0.069007,0.240215
bbc_20130322_1600,E16,E22,0,0.973800,0.000436,0.006013,0.019750
bbc_20130322_1600,E20,E21,0,0.524329,0.092021,0.090890,0.292761
bbc_20130322_1600,E20,E22,0,0.953203,0.001148,0.011470,0.034179
bbc_20130322_1600,E21,E25,0,0.933601,0.002227,0.016044,0.048127
bbc_20130322_1600,E22,E25,0,0.918456,0.003149,0.017685,0.060711
WSJ_20130322_804,E1,E2002,0,0.894341,0.004960,0.022753,0.077946
WSJ_20130322_804,E11,E13,0,0.782944,0.016037,0.043906,0.157113
WSJ_20130322_804,E11,E14,1,0.004274,0.895525,0.021804,0.078398
WSJ_20130322_804,E13,E14,1,0.000887,0.947367,0.010510,0.041237
WSJ_20130322_804,E22,E23,1,0.119689,0.428447,0.101691,0.350174
WSJ_20130322_804,E25,E26,0,0.417196,0.167950,0.119540,0.295314
WSJ_20130322_804,E25,E30,0,0.992014,0.000062,0.001945,0.005979
WSJ_20130322_804,E26,E30,0,0.991038,0.000073,0.002140,0.006750
WSJ_20130322_804,E9,E11,0,0.609741,0.065238,0.072850,0.252171
WSJ_20130322_804,E9,E13,0,0.971137,0.000378,0.006195,0.022291
WSJ_20130322_804,E9,E14,1,0.126263,0.485592,0.079964,0.308182
WSJ_20130322_804,E11,E16,1,0.036556,0.675443,0.063032,0.224970
WSJ_20130322_804,E13,E16,1,0.008296,0.821581,0.035290,0.134833
WSJ_20130322_804,E14,E16,0,0.420027,0.165253,0.083609,0.331111
WSJ_20130322_804,E16,E17,0,0.976635,0.000257,0.005101,0.018006
WSJ_20130322_804,E17,E18,1,0.000291,0.969700,0.006084,0.023925
WSJ_20130322_804,E21,E22,0,0.579358,0.075615,0.091480,0.253547
WSJ_20130322_804,E21,E23,0,0.425538,0.120796,0.098956,0.354711
WSJ_20130322_804,E22,E25,3,0.192371,0.325746,0.121345,0.360539
WSJ_20130322_804,E22,E26,1,0.161364,0.382856,0.108933,0.346847
WSJ_20130322_804,E22,E30,0,0.905035,0.004084,0.024144,0.066737
WSJ_20130322_804,E23,E25,0,0.416315,0.115572,0.096214,0.371899
WSJ_20130322_804,E23,E26,0,0.417034,0.120746,0.089273,0.372946
WSJ_20130322_804,E23,E30,0,0.947891,0.001116,0.011232,0.039761
WSJ_20130322_804,E25,E33,0,0.994904,0.000020,0.001061,0.004015
WSJ_20130322_804,E26,E33,0,0.992124,0.000041,0.001651,0.006185
WSJ_20130322_804,E30,E33,0,0.777387,0.013408,0.045494,0.163712
WSJ_20130322_804,E33,E35,1,0.025137,0.701305,0.065260,0.208298
WSJ_20130318_731,E1,E2,1,0.040453,0.725631,0.068284,0.165633
WSJ_20130318_731,E1,E3,1,0.008751,0.855952,0.039906,0.095391
WSJ_20130318_731,E2,E3,1,0.028859,0.775681,0.058658,0.136802
WSJ_20130318_731,E11,E12,1,0.000286,0.973825,0.005785,0.020104
WSJ_20130318_731,E11,E13,1,0.056238,0.654325,0.077499,0.211939
WSJ_20130318_731,E12,E13,0,0.766585,0.027496,0.050625,0.155294
WSJ_20130318_731,E20,E21,0,0.987118,0.000116,0.002986,0.009780
WSJ_20130318_731,E20,E22,0,0.989294,0.000093,0.002543,0.008069
WSJ_20130318_731,E21,E22,0,0.814180,0.016819,0.044400,0.124600
WSJ_20130318_731,E9,E10,1,0.000062,0.989508,0.002137,0.008293
WSJ_20130318_731,E10,E11,0,0.998671,0.000003,0.000267,0.001060
WSJ_20130318_731,E10,E12,0,0.993407,0.000049,0.001575,0.004968
WSJ_20130318_731,E10,E13,0,0.997463,0.000009,0.000553,0.001974
WSJ_20130318_731,E11,E14,1,0.101791,0.523434,0.093201,0.281573
WSJ_20130318_731,E12,E14,0,0.533388,0.099615,0.085675,0.281321
WSJ_20130318_731,E13,E14,1,0.174633,0.420605,0.118077,0.286685
CNN_20130322_1003,E1,E2,1,0.000765,0.976058,0.006969,0.016209
CNN_20130322_1003,E1,E3,0,0.686532,0.109479,0.060849,0.143140
CNN_20130322_1003,E1,E5,0,0.965002,0.001674,0.008949,0.024374
CNN_20130322_1003,E2,E3,0,0.983829,0.000625,0.005149,0.010397
CNN_20130322_1003,E2,E5,0,0.996606,0.000022,0.000863,0.002509
CNN_20130322_1003,E3,E5,0,0.813297,0.037823,0.039702,0.109178
CNN_20130322_1003,E6,E7,1,0.003746,0.960894,0.013271,0.022090
CNN_20130322_1003,E9,E10,1,0.187402,0.561253,0.073104,0.178240
CNN_20130322_1003,E9,E11,1,0.000456,0.981096,0.005230,0.013218
CNN_20130322_1003,E9,E1000,1,0.000070,0.992201,0.001925,0.005805
CNN_20130322_1003,E10,E11,1,0.006981,0.933725,0.017370,0.041925
CNN_20130322_1003,E10,E1000,1,0.000328,0.985033,0.004108,0.010531
CNN_20130322_1003,E11,E1000,1,0.031142,0.840635,0.037916,0.090306
CNN_20130322_1003,E12,E13,0,0.685898,0.096820,0.067850,0.149432
CNN_20130322_1003,E12,E14,1,0.000293,0.986674,0.004047,0.008986
CNN_20130322_1003,E12,E15,1,0.000619,0.978218,0.006574,0.014589
CNN_20130322_1003,E13,E14,1,0.000141,0.990666,0.002705,0.006487
CNN_20130322_1003,E13,E15,1,0.000315,0.984249,0.004588,0.010848
CNN_20130322_1003,E14,E15,1,0.083733,0.735370,0.054876,0.126022
CNN_20130322_1003,E17,E19,1,0.000661,0.970058,0.008259,0.021022
CNN_20130322_1003,E17,E20,0,0.986829,0.000180,0.003435,0.009556
CNN_20130322_1003,E19,E20,0,0.998415,0.000004,0.000340,0.001240
CNN_20130322_1003,E23,E27,1,0.118310,0.551243,0.078650,0.251797
CNN_20130322_1003,E30,E31,1,0.002573,0.923489,0.019417,0.054521
CNN_20130322_1003,E30,E32,1,0.000036,0.993467,0.001438,0.005059
CNN_20130322_1003,E30,E33,1,0.000009,0.997540,0.000542,0.001909
CNN_20130322_1003,E31,E32,1,0.000031,0.993955,0.001298,0.004716
CNN_20130322_1003,E31,E33,1,0.000006,0.997914,0.000432,0.001647
CNN_20130322_1003,E32,E33,1,0.008158,0.927190,0.018093,0.046558
CNN_20130322_1003,E34,E36,1,0.000015,0.996213,0.000798,0.002974
CNN_20130322_1003,E40,E41,1,0.004801,0.939029,0.016542,0.039629
CNN_20130322_1003,E40,E42,1,0.000747,0.977550,0.006517,0.015186
CNN_20130322_1003,E41,E42,1,0.018327,0.895379,0.025662,0.060631
CNN_20130322_1003,E43,E44,0,0.642380,0.085835,0.074021,0.197764
CNN_20130322_1003,E45,E47,0,0.741639,0.035639,0.053249,0.169473
CNN_20130322_1003,E55,E57,0,0.972996,0.000716,0.006605,0.019683
CNN_20130322_1003,E1,E6,1,0.011677,0.915624,0.025305,0.047393
CNN_20130322_1003,E1,E7,1,0.004053,0.954454,0.014561,0.026933
CNN_20130322_1003,E2,E6,0,0.760914,0.090079,0.058728,0.090279
CNN_20130322_1003,E2,E7,1,0.340288,0.443333,0.085816,0.130563
CNN_20130322_1003,E3,E6,1,0.001373,0.972504,0.008893,0.017230
CNN_20130322_1003,E3,E7,1,0.000239,0.988724,0.003498,0.007540
CNN_20130322_1003,E5,E6,1,0.000127,0.991298,0.002534,0.006042
CNN_20130322_1003,E5,E7,1,0.000035,0.995686,0.001167,0.003112
CNN_20130322_1003,E6,E9,0,0.996792,0.000023,0.000840,0.002345
CNN_20130322_1003,E6,E10,0,0.996268,0.000036,0.001036,0.002660
CNN_20130322_1003,E6,E11,0,0.862023,0.032142,0.035561,0.070274
CNN_20130322_1003,E6,E1000,0,0.414219,0.328457,0.083939,0.173385
CNN_20130322_1003,E7,E9,0,0.997551,0.000014,0.000626,0.001809
CNN_20130322_1003,E7,E10,0,0.997042,0.000024,0.000806,0.002129
CNN_20130322_1003,E7,E11,0,0.906041,0.017192,0.026014,0.050753
CNN_20130322_1003,E7,E1000,0,0.557068,0.211637,0.076123,0.155172
CNN_20130322_1003,E9,E12,1,0.032008,0.840193,0.039182,0.088616
CNN_20130322_1003,E9,E13,1,0.022859,0.854242,0.037719,0.085180
CNN_20130322_1003,E9,E14,1,0.000013,0.997372,0.000639,0.001976
CNN_20130322_1003,E9,E15,1,0.000031,0.995229,0.001170,0.003569
CNN_20130322_1003,E10,E12,1,0.291192,0.464554,0.076701,0.167553
CNN_20130322_1003,E10,E13,1,0.242029,0.499490,0.081706,0.176776
CNN_20130322_1003,E10,E14,1,0.000044,0.995395,0.001274,0.003287
CNN_20130322_1003,E10,E15,1,0.000110,0.991711,0.002310,0.005869
CNN_20130322_1003,E11,E12,0,0.972999,0.001674,0.008483,0.016845
CNN_20130322_1003,E11,E13,0,0.967569,0.001985,0.010340,0.020106
CNN_20130322_1003,E11,E14,1,0.010935,0.926085,0.022161,0.040820
CNN_20130322_1003,E11,E15,1,0.047897,0.812737,0.046380,0.092986
CNN_20130322_1003,E1000,E12,0,0.989976,0.000279,0.003252,0.006493
CNN_20130322_1003,E1000,E13,0,0.987241,0.000371,0.004148,0.008240
CNN_20130322_1003,E1000,E14,1,0.098744,0.750505,0.057461,0.093290
CNN_20130322_1003,E1000,E15,1,0.306192,0.460220,0.084482,0.149106
CNN_20130322_1003,E12,E17,1,0.017300,0.860943,0.037124,0.084633
CNN_20130322_1003,E12,E19,1,0.000094,0.991521,0.002267,0.006118
CNN_20130322_1003,E12,E20,0,0.912606,0.008606,0.021027,0.057761
CNN_20130322_1003,E13,E17,1,0.022878,0.843593,0.041635,0.091894
CNN_20130322_1003,E13,E19,1,0.000135,0.989692,0.002833,0.007340
CNN_20130322_1003,E13,E20,0,0.939544,0.004619,0.015374,0.040463
CNN_20130322_1003,E14,E17,0,0.705714,0.090385,0.062855,0.141046
CNN_20130322_1003,E14,E19,1,0.005459,0.940114,0.017156,0.037271
CNN_20130322_1003,E14,E20,0,0.995641,0.000034,0.001110,0.003215
CNN_20130322_1003,E15,E17,0,0.560914,0.166832,0.081533,0.190721
CNN_20130322_1003,E15,E19,1,0.002339,0.958030,0.012137,0.027494
CNN_20130322_1003,E15,E20,0,0.993612,0.000063,0.001629,0.004697
CNN_20130322_1003,E17,E21,0,0.885942,0.010485,0.027146,0.076426
CNN_20130322_1003,E19,E21,0,0.996248,0.000022,0.000913,0.002817
CNN_20130322_1003,E20,E21,1,0.174659,0.522792,0.067605,0.234945
CNN_20130322_1003,E21,E23,0,0.903164,0.008383,0.023998,0.064454
CNN_20130322_1003,E21,E27,0,0.673920,0.091359,0.066713,0.168009
CNN_20130322_1003,E30,E34,0,0.756931,0.036893,0.055818,0.150358
CNN_20130322_1003,E30,E36,1,0.000071,0.991202,0.002107,0.006620
CNN_20130322_1003,E31,E34,0,0.934511,0.002888,0.014992,0.047608
CNN_20130322_1003,E31,E36,1,0.000138,0.988467,0.002943,0.008452
CNN_20130322_1003,E32,E34,0,0.998302,0.000004,0.000351,0.001343
CNN_20130322_1003,E32,E36,0,0.529495,0.209721,0.075262,0.185522
CNN_20130322_1003,E33,E34,0,0.998800,0.000003,0.000256,0.000942
CNN_20130322_1003,E33,E36,0,0.650799,0.154030,0.062343,0.132828
CNN_20130322_1003,E34,E38,1,0.110534,0.508525,0.087007,0.293934
CNN_20130322_1003,E36,E38,0,0.991622,0.000078,0.002103,0.006198
CNN_20130322_1003,E38,E40,0,0.389031,0.267681,0.098061,0.245228
CNN_20130322_1003,E38,E41,1,0.004231,0.937030,0.017375,0.041364
CNN_20130322_1003,E38,E42,1,0.000699,0.975616,0.007036,0.016648
CNN_20130322_1003,E40,E43,0,0.874624,0.012744,0.031575,0.081057
CNN_20130322_1003,E40,E44,0,0.932050,0.004853,0.017473,0.045624
CNN_20130322_1003,E41,E43,0,0.976382,0.000637,0.006349,0.016631
CNN_20130322_1003,E41,E44,0,0.987613,0.000228,0.003314,0.008845
CNN_20130322_1003,E42,E43,0,0.985092,0.000274,0.004143,0.010491
CNN_20130322_1003,E42,E44,0,0.991471,0.000113,0.002301,0.006115
CNN_20130322_1003,E43,E45,0,0.692578,0.039798,0.068018,0.199607
CNN_20130322_1003,E43,E47,0,0.855217,0.014023,0.035449,0.095312
CNN_20130322_1003,E44,E45,1,0.124818,0.489512,0.091161,0.294509
CNN_20130322_1003,E44,E47,1,0.216105,0.420313,0.090211,0.273371
CNN_20130322_1003,E45,E48,0,0.619552,0.065541,0.074380,0.240527
CNN_20130322_1003,E47,E48,0,0.391114,0.226506,0.092560,0.289820
CNN_20130322_1003,E48,E50,0,0.983178,0.000238,0.004293,0.012292
CNN_20130322_1003,E50,E51,1,0.014858,0.817275,0.037920,0.129947
CNN_20130322_1003,E51,E52,0,0.721367,0.025099,0.055345,0.198189
CNN_20130322_1003,E52,E53,0,0.973021,0.000332,0.006007,0.020640
CNN_20130322_1003,E53,E55,3,0.324959,0.235252,0.103561,0.336228
