WSJ_20130322_159,E5,E6,1,0.065929,0.653240,0.062492,0.218339
WSJ_20130322_159,E5,E10,0,0.760864,0.036878,0.047959,0.154300
WSJ_20130322_159,E5,E11,0,0.967521,0.000750,0.007217,0.024512
WSJ_20130322_159,E6,E10,0,0.833759,0.016051,0.030854,0.119336
WSJ_20130322_159,E6,E11,0,0.970259,0.000540,0.005779,0.023422
WSJ_20130322_159,E10,E11,0,0.657598,0.055931,0.059596,0.226875
WSJ_20130322_159,E12,E14,1,0.025470,0.725488,0.047657,0.201385
WSJ_20130322_159,E18,E19,0,0.589227,0.074359,0.067402,0.269012
WSJ_20130322_159,E20,E22,1,0.002684,0.916494,0.017584,0.063238
WSJ_20130322_159,E29,E31,0,0.673192,0.034344,0.050454,0.242009
WSJ_20130322_159,E29,E34,1,0.013078,0.823602,0.034504,0.128815
WSJ_20130322_159,E29,E37,0,0.867011,0.007737,0.024174,0.101078
WSJ_20130322_159,E31,E34,1,0.004328,0.893040,0.021216,0.081416
WSJ_20130322_159,E31,E37,0,0.797668,0.016965,0.034936,0.150431
WSJ_20130322_159,E34,E37,0,0.990231,0.000063,0.001921,0.007785
WSJ_20130322_159,E38,E39,1,0.000351,0.970702,0.006482,0.022466
WSJ_20130322_159,E38,E40,1,0.006040,0.863110,0.026983,0.103867
WSJ_20130322_159,E39,E40,0,0.406776,0.177597,0.087650,0.327978
WSJ_20130322_159,E42,E44,1,0.000222,0.974479,0.004607,0.020693
WSJ_20130322_159,E46,E47,1,0.002122,0.919448,0.016886,0.061544
WSJ_20130322_159,E46,E49,1,0.141876,0.411358,0.085633,0.361134
WSJ_20130322_159,E47,E49,0,0.799676,0.016285,0.033984,0.150056
WSJ_20130322_159,E1,E5,1,0.089080,0.565758,0.067468,0.277694
WSJ_20130322_159,E1,E6,1,0.001179,0.942582,0.011090,0.045150
WSJ_20130322_159,E1,E10,3,0.261961,0.283896,0.088216,0.365926
WSJ_20130322_159,E1,E11,0,0.617522,0.063137,0.060231,0.259111
WSJ_20130322_159,E5,E12,0,0.994808,0.000024,0.001052,0.004116
WSJ_20130322_159,E5,E14,0,0.532865,0.115388,0.073792,0.277955
WSJ_20130322_159,E6,E12,0,0.995933,0.000015,0.000782,0.003269
WSJ_20130322_159,E6,E14,0,0.829720,0.015306,0.030333,0.124641
WSJ_20130322_159,E10,E12,0,0.920003,0.002666,0.015122,0.062210
WSJ_20130322_159,E10,E14,1,0.047258,0.644298,0.062980,0.245463
WSJ_20130322_159,E11,E12,0,0.799546,0.017539,0.038683,0.144233
WSJ_20130322_159,E11,E14,1,0.007610,0.849240,0.029740,0.113410
WSJ_20130322_159,E12,E18,0,0.900654,0.003557,0.016518,0.079272
WSJ_20130322_159,E12,E19,0,0.657028,0.050557,0.058178,0.234237
WSJ_20130322_159,E14,E18,0,0.992513,0.000028,0.001193,0.006266
WSJ_20130322_159,E14,E19,0,0.983377,0.000139,0.003064,0.013421
WSJ_20130322_159,E18,E20,1,0.002401,0.910978,0.016443,0.070179
WSJ_20130322_159,E18,E22,1,0.000081,0.986632,0.002608,0.010679
WSJ_20130322_159,E19,E20,1,0.000817,0.948508,0.009615,0.041061
WSJ_20130322_159,E19,E22,1,0.000021,0.993503,0.001152,0.005324
WSJ_20130322_159,E20,E26,3,0.301424,0.267214,0.091521,0.339842
WSJ_20130322_159,E22,E26,0,0.918707,0.004706,0.017793,0.058795
WSJ_20130322_159,E26,E29,0,0.960153,0.000876,0.008696,0.030275
WSJ_20130322_159,E26,E31,0,0.983769,0.000136,0.003105,0.012990
WSJ_20130322_159,E26,E34,0,0.612995,0.091264,0.070426,0.225315
WSJ_20130322_159,E26,E37,0,0.990857,0.000065,0.001928,0.007151
WSJ_20130322_159,E29,E38,0,0.643725,0.052069,0.060187,0.244018
WSJ_20130322_159,E29,E39,1,0.000914,0.950563,0.009767,0.038755
WSJ_20130322_159,E29,E40,1,0.003596,0.892066,0.020886,0.083452
WSJ_20130322_159,E31,E38,0,0.383489,0.169294,0.087033,0.360184
WSJ_20130322_159,E31,E39,1,0.000314,0.971153,0.005594,0.022939
WSJ_20130322_159,E31,E40,1,0.001340,0.931355,0.013096,0.054210
WSJ_20130322_159,E34,E38,0,0.939749,0.001469,0.010997,0.047785
WSJ_20130322_159,E34,E39,1,0.037379,0.720518,0.049645,0.192457
WSJ_20130322_159,E34,E40,1,0.107440,0.499943,0.079079,0.313538
WSJ_20130322_159,E37,E38,3,0.161227,0.364311,0.084841,0.389621
WSJ_20130322_159,E37,E39,1,0.000113,0.983221,0.003155,0.013512
WSJ_20130322_159,E37,E40,1,0.000374,0.966115,0.006458,0.027053
WSJ_20130322_159,E38,E42,0,0.763125,0.021902,0.042701,0.172272
WSJ_20130322_159,E38,E44,1,0.000444,0.964078,0.006774,0.028704
WSJ_20130322_159,E39,E42,0,0.991171,0.000049,0.001663,0.007117
WSJ_20130322_159,E39,E44,1,0.080650,0.593052,0.064099,0.262199
WSJ_20130322_159,E40,E42,0,0.987718,0.000077,0.002255,0.009950
WSJ_20130322_159,E40,E44,1,0.084578,0.524777,0.069772,0.320873
WSJ_20130322_159,E42,E46,0,0.768367,0.016757,0.038680,0.176197
WSJ_20130322_159,E42,E47,1,0.038722,0.672550,0.057689,0.231039
WSJ_20130322_159,E42,E49,3,0.321708,0.208743,0.083138,0.386411
WSJ_20130322_159,E44,E46,0,0.993966,0.000023,0.001074,0.004936
WSJ_20130322_159,E44,E47,0,0.884260,0.005517,0.018574,0.091649
WSJ_20130322_159,E44,E49,0,0.966635,0.000501,0.005696,0.027168
WSJ_20130322_159,E46,E55,3,0.222549,0.292851,0.092666,0.391934
WSJ_20130322_159,E47,E55,0,0.977488,0.000243,0.004316,0.017952
WSJ_20130322_159,E49,E55,0,0.630500,0.052922,0.054877,0.261701
nyt_20130322_strange_computer,E8,E11,0,0.995825,0.000016,0.000805,0.003354
nyt_20130322_strange_computer,E14,E16,1,0.000395,0.973199,0.006423,0.019983
nyt_20130322_strange_computer,E19,E22,1,0.120080,0.490745,0.092877,0.296299
nyt_20130322_strange_computer,E19,E23,1,0.011802,0.834259,0.036750,0.117189
nyt_20130322_strange_computer,E22,E23,1,0.217373,0.374291,0.112007,0.296329
nyt_20130322_strange_computer,E6,E8,0,0.373253,0.233593,0.101371,0.291784
nyt_20130322_strange_computer,E6,E11,0,0.996432,0.000011,0.000647,0.002911
nyt_20130322_strange_computer,E8,E14,0,0.992808,0.000044,0.001541,0.005607
nyt_20130322_strange_computer,E8,E16,0,0.762971,0.039633,0.056133,0.141264
nyt_20130322_strange_computer,E11,E14,0,0.733761,0.032886,0.057602,0.175752
nyt_20130322_strange_computer,E11,E16,1,0.001358,0.949441,0.013226,0.035975
nyt_20130322_strange_computer,E14,E19,1,0.124255,0.445925,0.095628,0.334193
nyt_20130322_strange_computer,E14,E22,1,0.032341,0.712655,0.067302,0.187701
nyt_20130322_strange_computer,E14,E23,1,0.010671,0.834012,0.038820,0.116497
nyt_20130322_strange_computer,E16,E19,0,0.981074,0.000234,0.004254,0.014438
nyt_20130322_strange_computer,E16,E22,0,0.949603,0.001629,0.013246,0.035521
nyt_20130322_strange_computer,E16,E23,0,0.832130,0.018309,0.040423,0.109138
nyt_20130322_strange_computer,E19,E24,0,0.901293,0.004600,0.019812,0.074295
nyt_20130322_strange_computer,E22,E24,0,0.974127,0.000420,0.006107,0.019346
nyt_20130322_strange_computer,E23,E24,0,0.983808,0.000188,0.003744,0.012260
CNN_20130321_821,E4,E5,1,0.289291,0.310385,0.107718,0.292606
CNN_20130321_821,E5,E8,0,0.654035,0.053895,0.060789,0.231281
CNN_20130321_821,E8,E1000,0,0.944294,0.001305,0.011907,0.042493
CNN_20130321_821,E1002,E20,0,0.966349,0.000519,0.007209,0.025923
nyt_20130321_cyprus,E2,E5,1,0.176538,0.450532,0.101274,0.271656
nyt_20130321_cyprus,E7,E2009,1,0.005036,0.875731,0.026402,0.092831
nyt_20130321_cyprus,E13,E15,1,0.028659,0.699292,0.062246,0.209802
nyt_20130321_cyprus,E22,E23,1,0.056442,0.582358,0.068967,0.292232
nyt_20130321_cyprus,E22,E24,1,0.000036,0.991703,0.001590,0.006671
nyt_20130321_cyprus,E23,E24,1,0.000536,0.963579,0.008013,0.027872
nyt_20130321_cyprus,E33,E35,0,0.713452,0.032590,0.059212,0.194745
nyt_20130321_cyprus,E41,E42,1,0.033497,0.726767,0.056261,0.183475
nyt_20130321_cyprus,E46,E47,0,0.968162,0.000566,0.006115,0.025156
nyt_20130321_cyprus,E48,E51,0,0.994250,0.000023,0.001077,0.004650
nyt_20130321_cyprus,E2,E7,0,0.950353,0.001306,0.011511,0.036830
nyt_20130321_cyprus,E2,E2009,0,0.436236,0.155902,0.106485,0.301377
nyt_20130321_cyprus,E5,E7,0,0.985817,0.000126,0.002986,0.011071
nyt_20130321_cyprus,E5,E2009,0,0.868593,0.007531,0.029751,0.094124
nyt_20130321_cyprus,E7,E9,1,0.001160,0.944331,0.012108,0.042401
nyt_20130321_cyprus,E2009,E9,0,0.385168,0.185414,0.103584,0.325834
nyt_20130321_cyprus,E10,E13,0,0.993021,0.000032,0.001318,0.005628
nyt_20130321_cyprus,E10,E15,0,0.945964,0.001297,0.012140,0.040599
nyt_20130321_cyprus,E13,E21,0,0.646890,0.055481,0.067607,0.230022
nyt_20130321_cyprus,E15,E21,0,0.970475,0.000494,0.006429,0.022602
nyt_20130321_cyprus,E21,E22,0,0.945388,0.001167,0.010469,0.042976
nyt_20130321_cyprus,E21,E23,0,0.497087,0.096974,0.078561,0.327378
nyt_20130321_cyprus,E21,E24,1,0.000199,0.980327,0.004326,0.015147
nyt_20130321_cyprus,E22,E25,1,0.000407,0.966796,0.006835,0.025962
nyt_20130321_cyprus,E23,E25,1,0.015684,0.780903,0.043556,0.159857
nyt_20130321_cyprus,E24,E25,0,0.861492,0.009385,0.031161,0.097962
nyt_20130321_cyprus,E33,E36,0,0.548172,0.081294,0.085908,0.284626
nyt_20130321_cyprus,E35,E36,3,0.258527,0.246003,0.099010,0.396460
nyt_20130321_cyprus,E36,E41,0,0.963999,0.000540,0.007167,0.028293
nyt_20130321_cyprus,E36,E42,0,0.360411,0.208086,0.095342,0.336161
nyt_20130321_cyprus,E46,E48,0,0.377247,0.203529,0.084882,0.334343
nyt_20130321_cyprus,E46,E51,0,0.996138,0.000011,0.000692,0.003159
nyt_20130321_cyprus,E47,E48,1,0.001834,0.936438,0.014191,0.047536
nyt_20130321_cyprus,E47,E51,0,0.950678,0.001234,0.010056,0.038031
nyt_20130321_cyprus,E48,E57,1,0.000344,0.976311,0.005692,0.017653
nyt_20130321_cyprus,E51,E57,1,0.000008,0.996441,0.000643,0.002907
bbc_20130322_1353,E1,E5,1,0.009888,0.827886,0.033082,0.129145
bbc_20130322_1353,E8,E10,1,0.000071,0.988905,0.002440,0.008584
bbc_20130322_1353,E15,E16,1,0.004332,0.889440,0.020099,0.086129
bbc_20130322_1353,E19,E20,1,0.005724,0.910202,0.024598,0.059476
bbc_20130322_1353,E19,E21,1,0.010585,0.879464,0.032029,0.077922
bbc_20130322_1353,E20,E21,1,0.232388,0.400048,0.097876,0.269688
bbc_20130322_1353,E23,E25,3,0.285668,0.265511,0.084905,0.363917
bbc_20130322_1353,E23,E26,1,0.013705,0.835802,0.032360,0.118133
bbc_20130322_1353,E23,E27,1,0.000034,0.992497,0.001479,0.005991
bbc_20130322_1353,E25,E26,1,0.003316,0.908501,0.017627,0.070556
bbc_20130322_1353,E25,E27,1,0.000020,0.994179,0.001097,0.004703
bbc_20130322_1353,E26,E27,1,0.000191,0.981823,0.004098,0.013888
bbc_20130322_1353,E28,E29,1,0.000140,0.982890,0.003462,0.013508
bbc_20130322_1353,E28,E31,1,0.000465,0.967476,0.006676,0.025383
bbc_20130322_1353,E29,E31,0,0.418654,0.215239,0.075329,0.290778
bbc_20130322_1353,E33,E34,0,0.915699,0.004237,0.019878,0.060187
bbc_20130322_1353,E35,E36,1,0.132528,0.442836,0.086183,0.338453
bbc_20130322_1353,E35,E37,1,0.001459,0.934004,0.013419,0.051118
bbc_20130322_1353,E36,E37,1,0.001209,0.937948,0.011464,0.049378
bbc_20130322_1353,E1,E8,0,0.628990,0.064528,0.061020,0.245461
bbc_20130322_1353,E1,E10,1,0.000051,0.990543,0.001912,0.007493
bbc_20130322_1353,E5,E8,0,0.958010,0.000921,0.008916,0.032154
bbc_20130322_1353,E5,E10,1,0.001068,0.954021,0.011164,0.033748
bbc_20130322_1353,E8,E11,0,0.646888,0.053896,0.055021,0.244194
bbc_20130322_1353,E10,E11,0,0.995828,0.000016,0.000817,0.003339
bbc_20130322_1353,E11,E13,1,0.124905,0.528905,0.080714,0.265476
bbc_20130322_1353,E13,E15,0,0.958586,0.001075,0.010287,0.030051
bbc_20130322_1353,E13,E16,0,0.823673,0.019455,0.036841,0.120032
bbc_20130322_1353,E15,E17,1,0.000740,0.953560,0.008972,0.036729
bbc_20130322_1353,E16,E17,1,0.053723,0.624126,0.059270,0.262880
bbc_20130322_1353,E17,E19,1,0.061758,0.672159,0.061774,0.204309
bbc_20130322_1353,E17,E20,1,0.000726,0.961822,0.009125,0.028327
bbc_20130322_1353,E17,E21,1,0.001316,0.947859,0.012424,0.038400
bbc_20130322_1353,E19,E23,0,0.964534,0.001049,0.008642,0.025775
bbc_20130322_1353,E19,E25,0,0.988109,0.000113,0.002666,0.009112
bbc_20130322_1353,E19,E26,0,0.942195,0.002401,0.013126,0.042278
bbc_20130322_1353,E19,E27,1,0.052883,0.734765,0.057726,0.154626
bbc_20130322_1353,E20,E23,0,0.988864,0.000114,0.002640,0.008382
bbc_20130322_1353,E20,E25,0,0.995765,0.000015,0.000793,0.003427
bbc_20130322_1353,E20,E26,0,0.983161,0.000186,0.003620,0.013033
bbc_20130322_1353,E20,E27,0,0.387268,0.239764,0.090726,0.282242
bbc_20130322_1353,E21,E23,0,0.982678,0.000258,0.004173,0.012891
bbc_20130322_1353,E21,E25,0,0.994007,0.000028,0.001168,0.004797
bbc_20130322_1353,E21,E26,0,0.971544,0.000499,0.006127,0.021831
bbc_20130322_1353,E21,E27,1,0.210259,0.421326,0.090220,0.278196
bbc_20130322_1353,E23,E28,0,0.794845,0.021017,0.038128,0.146010
bbc_20130322_1353,E23,E29,1,0.035011,0.726639,0.048091,0.190259
bbc_20130322_1353,E23,E31,1,0.223220,0.385452,0.081461,0.309868
bbc_20130322_1353,E25,E28,0,0.704524,0.043069,0.048936,0.203470
bbc_20130322_1353,E25,E29,1,0.009321,0.852967,0.026441,0.111271
bbc_20130322_1353,E25,E31,1,0.035028,0.721504,0.046489,0.196979
bbc_20130322_1353,E26,E28,0,0.941271,0.002088,0.011520,0.045121
bbc_20130322_1353,E26,E29,1,0.189897,0.413485,0.079034,0.317583
bbc_20130322_1353,E26,E31,0,0.387184,0.219918,0.078849,0.314049
bbc_20130322_1353,E27,E28,0,0.997316,0.000008,0.000523,0.002153
bbc_20130322_1353,E27,E29,0,0.950357,0.001813,0.009869,0.037961
bbc_20130322_1353,E27,E31,0,0.974308,0.000541,0.005224,0.019927
bbc_20130322_1353,E28,E33,1,0.001687,0.946663,0.012786,0.038864
bbc_20130322_1353,E28,E34,1,0.052417,0.649722,0.064388,0.233473
bbc_20130322_1353,E29,E33,0,0.761362,0.045785,0.048138,0.144714
bbc_20130322_1353,E29,E34,0,0.976866,0.000376,0.004968,0.017791
bbc_20130322_1353,E31,E33,0,0.612231,0.125244,0.067359,0.195166
bbc_20130322_1353,E31,E34,0,0.980603,0.000328,0.004312,0.014758
bbc_20130322_1353,E33,E35,0,0.995389,0.000016,0.000845,0.003750
bbc_20130322_1353,E33,E36,0,0.984669,0.000148,0.003240,0.011943
bbc_20130322_1353,E33,E37,0,0.748318,0.035761,0.052029,0.163892
bbc_20130322_1353,E34,E35,0,0.993610,0.000029,0.001202,0.005160
bbc_20130322_1353,E34,E36,0,0.986181,0.000113,0.002737,0.010969
bbc_20130322_1353,E34,E37,0,0.628529,0.069539,0.063362,0.238570
nyt_20130321_women_senate,E1000009,E2,0,0.384186,0.277165,0.085064,0.253586
nyt_20130321_women_senate,E4,E5,1,0.023453,0.798469,0.045035,0.133043
nyt_20130321_women_senate,E4,E6,0,0.767215,0.033335,0.044716,0.154735
nyt_20130321_women_senate,E5,E6,0,0.917715,0.004445,0.018005,0.059834
nyt_20130321_women_senate,E9,E10,0,0.989330,0.000086,0.002318,0.008267
nyt_20130321_women_senate,E11,E12,0,0.923380,0.004916,0.019910,0.051795
nyt_20130321_women_senate,E14,E15,1,0.019920,0.795992,0.047410,0.136678
nyt_20130321_women_senate,E16,E17,3,0.204597,0.328120,0.093394,0.373889
nyt_20130321_women_senate,E19,E20,1,0.000465,0.967629,0.007399,0.024507
nyt_20130321_women_senate,E19,E21,1,0.027122,0.732356,0.056832,0.183690
nyt_20130321_women_senate,E20,E21,0,0.877503,0.006783,0.026564,0.089150
nyt_20130321_women_senate,E23,E24,0,0.924756,0.002299,0.016196,0.056749
nyt_20130321_women_senate,E26,E27,0,0.899424,0.006459,0.027278,0.066839
nyt_20130321_women_senate,E26,E1000014,0,0.855965,0.012143,0.035640,0.096251
nyt_20130321_women_senate,E27,E1000014,1,0.062286,0.664116,0.081703,0.191895
nyt_20130321_women_senate,E37,E1000015,1,0.080391,0.538267,0.086760,0.294583
nyt_20130321_women_senate,E40,E41,0,0.922102,0.003334,0.016344,0.058220
nyt_20130321_women_senate,E40,E42,0,0.641542,0.072068,0.066418,0.219972
nyt_20130321_women_senate,E41,E42,1,0.215994,0.361808,0.096868,0.325329
nyt_20130321_women_senate,E43,E47,0,0.995886,0.000013,0.000748,0.003353
nyt_20130321_women_senate,E43,E48,0,0.994096,0.000025,0.001119,0.004759
nyt_20130321_women_senate,E47,E48,0,0.389869,0.193695,0.096822,0.319614
nyt_20130321_women_senate,E49,E50,0,0.935920,0.002610,0.013882,0.047588
nyt_20130321_women_senate,E49,E53,1,0.000531,0.972639,0.007126,0.019703
nyt_20130321_women_senate,E50,E53,1,0.000109,0.987759,0.002856,0.009277
nyt_20130321_women_senate,E1000009,E4,1,0.137057,0.522613,0.079200,0.261130
nyt_20130321_women_senate,E1000009,E5,1,0.000411,0.974541,0.006316,0.018732
nyt_20130321_women_senate,E1000009,E6,1,0.113727,0.591964,0.074403,0.219906
nyt_20130321_women_senate,E2,E4,0,0.412560,0.196459,0.084853,0.306129
nyt_20130321_women_senate,E2,E5,1,0.002075,0.936666,0.015184,0.046075
nyt_20130321_women_senate,E2,E6,0,0.377250,0.228132,0.086657,0.307962
nyt_20130321_women_senate,E4,E7,0,0.991599,0.000065,0.001892,0.006444
nyt_20130321_women_senate,E5,E7,0,0.995506,0.000022,0.000966,0.003507
nyt_20130321_women_senate,E6,E7,0,0.990906,0.000084,0.002109,0.006902
nyt_20130321_women_senate,E7,E8,1,0.000078,0.988266,0.002450,0.009206
nyt_20130321_women_senate,E8,E9,0,0.986196,0.000163,0.003130,0.010512
nyt_20130321_women_senate,E8,E10,0,0.999129,0.000001,0.000147,0.000722
nyt_20130321_women_senate,E11,E1000012,0,0.762705,0.035336,0.049851,0.152108
nyt_20130321_women_senate,E12,E1000012,1,0.101774,0.587254,0.081320,0.229651
nyt_20130321_women_senate,E14,E16,0,0.965170,0.000669,0.007655,0.026506
nyt_20130321_women_senate,E14,E17,0,0.920198,0.002797,0.016807,0.060199
nyt_20130321_women_senate,E15,E16,0,0.989812,0.000057,0.001900,0.008231
nyt_20130321_women_senate,E15,E17,0,0.981189,0.000180,0.003821,0.014809
nyt_20130321_women_senate,E16,E19,1,0.104144,0.503231,0.083559,0.309066
nyt_20130321_women_senate,E16,E20,1,0.000207,0.977256,0.004646,0.017891
nyt_20130321_women_senate,E16,E21,1,0.009105,0.827386,0.035001,0.128508
nyt_20130321_women_senate,E17,E19,0,0.428328,0.158983,0.092695,0.319994
nyt_20130321_women_senate,E17,E20,1,0.000795,0.954916,0.010180,0.034108
nyt_20130321_women_senate,E17,E21,1,0.075754,0.556495,0.082081,0.285670
nyt_20130321_women_senate,E19,E22,1,0.015401,0.807388,0.039966,0.137245
nyt_20130321_women_senate,E20,E22,0,0.841891,0.012916,0.031932,0.113261
nyt_20130321_women_senate,E21,E22,0,0.563467,0.091241,0.076047,0.269245
nyt_20130321_women_senate,E22,E23,0,0.872562,0.006138,0.024530,0.096770
nyt_20130321_women_senate,E22,E24,0,0.994081,0.000026,0.001137,0.004756
nyt_20130321_women_senate,E23,E25,0,0.726952,0.022727,0.051673,0.198649
nyt_20130321_women_senate,E24,E25,1,0.106551,0.472068,0.086298,0.335083
nyt_20130321_women_senate,E25,E26,1,0.000846,0.955532,0.010542,0.033080
nyt_20130321_women_senate,E25,E27,1,0.062963,0.620823,0.083145,0.233069
nyt_20130321_women_senate,E25,E1000014,1,0.026700,0.731950,0.057044,0.184306
nyt_20130321_women_senate,E26,E29,0,0.887406,0.006281,0.026731,0.079582
nyt_20130321_women_senate,E27,E29,1,0.118762,0.514565,0.103233,0.263440
nyt_20130321_women_senate,E1000014,E29,1,0.199730,0.363205,0.106985,0.330079
nyt_20130321_women_senate,E29,E36,0,0.995381,0.000017,0.000890,0.003712
nyt_20130321_women_senate,E36,E37,0,0.617916,0.049786,0.066702,0.265596
nyt_20130321_women_senate,E36,E1000015,3,0.191050,0.345233,0.103768,0.359949
nyt_20130321_women_senate,E37,E40,1,0.000121,0.983980,0.003277,0.012622
nyt_20130321_women_senate,E37,E41,1,0.005367,0.873993,0.027497,0.093143
nyt_20130321_women_senate,E37,E42,1,0.000539,0.963585,0.008001,0.027875
nyt_20130321_women_senate,E1000015,E40,1,0.002192,0.932321,0.016775,0.048712
nyt_20130321_women_senate,E1000015,E41,3,0.248787,0.316982,0.106384,0.327847
nyt_20130321_women_senate,E1000015,E42,1,0.012864,0.826206,0.041502,0.119428
nyt_20130321_women_senate,E40,E43,0,0.632232,0.067825,0.063842,0.236100
nyt_20130321_women_senate,E40,E47,0,0.992450,0.000041,0.001493,0.006015
nyt_20130321_women_senate,E40,E48,0,0.987243,0.000107,0.002675,0.009975
nyt_20130321_women_senate,E41,E43,3,0.215342,0.337037,0.093962,0.353659
nyt_20130321_women_senate,E41,E47,0,0.978063,0.000251,0.004565,0.017121
nyt_20130321_women_senate,E41,E48,0,0.959880,0.000754,0.008538,0.030828
nyt_20130321_women_senate,E42,E43,0,0.397684,0.187222,0.091884,0.323209
nyt_20130321_women_senate,E42,E47,0,0.986056,0.000125,0.002949,0.010869
nyt_20130321_women_senate,E42,E48,0,0.977384,0.000299,0.005023,0.017294
nyt_20130321_women_senate,E43,E49,0,0.977593,0.000328,0.004935,0.017144
nyt_20130321_women_senate,E43,E50,0,0.994336,0.000024,0.001081,0.004559
nyt_20130321_women_senate,E43,E53,1,0.038079,0.758852,0.049686,0.153382
nyt_20130321_women_senate,E47,E49,1,0.063400,0.653069,0.067529,0.216002
nyt_20130321_women_senate,E47,E50,0,0.533982,0.117618,0.075929,0.272471
nyt_20130321_women_senate,E47,E53,1,0.000033,0.993173,0.001444,0.005349
nyt_20130321_women_senate,E48,E49,0,0.420487,0.197015,0.092964,0.289534
nyt_20130321_women_senate,E48,E50,0,0.875072,0.008780,0.025846,0.090302
nyt_20130321_women_senate,E48,E53,1,0.000157,0.984851,0.003599,0.011393
bbc_20130322_1150,E1,E2,0,0.972089,0.000796,0.007493,0.019623
bbc_20130322_1150,E6,E7,1,0.003560,0.898720,0.024168,0.073552
bbc_20130322_1150,E8,E10,1,0.043534,0.726555,0.067304,0.162607
bbc_20130322_1150,E8,E11,0,0.783804,0.029033,0.056271,0.130892
bbc_20130322_1150,E10,E11,0,0.924542,0.003774,0.021461,0.050223
bbc_20130322_1150,E14,E15,1,0.070238,0.601296,0.070277,0.258189
bbc_20130322_1150,E14,E17,1,0.163900,0.422228,0.084816,0.329057
bbc_20130322_1150,E15,E17,0,0.613564,0.070426,0.067980,0.248030
bbc_20130322_1150,E19,E20,1,0.178337,0.405756,0.101275,0.314632
bbc_20130322_1150,E19,E21,0,0.688380,0.038283,0.059244,0.214093
bbc_20130322_1150,E20,E21,0,0.809094,0.016722,0.036859,0.137324
bbc_20130322_1150,E23,E24,0,0.484796,0.119447,0.091122,0.304635
bbc_20130322_1150,E29,E30,0,0.992111,0.000062,0.001940,0.005887
bbc_20130322_1150,E53,E35,0,0.997518,0.000006,0.000447,0.002030
bbc_20130322_1150,E39,E40,0,0.971374,0.000503,0.006845,0.021279
bbc_20130322_1150,E41,E42,1,0.000131,0.985003,0.003387,0.011480
bbc_20130322_1150,E41,E43,1,0.023883,0.783390,0.053948,0.138778
bbc_20130322_1150,E42,E43,0,0.974987,0.000450,0.006182,0.018380
bbc_20130322_1150,E1,E3,0,0.996178,0.000017,0.000812,0.002993
bbc_20130322_1150,E2,E3,0,0.854365,0.014325,0.030649,0.100661
bbc_20130322_1150,E3,E4,1,0.001192,0.951656,0.012233,0.034919
bbc_20130322_1150,E4,E6,0,0.998754,0.000002,0.000205,0.001040
bbc_20130322_1150,E4,E7,0,0.972512,0.000510,0.006554,0.020425
bbc_20130322_1150,E6,E8,1,0.000267,0.976411,0.005308,0.018013
bbc_20130322_1150,E6,E10,1,0.000081,0.987959,0.002568,0.009392
bbc_20130322_1150,E6,E11,1,0.003496,0.909321,0.024025,0.063158
bbc_20130322_1150,E7,E8,1,0.047053,0.695269,0.071300,0.186378
bbc_20130322_1150,E7,E10,1,0.004478,0.906356,0.025536,0.063630
bbc_20130322_1150,E7,E11,0,0.639444,0.071123,0.085507,0.203927
bbc_20130322_1150,E8,E12,0,0.838323,0.014934,0.041017,0.105726
bbc_20130322_1150,E10,E12,0,0.902736,0.005818,0.025631,0.065815
bbc_20130322_1150,E11,E12,1,0.041329,0.706555,0.075965,0.176151
bbc_20130322_1150,E12,E14,0,0.993544,0.000031,0.001287,0.005138
bbc_20130322_1150,E12,E15,0,0.952962,0.001042,0.010776,0.035220
bbc_20130322_1150,E12,E17,0,0.989438,0.000072,0.002128,0.008362
bbc_20130322_1150,E18,E19,0,0.945156,0.001661,0.014583,0.038600
bbc_20130322_1150,E18,E20,0,0.511543,0.117262,0.103085,0.268110
bbc_20130322_1150,E18,E21,0,0.913562,0.003326,0.021111,0.062001
bbc_20130322_1150,E19,E23,0,0.828914,0.010282,0.034497,0.126308
bbc_20130322_1150,E19,E24,1,0.126109,0.434631,0.104143,0.335117
bbc_20130322_1150,E20,E23,0,0.887136,0.005475,0.022491,0.084898
bbc_20130322_1150,E20,E24,3,0.221806,0.336624,0.102092,0.339478
bbc_20130322_1150,E21,E23,0,0.588177,0.069213,0.068762,0.273848
bbc_20130322_1150,E21,E24,1,0.037010,0.685551,0.061912,0.215526
bbc_20130322_1150,E28,E29,1,0.000039,0.992039,0.001773,0.006148
bbc_20130322_1150,E28,E30,1,0.061205,0.625209,0.064223,0.249363
bbc_20130322_1150,E29,E34,0,0.998898,0.000002,0.000204,0.000897
bbc_20130322_1150,E30,E34,0,0.960712,0.000817,0.008023,0.030449
bbc_20130322_1150,E34,E53,1,0.000155,0.982091,0.003772,0.013981
bbc_20130322_1150,E34,E35,0,0.932457,0.002183,0.013412,0.051948
bbc_20130322_1150,E53,E36,0,0.991506,0.000064,0.001902,0.006528
bbc_20130322_1150,E35,E36,1,0.041772,0.694313,0.065965,0.197950
bbc_20130322_1150,E36,E39,1,0.002958,0.913866,0.022149,0.061027
bbc_20130322_1150,E36,E40,1,0.016829,0.787491,0.051099,0.144581
bbc_20130322_1150,E39,E41,0,0.992117,0.000047,0.001607,0.006229
bbc_20130322_1150,E39,E42,1,0.071057,0.642936,0.084772,0.201236
bbc_20130322_1150,E39,E43,0,0.982554,0.000271,0.004481,0.012694
bbc_20130322_1150,E40,E41,0,0.934983,0.002217,0.014400,0.048400
bbc_20130322_1150,E40,E42,1,0.001776,0.935414,0.016028,0.046782
bbc_20130322_1150,E40,E43,0,0.635411,0.072762,0.070616,0.221211
bbc_20130322_1150,E41,E44,0,0.673386,0.060537,0.071328,0.194749
bbc_20130322_1150,E42,E44,0,0.989891,0.000092,0.002262,0.007755
bbc_20130322_1150,E43,E44,0,0.350036,0.269189,0.107470,0.273306
bbc_20130322_332,E1,E2,0,0.641629,0.057910,0.065650,0.234811
bbc_20130322_332,E1,E3,1,0.148647,0.457044,0.095174,0.299135
bbc_20130322_332,E1,E4,1,0.000066,0.989330,0.002225,0.008379
bbc_20130322_332,E2,E3,1,0.047152,0.687858,0.075887,0.189103
bbc_20130322_332,E2,E4,1,0.000063,0.989361,0.002222,0.008354
bbc_20130322_332,E3,E4,1,0.000133,0.984345,0.003464,0.012058
bbc_20130322_332,E12,E13,1,0.071382,0.561253,0.077459,0.289905
bbc_20130322_332,E17,E18,1,0.031345,0.717426,0.056235,0.194995
bbc_20130322_332,E22,E23,0,0.995611,0.000015,0.000826,0.003547
bbc_20130322_332,E27,E28,0,0.458665,0.161344,0.092964,0.287026
bbc_20130322_332,E27,E29,0,0.996260,0.000013,0.000706,0.003021
bbc_20130322_332,E28,E29,0,0.995267,0.000020,0.000937,0.003776
bbc_20130322_332,E31,E33,1,0.244005,0.344928,0.110818,0.300249
bbc_20130322_332,E31,E34,1,0.143449,0.514841,0.100362,0.241348
bbc_20130322_332,E31,E35,0,0.629023,0.084624,0.084305,0.202047
bbc_20130322_332,E33,E34,0,0.721965,0.043495,0.060341,0.174199
bbc_20130322_332,E33,E35,0,0.783917,0.028474,0.051019,0.136590
bbc_20130322_332,E34,E35,0,0.704212,0.054471,0.066254,0.175063
bbc_20130322_332,E37,E38,0,0.626975,0.055166,0.067264,0.250596
bbc_20130322_332,E37,E40,0,0.368923,0.176083,0.100226,0.354769
bbc_20130322_332,E38,E40,3,0.275731,0.269038,0.104532,0.350699
bbc_20130322_332,E1,E5,0,0.841934,0.010059,0.031403,0.116604
bbc_20130322_332,E2,E5,0,0.731420,0.033175,0.059152,0.176253
bbc_20130322_332,E3,E5,0,0.881555,0.006845,0.029069,0.082531
bbc_20130322_332,E4,E5,0,0.990202,0.000069,0.002063,0.007667
bbc_20130322_332,E5,E9,1,0.000306,0.975814,0.005510,0.018371
bbc_20130322_332,E9,E11,1,0.222059,0.347675,0.128206,0.302060
bbc_20130322_332,E11,E12,0,0.991301,0.000059,0.001858,0.006783
bbc_20130322_332,E11,E13,0,0.977156,0.000294,0.005050,0.017500
bbc_20130322_332,E12,E17,1,0.000523,0.962323,0.007863,0.029291
bbc_20130322_332,E12,E18,1,0.000409,0.967700,0.006782,0.025110
bbc_20130322_332,E13,E17,1,0.004481,0.887193,0.026033,0.082293
bbc_20130322_332,E13,E18,1,0.003045,0.902079,0.021651,0.073226
bbc_20130322_332,E17,E19,0,0.840514,0.009465,0.030281,0.119740
bbc_20130322_332,E18,E19,0,0.943887,0.001252,0.011505,0.043356
bbc_20130322_332,E19,E22,1,0.001427,0.934987,0.014595,0.048991
bbc_20130322_332,E19,E23,0,0.962706,0.000655,0.008203,0.028436
bbc_20130322_332,E22,E24,1,0.083294,0.570431,0.082588,0.263687
bbc_20130322_332,E23,E24,1,0.000032,0.991857,0.001503,0.006607
bbc_20130322_332,E27,E30,0,0.968852,0.000582,0.006884,0.023683
bbc_20130322_332,E28,E30,0,0.957580,0.001146,0.009505,0.031769
bbc_20130322_332,E29,E30,1,0.118774,0.519393,0.081289,0.280544
bbc_20130322_332,E30,E31,1,0.064163,0.613694,0.071803,0.250341
bbc_20130322_332,E30,E33,1,0.004063,0.900510,0.022764,0.072663
bbc_20130322_332,E30,E34,1,0.029383,0.762701,0.053267,0.154649
bbc_20130322_332,E30,E35,1,0.055883,0.667862,0.069325,0.206930
bbc_20130322_332,E31,E36,1,0.016474,0.829999,0.043031,0.110497
bbc_20130322_332,E33,E36,0,0.595757,0.099296,0.079534,0.225412
bbc_20130322_332,E34,E36,0,0.566111,0.136903,0.085274,0.211712
bbc_20130322_332,E35,E36,0,0.637180,0.092756,0.078121,0.191943
bbc_20130322_332,E36,E37,0,0.995275,0.000018,0.000909,0.003798
bbc_20130322_332,E36,E38,0,0.995204,0.000016,0.000856,0.003924
bbc_20130322_332,E36,E40,0,0.975864,0.000292,0.005091,0.018754
bbc_20130322_1600,E2,E5,0,0.929060,0.002589,0.014969,0.053383
bbc_20130322_1600,E6,E7,1,0.046854,0.727486,0.068594,0.157066
bbc_20130322_1600,E6,E8,0,0.993824,0.000041,0.001411,0.004724
bbc_20130322_1600,E6,E9,0,0.971288,0.000695,0.006697,0.021320
bbc_20130322_1600,E7,E8,0,0.997781,0.000007,0.000460,0.001752
bbc_20130322_1600,E7,E9,0,0.994078,0.000042,0.001398,0.004481
bbc_20130322_1600,E8,E9,1,0.098738,0.602689,0.061809,0.236763
bbc_20130322_1600,E10,E11,0,0.941061,0.002169,0.013935,0.042836
bbc_20130322_1600,E10,E12,0,0.984293,0.000167,0.003458,0.012081
bbc_20130322_1600,E11,E12,0,0.882248,0.007285,0.024504,0.085963
bbc_20130322_1600,E16,E20,1,0.160376,0.397670,0.103642,0.338312
bbc_20130322_1600,E21,E22,0,0.912121,0.004495,0.019068,0.064316
bbc_20130322_1600,E2,E6,0,0.890765,0.007580,0.026572,0.075082
bbc_20130322_1600,E2,E7,0,0.447188,0.193839,0.094361,0.264611
bbc_20130322_1600,E2,E8,0,0.995786,0.000019,0.000897,0.003297
bbc_20130322_1600,E2,E9,0,0.979685,0.000337,0.004362,0.015616
bbc_20130322_1600,E5,E6,0,0.526223,0.124205,0.079102,0.270469
bbc_20130322_1600,E5,E7,1,0.017200,0.830020,0.037640,0.115140
bbc_20130322_1600,E5,E8,0,0.986610,0.000158,0.002889,0.010344
bbc_20130322_1600,E5,E9,0,0.922206,0.004336,0.015016,0.058441
bbc_20130322_1600,E6,E10,1,0.175491,0.474988,0.098207,0.251315
bbc_20130322_1600,E6,E11,0,0.700318,0.052470,0.066108,0.181105
bbc_20130322_1600,E6,E12,0,0.940313,0.002046,0.013515,0.044126
bbc_20130322_1600,E7,E10,0,0.488763,0.176542,0.092965,0.241730
bbc_20130322_1600,E7,E11,0,0.975324,0.000542,0.006500,0.017634
bbc_20130322_1600,E7,E12,0,0.985021,0.000191,0.003663,0.011125
bbc_20130322_1600,E8,E10,1,0.000052,0.990957,0.001888,0.007104
bbc_20130322_1600,E8,E11,1,0.007381,0.877766,0.025651,0.089202
bbc_20130322_1600,E8,E12,1,0.061560,0.645239,0.062024,0.231177
bbc_20130322_1600,E9,E10,1,0.000316,0.979056,0.005316,0.015313
bbc_20130322_1600,E9,E11,1,0.189920,0.457464,0.084878,0.267738
bbc_20130322_1600,E9,E12,0,0.561264,0.107993,0.069606,0.261136
bbc_20130322_1600,E10,E13,0,0.983690,0.000204,0.003816,0.012290
bbc_20130322_1600,E11,E13,0,0.888834,0.006837,0.025376,0.078954
bbc_20130322_1600,E12,E13,0,0.859603,0.010254,0.030364,0.099780
bbc_20130322_1600,E13,E30,1,0.002387,0.919859,0.019465,0.058289
bbc_20130322_1600,E30,E14,0,0.976942,0.000304,0.005110,0.017645
bbc_20130322_1600,E14,E16,0,0.790421,0.021413,0.046028,0.142138
bbc_20130322_1600,E14,E20,0,0.489527,0.103556,0.107581,0.299336
bbc_20130322_1600,E16,E21,0,0.730606,0.035006,0.049781,0.184606
bbc_20130322_1600,E16,E22,0,0.949000,0.001120,0.009901,0.039979
bbc_20130322_1600,E20,E21,0,0.878613,0.006428,0.026880,0.088079
bbc_20130322_1600,E20,E22,0,0.967254,0.000605,0.007751,0.024390
bbc_20130322_1600,E21,E25,0,0.991226,0.000049,0.001691,0.007033
bbc_20130322_1600,E22,E25,0,0.959392,0.000705,0.007798,0.032105
WSJ_20130322_804,E1,E2002,0,0.951298,0.001018,0.009594,0.038090
WSJ_20130322_804,E11,E13,0,0.936066,0.001547,0.011794,0.050593
WSJ_20130322_804,E11,E14,1,0.068966,0.565027,0.070781,0.295226
WSJ_20130322_804,E13,E14,1,0.004149,0.884693,0.023521,0.087638
WSJ_20130322_804,E22,E23,3,0.327687,0.201044,0.095664,0.375604
WSJ_20130322_804,E25,E26,0,0.943943,0.001599,0.013916,0.040542
WSJ_20130322_804,E25,E30,0,0.979803,0.000246,0.004472,0.015479
WSJ_20130322_804,E26,E30,0,0.911725,0.003764,0.017988,0.066523
WSJ_20130322_804,E9,E11,3,0.299023,0.232706,0.091194,0.377076
WSJ_20130322_804,E9,E13,0,0.965234,0.000496,0.006325,0.027945
WSJ_20130322_804,E9,E14,1,0.147220,0.432375,0.086657,0.333748
WSJ_20130322_804,E11,E16,1,0.072325,0.584710,0.068428,0.274537
WSJ_20130322_804,E13,E16,1,0.003910,0.891649,0.022435,0.082005
WSJ_20130322_804,E14,E16,1,0.151478,0.422414,0.081275,0.344833
WSJ_20130322_804,E16,E17,0,0.992232,0.000038,0.001493,0.006236
WSJ_20130322_804,E17,E18,1,0.000407,0.970152,0.006841,0.022599
WSJ_20130322_804,E21,E22,3,0.337039,0.195113,0.096428,0.371420
WSJ_20130322_804,E21,E23,1,0.147502,0.394723,0.100480,0.357295
WSJ_20130322_804,E22,E25,0,0.831737,0.010079,0.033983,0.124202
WSJ_20130322_804,E22,E26,0,0.548018,0.076816,0.074913,0.300254
WSJ_20130322_804,E22,E30,0,0.872212,0.006312,0.024018,0.097458
WSJ_20130322_804,E23,E25,0,0.845881,0.008544,0.030185,0.115390
WSJ_20130322_804,E23,E26,0,0.588796,0.063927,0.067187,0.280089
WSJ_20130322_804,E23,E30,0,0.873496,0.006159,0.022937,0.097407
WSJ_20130322_804,E25,E33,0,0.952967,0.000999,0.010719,0.035314
WSJ_20130322_804,E26,E33,0,0.947226,0.001286,0.011077,0.040411
WSJ_20130322_804,E30,E33,0,0.724695,0.029007,0.050174,0.196124
WSJ_20130322_804,E33,E35,1,0.021889,0.751189,0.051116,0.175806
WSJ_20130318_731,E1,E2,1,0.001928,0.943137,0.015374,0.039561
WSJ_20130318_731,E1,E3,1,0.139738,0.473069,0.105955,0.281238
WSJ_20130318_731,E2,E3,0,0.644043,0.076988,0.077767,0.201203
WSJ_20130318_731,E11,E12,1,0.000693,0.959607,0.009095,0.030604
WSJ_20130318_731,E11,E13,0,0.450639,0.137277,0.101705,0.310379
WSJ_20130318_731,E12,E13,0,0.946205,0.001663,0.012763,0.039368
WSJ_20130318_731,E20,E21,0,0.991134,0.000052,0.001758,0.007056
WSJ_20130318_731,E20,E22,0,0.993362,0.000030,0.001260,0.005348
WSJ_20130318_731,E21,E22,0,0.869957,0.006517,0.029802,0.093724
WSJ_20130318_731,E9,E10,1,0.002599,0.920008,0.020120,0.057272
WSJ_20130318_731,E10,E11,0,0.997005,0.000011,0.000624,0.002360
WSJ_20130318_731,E10,E12,0,0.958180,0.001383,0.010133,0.030305
WSJ_20130318_731,E10,E13,0,0.993582,0.000037,0.001347,0.005033
WSJ_20130318_731,E11,E14,1,0.040631,0.696753,0.066388,0.196228
WSJ_20130318_731,E12,E14,0,0.757988,0.030396,0.053374,0.158242
WSJ_20130318_731,E13,E14,3,0.267449,0.295424,0.125581,0.311546
CNN_20130322_1003,E1,E2,1,0.000371,0.978231,0.006014,0.015383
CNN_20130322_1003,E1,E3,0,0.669983,0.086010,0.071147,0.172860
CNN_20130322_1003,E1,E5,0,0.972871,0.000673,0.006373,0.020083
CNN_20130322_1003,E2,E3,0,0.988009,0.000154,0.003037,0.008800
CNN_20130322_1003,E2,E5,0,0.998077,0.000005,0.000378,0.001540
CNN_20130322_1003,E3,E5,0,0.898760,0.009066,0.022769,0.069405
CNN_20130322_1003,E6,E7,1,0.006365,0.924001,0.021698,0.047937
CNN_20130322_1003,E9,E10,0,0.351648,0.319128,0.070171,0.259053
CNN_20130322_1003,E9,E11,1,0.000145,0.986862,0.003206,0.009788
CNN_20130322_1003,E9,E1000,1,0.000029,0.994362,0.001312,0.004297
CNN_20130322_1003,E10,E11,1,0.000784,0.971405,0.007000,0.020811
CNN_20130322_1003,E10,E1000,1,0.000054,0.992307,0.001794,0.005845
CNN_20130322_1003,E11,E1000,1,0.019584,0.844260,0.037794,0.098362
CNN_20130322_1003,E12,E13,1,0.014237,0.866423,0.032857,0.086483
CNN_20130322_1003,E12,E14,1,0.000304,0.980210,0.004981,0.014504
CNN_20130322_1003,E12,E15,1,0.000135,0.986753,0.003168,0.009944
CNN_20130322_1003,E13,E14,1,0.004500,0.926377,0.016706,0.052417
CNN_20130322_1003,E13,E15,1,0.001286,0.959650,0.009649,0.029415
CNN_20130322_1003,E14,E15,1,0.028726,0.829311,0.035562,0.106401
CNN_20130322_1003,E17,E19,1,0.000356,0.975308,0.005996,0.018340
CNN_20130322_1003,E17,E20,0,0.974764,0.000441,0.005899,0.018896
CNN_20130322_1003,E19,E20,0,0.998789,0.000002,0.000225,0.000984
CNN_20130322_1003,E23,E27,0,0.470939,0.164617,0.081886,0.282558
CNN_20130322_1003,E30,E31,1,0.006416,0.882917,0.027674,0.082993
CNN_20130322_1003,E30,E32,1,0.000011,0.996105,0.000736,0.003149
CNN_20130322_1003,E30,E33,1,0.000006,0.997329,0.000534,0.002132
CNN_20130322_1003,E31,E32,1,0.000064,0.990463,0.002088,0.007385
CNN_20130322_1003,E31,E33,1,0.000023,0.994781,0.001113,0.004082
CNN_20130322_1003,E32,E33,1,0.009044,0.895703,0.026249,0.069005
CNN_20130322_1003,E34,E36,1,0.000062,0.990793,0.002038,0.007106
CNN_20130322_1003,E40,E41,1,0.000755,0.965940,0.008529,0.024776
CNN_20130322_1003,E40,E42,1,0.000245,0.981044,0.005013,0.013698
CNN_20130322_1003,E41,E42,1,0.005040,0.919793,0.021117,0.054050
CNN_20130322_1003,E43,E44,0,0.899049,0.006418,0.021718,0.072815
CNN_20130322_1003,E45,E47,0,0.717566,0.041838,0.056255,0.184341
CNN_20130322_1003,E55,E57,0,0.989329,0.000084,0.002164,0.008424
CNN_20130322_1003,E1,E6,0,0.666609,0.106848,0.064839,0.161704
CNN_20130322_1003,E1,E7,1,0.019968,0.851674,0.041072,0.087286
CNN_20130322_1003,E2,E6,0,0.989812,0.000145,0.002889,0.007153
CNN_20130322_1003,E2,E7,0,0.854731,0.022964,0.040369,0.081936
CNN_20130322_1003,E3,E6,1,0.330853,0.358191,0.085910,0.225046
CNN_20130322_1003,E3,E7,1,0.002595,0.947899,0.015490,0.034016
CNN_20130322_1003,E5,E6,1,0.000546,0.974340,0.006587,0.018527
CNN_20130322_1003,E5,E7,1,0.000033,0.994088,0.001463,0.004416
CNN_20130322_1003,E6,E9,0,0.997196,0.000012,0.000621,0.002171
CNN_20130322_1003,E6,E10,0,0.997032,0.000013,0.000617,0.002337
CNN_20130322_1003,E6,E11,0,0.631111,0.117710,0.064571,0.186608
CNN_20130322_1003,E6,E1000,1,0.063694,0.722282,0.057377,0.156648
CNN_20130322_1003,E7,E9,0,0.998488,0.000004,0.000342,0.001166
CNN_20130322_1003,E7,E10,0,0.998569,0.000004,0.000325,0.001102
CNN_20130322_1003,E7,E11,0,0.896281,0.012790,0.028087,0.062842
CNN_20130322_1003,E7,E1000,0,0.366433,0.318236,0.101197,0.214134
CNN_20130322_1003,E9,E12,1,0.007986,0.902777,0.022943,0.066294
CNN_20130322_1003,E9,E13,1,0.000306,0.980520,0.004712,0.014462
CNN_20130322_1003,E9,E14,1,0.000024,0.994941,0.001093,0.003943
CNN_20130322_1003,E9,E15,1,0.000018,0.995612,0.000927,0.003443
CNN_20130322_1003,E10,E12,1,0.070883,0.712341,0.055073,0.161702
CNN_20130322_1003,E10,E13,1,0.003073,0.946653,0.013241,0.037033
CNN_20130322_1003,E10,E14,1,0.000065,0.991747,0.001926,0.006261
CNN_20130322_1003,E10,E15,1,0.000046,0.993567,0.001579,0.004808
CNN_20130322_1003,E11,E12,0,0.953159,0.002481,0.011951,0.032409
CNN_20130322_1003,E11,E13,0,0.752142,0.060322,0.052422,0.135114
CNN_20130322_1003,E11,E14,1,0.119235,0.631306,0.064390,0.185069
CNN_20130322_1003,E11,E15,1,0.065046,0.723325,0.055006,0.156622
CNN_20130322_1003,E1000,E12,0,0.993009,0.000062,0.001704,0.005225
CNN_20130322_1003,E1000,E13,0,0.978908,0.000599,0.005812,0.014682
CNN_20130322_1003,E1000,E14,0,0.834934,0.027626,0.035894,0.101546
CNN_20130322_1003,E1000,E15,0,0.741281,0.060758,0.052565,0.145396
CNN_20130322_1003,E12,E17,1,0.013035,0.865127,0.032256,0.089582
CNN_20130322_1003,E12,E19,1,0.000069,0.990302,0.002182,0.007447
CNN_20130322_1003,E12,E20,0,0.890782,0.009439,0.023794,0.075986
CNN_20130322_1003,E13,E17,0,0.441013,0.226760,0.083037,0.249191
CNN_20130322_1003,E13,E19,1,0.000452,0.974698,0.006341,0.018509
CNN_20130322_1003,E13,E20,0,0.989021,0.000094,0.002212,0.008672
CNN_20130322_1003,E14,E17,0,0.722782,0.064189,0.050077,0.162952
CNN_20130322_1003,E14,E19,1,0.002910,0.938985,0.014003,0.044103
CNN_20130322_1003,E14,E20,0,0.995752,0.000021,0.000884,0.003343
CNN_20130322_1003,E15,E17,0,0.821682,0.027063,0.035235,0.116020
CNN_20130322_1003,E15,E19,1,0.006961,0.902592,0.021593,0.068855
CNN_20130322_1003,E15,E20,0,0.996846,0.000011,0.000643,0.002500
CNN_20130322_1003,E17,E21,0,0.827051,0.021025,0.035203,0.116720
CNN_20130322_1003,E19,E21,0,0.995662,0.000022,0.000909,0.003407
CNN_20130322_1003,E20,E21,1,0.012120,0.852238,0.028243,0.107399
CNN_20130322_1003,E21,E23,0,0.972034,0.000849,0.007423,0.019694
CNN_20130322_1003,E21,E27,0,0.987077,0.000144,0.003131,0.009648
CNN_20130322_1003,E30,E34,0,0.847574,0.014592,0.035137,0.102697
CNN_20130322_1003,E30,E36,1,0.002445,0.939540,0.015254,0.042761
CNN_20130322_1003,E31,E34,0,0.978403,0.000397,0.004850,0.016350
CNN_20130322_1003,E31,E36,1,0.023187,0.824573,0.037390,0.114850
CNN_20130322_1003,E32,E34,0,0.998594,0.000003,0.000276,0.001127
CNN_20130322_1003,E32,E36,0,0.933527,0.004496,0.016194,0.045783
CNN_20130322_1003,E33,E34,0,0.998890,0.000002,0.000226,0.000883
CNN_20130322_1003,E33,E36,0,0.940018,0.004450,0.014750,0.040781
CNN_20130322_1003,E34,E38,1,0.045965,0.680570,0.064798,0.208667
CNN_20130322_1003,E36,E38,0,0.923828,0.003931,0.017788,0.054452
CNN_20130322_1003,E38,E40,0,0.880929,0.008493,0.026701,0.083876
CNN_20130322_1003,E38,E41,1,0.037390,0.766880,0.054724,0.141006
CNN_20130322_1003,E38,E42,1,0.005276,0.910572,0.025840,0.058312
CNN_20130322_1003,E40,E43,0,0.834115,0.017344,0.034219,0.114322
CNN_20130322_1003,E40,E44,0,0.961631,0.001076,0.008259,0.029035
CNN_20130322_1003,E41,E43,0,0.980138,0.000380,0.004471,0.015010
CNN_20130322_1003,E41,E44,0,0.995009,0.000026,0.001072,0.003893
CNN_20130322_1003,E42,E43,0,0.987189,0.000162,0.003409,0.009240
CNN_20130322_1003,E42,E44,0,0.995394,0.000023,0.001053,0.003530
CNN_20130322_1003,E43,E45,0,0.420009,0.181420,0.095147,0.303425
CNN_20130322_1003,E43,E47,0,0.711918,0.047392,0.057957,0.182734
CNN_20130322_1003,E44,E45,1,0.022515,0.774315,0.043455,0.159715
CNN_20130322_1003,E44,E47,1,0.183722,0.394390,0.083916,0.337972
CNN_20130322_1003,E45,E48,0,0.717335,0.044230,0.058869,0.179566
CNN_20130322_1003,E47,E48,0,0.502895,0.136519,0.080383,0.280203
CNN_20130322_1003,E48,E50,0,0.969193,0.000579,0.006915,0.023313
CNN_20130322_1003,E50,E51,1,0.000478,0.965153,0.007368,0.027000
CNN_20130322_1003,E51,E52,0,0.865682,0.008683,0.026556,0.099080
CNN_20130322_1003,E52,E53,0,0.988439,0.000094,0.002494,0.008973
CNN_20130322_1003,E53,E55,1,0.128214,0.477850,0.089373,0.304563
