2010.01.02.pakistan.attacks,E1,E2,1,0.014628,0.879571,0.027053,0.078747
2010.01.02.pakistan.attacks,E1,E3,1,0.052908,0.735999,0.053188,0.157904
2010.01.02.pakistan.attacks,E1,E4,0,0.984619,0.000305,0.003499,0.011577
2010.01.02.pakistan.attacks,E2,E3,0,0.731441,0.073171,0.051241,0.144147
2010.01.02.pakistan.attacks,E2,E4,0,0.996541,0.000027,0.000754,0.002677
2010.01.02.pakistan.attacks,E3,E4,0,0.991559,0.000108,0.001923,0.006410
2010.01.02.pakistan.attacks,E5,E6,0,0.598424,0.128845,0.075546,0.197185
2010.01.02.pakistan.attacks,E5,E7,0,0.656349,0.091679,0.063225,0.188747
2010.01.02.pakistan.attacks,E5,E8,0,0.982170,0.000397,0.004398,0.013035
2010.01.02.pakistan.attacks,E6,E7,0,0.415692,0.242378,0.088895,0.253036
2010.01.02.pakistan.attacks,E6,E8,0,0.966196,0.001259,0.008239,0.024306
2010.01.02.pakistan.attacks,E7,E8,0,0.963168,0.001422,0.009069,0.026341
2010.01.02.pakistan.attacks,E10,E11,0,0.987587,0.000137,0.002504,0.009771
2010.01.02.pakistan.attacks,E13,E14,0,0.723204,0.048055,0.048827,0.179914
2010.01.02.pakistan.attacks,E13,E15,0,0.952711,0.001873,0.010957,0.034459
2010.01.02.pakistan.attacks,E14,E15,0,0.879368,0.012379,0.023983,0.084270
2010.01.02.pakistan.attacks,E16,E18,0,0.992960,0.000072,0.001556,0.005412
2010.01.02.pakistan.attacks,E19,E20,0,0.988079,0.000217,0.002841,0.008862
2010.01.02.pakistan.attacks,E19,E21,0,0.998500,0.000005,0.000288,0.001207
2010.01.02.pakistan.attacks,E20,E21,0,0.991443,0.000096,0.001835,0.006626
2010.01.02.pakistan.attacks,E22,E23,0,0.647813,0.088597,0.065724,0.197866
2010.01.02.pakistan.attacks,E22,E24,0,0.994547,0.000043,0.001145,0.004265
2010.01.02.pakistan.attacks,E23,E24,0,0.994147,0.000053,0.001264,0.004537
2010.01.02.pakistan.attacks,E26,E27,0,0.987568,0.000229,0.002996,0.009207
2010.01.02.pakistan.attacks,E29,E30,0,0.995483,0.000034,0.000937,0.003546
2010.01.02.pakistan.attacks,E31,E32,0,0.983834,0.000255,0.003473,0.012439
2010.01.02.pakistan.attacks,E1,E6,0,0.548105,0.159214,0.078736,0.213946
2010.01.02.pakistan.attacks,E1,E7,0,0.534644,0.160849,0.073609,0.230898
2010.01.02.pakistan.attacks,E1,E8,0,0.979348,0.000467,0.004962,0.015223
2010.01.02.pakistan.attacks,E2,E5,0,0.839474,0.033818,0.035671,0.091037
2010.01.02.pakistan.attacks,E2,E6,0,0.924141,0.007740,0.018704,0.049415
2010.01.02.pakistan.attacks,E2,E7,0,0.925087,0.006809,0.017109,0.050995
2010.01.02.pakistan.attacks,E2,E8,0,0.993793,0.000074,0.001439,0.004695
2010.01.02.pakistan.attacks,E3,E5,0,0.675345,0.086371,0.062390,0.175894
2010.01.02.pakistan.attacks,E3,E6,0,0.847662,0.017951,0.034395,0.099992
2010.01.02.pakistan.attacks,E3,E7,0,0.850094,0.018169,0.033540,0.098197
2010.01.02.pakistan.attacks,E3,E8,0,0.987405,0.000207,0.002994,0.009394
2010.01.02.pakistan.attacks,E4,E5,1,0.005140,0.921695,0.017967,0.055197
2010.01.02.pakistan.attacks,E4,E6,1,0.023061,0.820006,0.037452,0.119481
2010.01.02.pakistan.attacks,E4,E7,1,0.026764,0.805117,0.040057,0.128062
2010.01.02.pakistan.attacks,E4,E8,0,0.747099,0.045794,0.046657,0.160450
2010.01.02.pakistan.attacks,E5,E10,0,0.502373,0.156558,0.094789,0.246280
2010.01.02.pakistan.attacks,E5,E11,0,0.993824,0.000056,0.001334,0.004786
2010.01.02.pakistan.attacks,E6,E10,0,0.513390,0.141154,0.085706,0.259750
2010.01.02.pakistan.attacks,E6,E11,0,0.990980,0.000100,0.001970,0.006950
2010.01.02.pakistan.attacks,E7,E10,0,0.590123,0.114698,0.078851,0.216327
2010.01.02.pakistan.attacks,E7,E11,0,0.990264,0.000113,0.002145,0.007479
2010.01.02.pakistan.attacks,E8,E10,1,0.014998,0.828253,0.038885,0.117864
2010.01.02.pakistan.attacks,E8,E11,0,0.930048,0.003334,0.014427,0.052191
2010.01.02.pakistan.attacks,E11,E12,1,0.000108,0.989116,0.002412,0.008364
2010.01.02.pakistan.attacks,E12,E13,0,0.966507,0.000835,0.007867,0.024792
2010.01.02.pakistan.attacks,E12,E14,0,0.987625,0.000160,0.002798,0.009417
2010.01.02.pakistan.attacks,E12,E15,0,0.993683,0.000051,0.001347,0.004919
2010.01.02.pakistan.attacks,E13,E16,1,0.024880,0.816677,0.039126,0.119317
2010.01.02.pakistan.attacks,E13,E18,0,0.969196,0.000804,0.007420,0.022580
2010.01.02.pakistan.attacks,E14,E16,1,0.003818,0.930452,0.014977,0.050752
2010.01.02.pakistan.attacks,E14,E18,0,0.926070,0.004478,0.016025,0.053427
2010.01.02.pakistan.attacks,E15,E16,1,0.000681,0.969722,0.006985,0.022612
2010.01.02.pakistan.attacks,E15,E18,0,0.810759,0.020444,0.037093,0.131704
2010.01.02.pakistan.attacks,E19,E22,0,0.872464,0.014272,0.027879,0.085385
2010.01.02.pakistan.attacks,E19,E23,0,0.936613,0.004583,0.014566,0.044238
2010.01.02.pakistan.attacks,E19,E24,0,0.998783,0.000004,0.000229,0.000984
2010.01.02.pakistan.attacks,E20,E22,1,0.238364,0.403697,0.083451,0.274488
2010.01.02.pakistan.attacks,E20,E23,0,0.448291,0.222798,0.078306,0.250605
2010.01.02.pakistan.attacks,E20,E24,0,0.994201,0.000047,0.001208,0.004543
2010.01.02.pakistan.attacks,E21,E22,1,0.000865,0.964363,0.008211,0.026561
2010.01.02.pakistan.attacks,E21,E23,1,0.002129,0.946768,0.012257,0.038846
2010.01.02.pakistan.attacks,E21,E24,0,0.863587,0.014351,0.024713,0.097349
2010.01.02.pakistan.attacks,E22,E27,0,0.981612,0.000369,0.004375,0.013644
2010.01.02.pakistan.attacks,E23,E26,1,0.215169,0.460404,0.083892,0.240535
2010.01.02.pakistan.attacks,E23,E27,0,0.986326,0.000244,0.003266,0.010165
2010.01.02.pakistan.attacks,E24,E26,1,0.000137,0.988178,0.002668,0.009017
2010.01.02.pakistan.attacks,E26,E29,0,0.477781,0.217083,0.072282,0.232853
2010.01.02.pakistan.attacks,E26,E30,0,0.995317,0.000039,0.001005,0.003640
2010.01.02.pakistan.attacks,E27,E29,1,0.001861,0.952727,0.010378,0.035034
2010.01.02.pakistan.attacks,E29,E31,0,0.850289,0.022241,0.026584,0.100887
2010.01.02.pakistan.attacks,E29,E32,0,0.994272,0.000043,0.001174,0.004512
2010.01.02.pakistan.attacks,E30,E31,1,0.001903,0.949678,0.010169,0.038250
2010.01.02.pakistan.attacks,E30,E32,0,0.571382,0.101856,0.065805,0.260957
2010.01.02.pakistan.attacks,E33,E34,0,0.990772,0.000076,0.001786,0.007366
2010.01.18.sherlock.holmes.tourism.london,E1,E2,0,0.896031,0.007126,0.023822,0.073021
2010.01.18.sherlock.holmes.tourism.london,E6,E7,0,0.982109,0.000279,0.004005,0.013607
2010.01.18.sherlock.holmes.tourism.london,E19,E20,1,0.004059,0.912816,0.020071,0.063054
2010.01.18.sherlock.holmes.tourism.london,E19,E21,1,0.155755,0.473403,0.082303,0.288540
2010.01.18.sherlock.holmes.tourism.london,E19,E25,0,0.970956,0.000624,0.006777,0.021643
2010.01.18.sherlock.holmes.tourism.london,E20,E21,0,0.918543,0.004625,0.016416,0.060416
2010.01.18.sherlock.holmes.tourism.london,E20,E25,0,0.995326,0.000029,0.000936,0.003710
2010.01.18.sherlock.holmes.tourism.london,E21,E25,0,0.989259,0.000116,0.002285,0.008340
2010.01.18.sherlock.holmes.tourism.london,E29,E30,0,0.362597,0.216917,0.094476,0.326010
2010.01.18.sherlock.holmes.tourism.london,E33,E34,1,0.034731,0.741333,0.052408,0.171529
2010.01.18.sherlock.holmes.tourism.london,E33,E36,0,0.517539,0.138808,0.085652,0.258002
2010.01.18.sherlock.holmes.tourism.london,E34,E36,0,0.962691,0.001345,0.008809,0.027154
2010.01.18.sherlock.holmes.tourism.london,E1,E3,1,0.144342,0.481505,0.091368,0.282785
2010.01.18.sherlock.holmes.tourism.london,E2,E3,1,0.007164,0.876619,0.027956,0.088261
2010.01.18.sherlock.holmes.tourism.london,E3,E6,0,0.925338,0.003499,0.016156,0.055007
2010.01.18.sherlock.holmes.tourism.london,E3,E7,0,0.995800,0.000024,0.000833,0.003343
2010.01.18.sherlock.holmes.tourism.london,E6,E9,0,0.971628,0.000566,0.006222,0.021584
2010.01.18.sherlock.holmes.tourism.london,E7,E9,0,0.546122,0.095883,0.086108,0.271887
2010.01.18.sherlock.holmes.tourism.london,E9,E11,1,0.141084,0.443154,0.103640,0.312122
2010.01.18.sherlock.holmes.tourism.london,E11,E12,1,0.000467,0.975919,0.005852,0.017762
2010.01.18.sherlock.holmes.tourism.london,E12,E14,0,0.979763,0.000504,0.005140,0.014593
2010.01.18.sherlock.holmes.tourism.london,E14,E17,0,0.891879,0.008546,0.023295,0.076280
2010.01.18.sherlock.holmes.tourism.london,E17,E19,0,0.602856,0.100954,0.073228,0.222963
2010.01.18.sherlock.holmes.tourism.london,E17,E20,1,0.004408,0.915486,0.019173,0.060932
2010.01.18.sherlock.holmes.tourism.london,E17,E21,1,0.297503,0.325740,0.083855,0.292902
2010.01.18.sherlock.holmes.tourism.london,E17,E25,0,0.968201,0.000791,0.007515,0.023492
2010.01.18.sherlock.holmes.tourism.london,E29,E32,1,0.163872,0.474503,0.085498,0.276127
2010.01.18.sherlock.holmes.tourism.london,E30,E32,0,0.559033,0.135347,0.071262,0.234358
2010.01.18.sherlock.holmes.tourism.london,E32,E33,0,0.977100,0.000445,0.005289,0.017167
2010.01.18.sherlock.holmes.tourism.london,E32,E34,0,0.453061,0.208630,0.085607,0.252702
2010.01.18.sherlock.holmes.tourism.london,E32,E36,0,0.934465,0.003493,0.015143,0.046899
2010.01.18.sherlock.holmes.tourism.london,E33,E37,1,0.010050,0.845129,0.038016,0.106804
2010.01.18.sherlock.holmes.tourism.london,E34,E37,0,0.333280,0.262801,0.105621,0.298299
2010.01.18.sherlock.holmes.tourism.london,E36,E37,1,0.007368,0.869001,0.032572,0.091058
2010.01.18.sherlock.holmes.tourism.london,E37,E40,0,0.901953,0.004909,0.024055,0.069082
2010.01.03.japan.jal.airlines.ft,E4,E6,1,0.021513,0.810020,0.040754,0.127712
2010.01.03.japan.jal.airlines.ft,E4,E7,0,0.446876,0.178566,0.088877,0.285681
2010.01.03.japan.jal.airlines.ft,E6,E7,0,0.646662,0.089692,0.064261,0.199386
2010.01.03.japan.jal.airlines.ft,E16,E17,0,0.998652,0.000003,0.000213,0.001132
2010.01.03.japan.jal.airlines.ft,E16,E18,0,0.998627,0.000003,0.000241,0.001129
2010.01.03.japan.jal.airlines.ft,E17,E18,0,0.586707,0.065049,0.076717,0.271527
2010.01.03.japan.jal.airlines.ft,E23,E26,3,0.275460,0.296323,0.104814,0.323403
2010.01.03.japan.jal.airlines.ft,E33,E34,0,0.546661,0.091442,0.079633,0.282264
2010.01.03.japan.jal.airlines.ft,E37,E38,0,0.982829,0.000236,0.003471,0.013465
2010.01.03.japan.jal.airlines.ft,E37,E39,0,0.895619,0.008592,0.022571,0.073218
2010.01.03.japan.jal.airlines.ft,E38,E39,1,0.011772,0.852084,0.033703,0.102441
2010.01.03.japan.jal.airlines.ft,E40,E41,1,0.004248,0.900883,0.022905,0.071964
2010.01.03.japan.jal.airlines.ft,E4,E10,1,0.108883,0.503333,0.105960,0.281824
2010.01.03.japan.jal.airlines.ft,E6,E10,1,0.207702,0.395447,0.101607,0.295245
2010.01.03.japan.jal.airlines.ft,E7,E10,1,0.165923,0.440268,0.100840,0.292968
2010.01.03.japan.jal.airlines.ft,E23,E27,0,0.953020,0.001231,0.010616,0.035133
2010.01.03.japan.jal.airlines.ft,E26,E27,0,0.938971,0.001903,0.014598,0.044528
2010.01.03.japan.jal.airlines.ft,E27,E32,0,0.912032,0.003456,0.020456,0.064057
2010.01.03.japan.jal.airlines.ft,E32,E33,1,0.028965,0.726609,0.055732,0.188693
2010.01.03.japan.jal.airlines.ft,E32,E34,1,0.030537,0.726239,0.054921,0.188303
2010.01.03.japan.jal.airlines.ft,E33,E37,1,0.062553,0.624403,0.072589,0.240454
2010.01.03.japan.jal.airlines.ft,E33,E38,0,0.951816,0.001386,0.010916,0.035882
2010.01.03.japan.jal.airlines.ft,E33,E39,0,0.888588,0.007215,0.024567,0.079630
2010.01.03.japan.jal.airlines.ft,E34,E37,1,0.123271,0.500840,0.086526,0.289363
2010.01.03.japan.jal.airlines.ft,E34,E38,0,0.971135,0.000566,0.006417,0.021883
2010.01.03.japan.jal.airlines.ft,E34,E39,0,0.843152,0.014911,0.032785,0.109152
2010.01.03.japan.jal.airlines.ft,E37,E40,0,0.968221,0.000680,0.007267,0.023831
2010.01.03.japan.jal.airlines.ft,E37,E41,0,0.514471,0.145755,0.085595,0.254180
2010.01.03.japan.jal.airlines.ft,E38,E40,1,0.073343,0.595329,0.083346,0.247982
2010.01.03.japan.jal.airlines.ft,E38,E41,1,0.001362,0.951869,0.012083,0.034687
2010.01.03.japan.jal.airlines.ft,E39,E40,0,0.566731,0.092151,0.073972,0.267146
2010.01.03.japan.jal.airlines.ft,E39,E41,1,0.011938,0.841722,0.033368,0.112973
2010.01.03.japan.jal.airlines.ft,E40,E45,1,0.010105,0.825837,0.038201,0.125858
2010.01.03.japan.jal.airlines.ft,E41,E45,3,0.183063,0.350513,0.102844,0.363580
2010.01.03.japan.jal.airlines.ft,E45,E47,0,0.938266,0.002073,0.014581,0.045079
2010.03.02.health.care,E1,E2,0,0.671802,0.051732,0.058333,0.218133
2010.03.02.health.care,E16,E18,0,0.849941,0.011730,0.029335,0.108994
2010.03.02.health.care,E16,E19,0,0.642908,0.072998,0.067837,0.216256
2010.03.02.health.care,E16,E20,0,0.932587,0.003007,0.013243,0.051163
2010.03.02.health.care,E18,E19,0,0.333970,0.251839,0.101486,0.312705
2010.03.02.health.care,E18,E20,0,0.827454,0.019653,0.035305,0.117588
2010.03.02.health.care,E19,E20,0,0.913784,0.004642,0.017280,0.064294
2010.03.02.health.care,E23,E24,1,0.000313,0.977845,0.004779,0.017063
2010.03.02.health.care,E38,E40,0,0.821460,0.016878,0.032841,0.128820
2010.03.02.health.care,E42,E43,1,0.001531,0.953532,0.011986,0.032952
2010.03.02.health.care,E42,E44,1,0.012771,0.851671,0.038574,0.096985
2010.03.02.health.care,E43,E44,1,0.045849,0.739924,0.057995,0.156231
2010.03.02.health.care,E45,E46,3,0.272000,0.267742,0.104260,0.355998
2010.03.02.health.care,E45,E47,0,0.763226,0.026064,0.051445,0.159265
2010.03.02.health.care,E46,E47,0,0.796287,0.020263,0.043202,0.140248
2010.03.02.health.care,E48,E49,0,0.907764,0.004968,0.020054,0.067214
2010.03.02.health.care,E48,E50,1,0.003833,0.914104,0.017618,0.064444
2010.03.02.health.care,E48,E51,0,0.399692,0.197449,0.085466,0.317394
2010.03.02.health.care,E49,E50,1,0.002373,0.926113,0.016577,0.054937
2010.03.02.health.care,E49,E51,1,0.061034,0.613074,0.073910,0.251982
2010.03.02.health.care,E50,E51,0,0.863408,0.008408,0.027478,0.100705
2010.03.02.health.care,E56,E57,1,0.131121,0.515672,0.086044,0.267163
2010.03.02.health.care,E58,E59,0,0.511978,0.137341,0.075514,0.275168
2010.03.02.health.care,E58,E60,1,0.000082,0.990800,0.001988,0.007131
2010.03.02.health.care,E59,E60,1,0.000043,0.993413,0.001377,0.005167
2010.03.02.health.care,E61,E62,1,0.046401,0.681245,0.067010,0.205344
2010.03.02.health.care,E16,E21,0,0.962986,0.000845,0.007264,0.028905
2010.03.02.health.care,E16,E22,0,0.957899,0.001048,0.008128,0.032926
2010.03.02.health.care,E18,E21,0,0.899363,0.005871,0.021457,0.073309
2010.03.02.health.care,E18,E22,0,0.884338,0.007808,0.023940,0.083914
2010.03.02.health.care,E19,E21,0,0.949973,0.001368,0.010124,0.038534
2010.03.02.health.care,E19,E22,0,0.942482,0.001834,0.011355,0.044329
2010.03.02.health.care,E20,E21,0,0.745497,0.033917,0.044886,0.175701
2010.03.02.health.care,E20,E22,0,0.713197,0.043527,0.048501,0.194775
2010.03.02.health.care,E23,E25,0,0.468550,0.145676,0.079502,0.306272
2010.03.02.health.care,E24,E25,0,0.989304,0.000088,0.002022,0.008586
2010.03.02.health.care,E25,E30,0,0.910707,0.005273,0.019605,0.064415
2010.03.02.health.care,E30,E31,0,0.547139,0.103674,0.074536,0.274651
2010.03.02.health.care,E31,E37,0,0.923324,0.002975,0.017022,0.056679
2010.03.02.health.care,E37,E38,0,0.387713,0.175370,0.090038,0.346879
2010.03.02.health.care,E37,E40,0,0.589332,0.084251,0.067227,0.259190
2010.03.02.health.care,E42,E45,0,0.969555,0.000643,0.006791,0.023011
2010.03.02.health.care,E42,E46,0,0.944900,0.001770,0.012855,0.040475
2010.03.02.health.care,E42,E47,0,0.991823,0.000061,0.001581,0.006536
2010.03.02.health.care,E43,E45,0,0.986081,0.000167,0.002929,0.010823
2010.03.02.health.care,E43,E46,0,0.979010,0.000320,0.004476,0.016194
2010.03.02.health.care,E43,E47,0,0.991994,0.000061,0.001561,0.006383
2010.03.02.health.care,E44,E45,0,0.969208,0.000602,0.006828,0.023363
2010.03.02.health.care,E44,E46,0,0.954732,0.001101,0.010134,0.034033
2010.03.02.health.care,E44,E47,0,0.981816,0.000231,0.003760,0.014193
2010.03.02.health.care,E45,E49,0,0.929771,0.002435,0.016417,0.051378
2010.03.02.health.care,E45,E50,1,0.060304,0.623515,0.072138,0.244042
2010.03.02.health.care,E45,E51,0,0.583852,0.080342,0.076010,0.259796
2010.03.02.health.care,E46,E48,0,0.865574,0.008628,0.024833,0.100965
2010.03.02.health.care,E46,E49,0,0.956470,0.000970,0.009584,0.032976
2010.03.02.health.care,E46,E50,1,0.113950,0.509033,0.081558,0.295459
2010.03.02.health.care,E46,E51,0,0.718957,0.037489,0.052223,0.191331
2010.03.02.health.care,E47,E48,0,0.571931,0.089793,0.067747,0.270528
2010.03.02.health.care,E47,E49,0,0.871131,0.007388,0.028687,0.092794
2010.03.02.health.care,E47,E51,0,0.338607,0.229580,0.094624,0.337189
2010.03.02.health.care,E50,E55,0,0.953620,0.001441,0.009940,0.034999
2010.03.02.health.care,E51,E55,0,0.772818,0.029335,0.045089,0.152757
2010.03.02.health.care,E55,E56,0,0.975327,0.000375,0.005048,0.019250
2010.03.02.health.care,E55,E57,0,0.850016,0.013326,0.026728,0.109930
2010.03.02.health.care,E56,E58,1,0.064453,0.632535,0.075896,0.227116
2010.03.02.health.care,E56,E59,1,0.181047,0.392584,0.097802,0.328567
2010.03.02.health.care,E56,E60,1,0.000045,0.992967,0.001478,0.005509
2010.03.02.health.care,E57,E58,0,0.393322,0.202829,0.084767,0.319082
2010.03.02.health.care,E57,E59,0,0.539205,0.114362,0.072437,0.273996
2010.03.02.health.care,E57,E60,1,0.000069,0.991319,0.001836,0.006776
2010.03.02.health.care,E58,E61,0,0.980383,0.000256,0.003809,0.015551
2010.03.02.health.care,E58,E62,0,0.783797,0.028596,0.038656,0.148951
2010.03.02.health.care,E59,E61,0,0.939471,0.001714,0.012332,0.046483
2010.03.02.health.care,E59,E62,0,0.489595,0.160043,0.080739,0.269622
2010.03.02.health.care,E60,E61,0,0.998974,0.000002,0.000156,0.000869
2010.03.02.health.care,E60,E62,0,0.996349,0.000020,0.000716,0.002916
2010.03.02.health.care,E61,E63,1,0.026348,0.722373,0.062038,0.189241
2010.01.13.haiti.un.mission,E1,E2,1,0.000810,0.969987,0.007429,0.021775
2010.01.13.haiti.un.mission,E1,E3,0,0.991621,0.000093,0.001852,0.006433
2010.01.13.haiti.un.mission,E2,E3,0,0.998540,0.000004,0.000267,0.001189
2010.01.13.haiti.un.mission,E4,E5,1,0.000290,0.984206,0.003845,0.011659
2010.01.13.haiti.un.mission,E4,E6,0,0.944999,0.003055,0.011649,0.040297
2010.01.13.haiti.un.mission,E4,E7,0,0.987371,0.000176,0.002700,0.009752
2010.01.13.haiti.un.mission,E5,E6,0,0.995088,0.000039,0.001003,0.003871
2010.01.13.haiti.un.mission,E5,E7,0,0.998109,0.000009,0.000382,0.001500
2010.01.13.haiti.un.mission,E6,E7,0,0.826367,0.024609,0.031438,0.117585
2010.01.13.haiti.un.mission,E11,E12,0,0.798315,0.034466,0.044157,0.123061
2010.01.13.haiti.un.mission,E11,E13,0,0.926308,0.005830,0.017312,0.050550
2010.01.13.haiti.un.mission,E12,E13,0,0.710577,0.063490,0.055357,0.170576
2010.01.13.haiti.un.mission,E16,E17,1,0.001466,0.953590,0.010193,0.034751
2010.01.13.haiti.un.mission,E19,E20,0,0.623525,0.089308,0.074144,0.213023
2010.01.13.haiti.un.mission,E22,E23,1,0.000083,0.991102,0.001958,0.006856
2010.01.13.haiti.un.mission,E25,E26,1,0.002350,0.950078,0.011440,0.036131
2010.01.13.haiti.un.mission,E25,E27,0,0.545550,0.139539,0.073995,0.240916
2010.01.13.haiti.un.mission,E26,E27,0,0.994217,0.000063,0.001293,0.004427
2010.01.13.haiti.un.mission,E28,E30,1,0.179704,0.403801,0.094195,0.322299
2010.01.13.haiti.un.mission,E37,E39,1,0.001788,0.948677,0.011051,0.038484
2010.01.13.haiti.un.mission,E40,E41,1,0.122936,0.520669,0.075057,0.281339
2010.01.13.haiti.un.mission,E40,E42,1,0.000054,0.992849,0.001538,0.005558
2010.01.13.haiti.un.mission,E41,E42,1,0.000073,0.991322,0.001856,0.006750
2010.01.13.haiti.un.mission,E45,E46,1,0.165495,0.439713,0.087278,0.307515
2010.01.13.haiti.un.mission,E1,E4,1,0.013849,0.867671,0.030765,0.087715
2010.01.13.haiti.un.mission,E1,E5,1,0.000158,0.988359,0.002729,0.008753
2010.01.13.haiti.un.mission,E1,E6,0,0.885958,0.009885,0.023776,0.080381
2010.01.13.haiti.un.mission,E1,E7,0,0.975947,0.000483,0.005241,0.018328
2010.01.13.haiti.un.mission,E2,E5,1,0.006572,0.918826,0.020270,0.054332
2010.01.13.haiti.un.mission,E2,E6,0,0.991960,0.000090,0.001799,0.006150
2010.01.13.haiti.un.mission,E2,E7,0,0.996424,0.000018,0.000666,0.002892
2010.01.13.haiti.un.mission,E3,E4,1,0.000040,0.994079,0.001261,0.004620
2010.01.13.haiti.un.mission,E3,E5,1,0.000002,0.999035,0.000180,0.000784
2010.01.13.haiti.un.mission,E4,E9,0,0.997616,0.000010,0.000468,0.001906
2010.01.13.haiti.un.mission,E5,E9,0,0.999581,0.000001,0.000071,0.000347
2010.01.13.haiti.un.mission,E6,E9,0,0.986268,0.000190,0.003035,0.010507
2010.01.13.haiti.un.mission,E7,E9,0,0.961228,0.001256,0.008604,0.028911
2010.01.13.haiti.un.mission,E10,E11,1,0.010141,0.874878,0.027760,0.087221
2010.01.13.haiti.un.mission,E10,E12,1,0.203556,0.420846,0.085917,0.289680
2010.01.13.haiti.un.mission,E10,E13,0,0.492674,0.164492,0.076346,0.266487
2010.01.13.haiti.un.mission,E16,E19,1,0.002806,0.928858,0.017399,0.050937
2010.01.13.haiti.un.mission,E16,E20,1,0.008530,0.891034,0.022245,0.078191
2010.01.13.haiti.un.mission,E17,E19,1,0.055863,0.724920,0.059410,0.159808
2010.01.13.haiti.un.mission,E21,E22,0,0.976764,0.000422,0.005379,0.017435
2010.01.13.haiti.un.mission,E21,E23,1,0.087998,0.591269,0.090471,0.230262
2010.01.13.haiti.un.mission,E22,E25,0,0.455827,0.170178,0.082442,0.291553
2010.01.13.haiti.un.mission,E22,E26,1,0.001568,0.957094,0.010167,0.031170
2010.01.13.haiti.un.mission,E23,E25,0,0.991385,0.000092,0.001910,0.006613
2010.01.13.haiti.un.mission,E23,E26,0,0.873331,0.015836,0.028146,0.082687
2010.01.13.haiti.un.mission,E23,E27,0,0.997720,0.000010,0.000451,0.001818
2010.01.13.haiti.un.mission,E25,E28,0,0.868658,0.010034,0.028885,0.092423
2010.01.13.haiti.un.mission,E25,E30,0,0.736137,0.035553,0.051106,0.177204
2010.01.13.haiti.un.mission,E26,E28,0,0.993863,0.000058,0.001334,0.004745
2010.01.13.haiti.un.mission,E26,E30,0,0.989643,0.000122,0.002163,0.008072
2010.01.13.haiti.un.mission,E27,E30,0,0.441241,0.193536,0.077617,0.287606
2010.01.13.haiti.un.mission,E28,E34,1,0.001198,0.954156,0.010979,0.033668
2010.01.13.haiti.un.mission,E30,E34,1,0.018739,0.792627,0.049335,0.139299
2010.01.13.haiti.un.mission,E34,E35,0,0.909604,0.004503,0.022769,0.063123
2010.01.13.haiti.un.mission,E35,E37,0,0.800257,0.017379,0.043803,0.138560
2010.01.13.haiti.un.mission,E35,E39,1,0.000228,0.983150,0.003821,0.012801
2010.01.13.haiti.un.mission,E37,E40,0,0.862829,0.010011,0.028888,0.098272
2010.01.13.haiti.un.mission,E37,E41,0,0.465704,0.152219,0.077317,0.304759
2010.01.13.haiti.un.mission,E37,E42,1,0.001386,0.952997,0.011145,0.034473
2010.01.13.haiti.un.mission,E39,E40,0,0.979053,0.000354,0.004397,0.016196
2010.01.13.haiti.un.mission,E39,E42,1,0.012752,0.875747,0.028045,0.083455
2010.01.13.haiti.un.mission,E41,E44,0,0.904567,0.005650,0.017297,0.072486
2010.01.13.haiti.un.mission,E42,E44,0,0.997092,0.000013,0.000560,0.002335
2010.01.13.haiti.un.mission,E44,E45,0,0.357679,0.215989,0.092123,0.334209
2010.01.13.haiti.un.mission,E44,E46,1,0.077920,0.595293,0.069978,0.256809
2010.01.07.water.justice,E4,E6,0,0.900724,0.007254,0.021797,0.070225
2010.01.07.water.justice,E7,E10,3,0.333613,0.199067,0.103590,0.363730
2010.01.07.water.justice,E12,E13,0,0.948809,0.001792,0.011352,0.038046
2010.01.07.water.justice,E12,E14,0,0.963794,0.000711,0.007679,0.027817
2010.01.07.water.justice,E13,E14,0,0.647098,0.058956,0.058737,0.235209
2010.01.07.water.justice,E17,E19,0,0.974683,0.000404,0.005226,0.019687
2010.01.07.water.justice,E24,E25,1,0.225464,0.362781,0.105842,0.305913
2010.01.07.water.justice,E29,E30,0,0.359528,0.309765,0.065521,0.265186
2010.01.07.water.justice,E30,E31,0,0.894794,0.008298,0.021967,0.074941
2010.01.07.water.justice,E33,E34,1,0.003204,0.918780,0.018005,0.060012
2010.01.07.water.justice,E35,E36,0,0.980797,0.000327,0.004417,0.014458
2010.01.07.water.justice,E37,E39,0,0.474917,0.118295,0.107688,0.299100
2010.01.07.water.justice,E37,E41,0,0.968606,0.000572,0.006699,0.024123
2010.01.07.water.justice,E37,E42,0,0.935217,0.002010,0.014419,0.048354
2010.01.07.water.justice,E39,E41,0,0.975126,0.000390,0.005193,0.019291
2010.01.07.water.justice,E39,E42,0,0.945281,0.001550,0.011793,0.041376
2010.01.07.water.justice,E41,E42,1,0.242828,0.335364,0.086722,0.335086
2010.01.07.water.justice,E43,E44,1,0.000232,0.982244,0.003961,0.013563
2010.01.07.water.justice,E43,E45,1,0.000701,0.965299,0.007847,0.026153
2010.01.07.water.justice,E44,E45,0,0.550360,0.105639,0.086076,0.257925
2010.01.07.water.justice,E46,E47,1,0.001178,0.956602,0.010495,0.031725
2010.01.07.water.justice,E46,E48,1,0.015285,0.828005,0.038768,0.117942
2010.01.07.water.justice,E47,E48,0,0.647179,0.078001,0.065492,0.209329
2010.01.07.water.justice,E57,E58,1,0.001052,0.956828,0.009741,0.032379
2010.01.07.water.justice,E2,E4,0,0.976574,0.000376,0.005002,0.018049
2010.01.07.water.justice,E2,E6,0,0.991915,0.000075,0.001737,0.006273
2010.01.07.water.justice,E4,E7,0,0.724579,0.032925,0.052744,0.189753
2010.01.07.water.justice,E4,E10,3,0.287461,0.273168,0.098690,0.340681
2010.01.07.water.justice,E6,E7,3,0.223731,0.321844,0.096618,0.357808
2010.01.07.water.justice,E6,E10,1,0.025573,0.748130,0.049990,0.176307
2010.01.07.water.justice,E7,E12,1,0.005118,0.887744,0.026348,0.080790
2010.01.07.water.justice,E7,E13,0,0.676123,0.058470,0.058673,0.206734
2010.01.07.water.justice,E7,E14,0,0.816787,0.012566,0.036740,0.133907
2010.01.07.water.justice,E10,E13,0,0.863238,0.011459,0.028570,0.096733
2010.01.07.water.justice,E10,E14,0,0.921534,0.002882,0.016499,0.059085
2010.01.07.water.justice,E12,E19,0,0.960037,0.000864,0.008521,0.030577
2010.01.07.water.justice,E13,E19,0,0.626962,0.066812,0.061191,0.245036
2010.01.07.water.justice,E14,E17,1,0.001730,0.942078,0.014105,0.042087
2010.01.07.water.justice,E14,E19,3,0.343787,0.197271,0.098957,0.359984
2010.01.07.water.justice,E17,E22,1,0.080678,0.629162,0.070405,0.219754
2010.01.07.water.justice,E19,E22,1,0.000969,0.959960,0.009673,0.029397
2010.01.07.water.justice,E22,E24,0,0.877364,0.009025,0.029844,0.083767
2010.01.07.water.justice,E22,E25,0,0.944022,0.002239,0.012955,0.040784
2010.01.07.water.justice,E27,E29,0,0.732753,0.054296,0.051193,0.161758
2010.01.07.water.justice,E27,E30,0,0.715207,0.049529,0.053742,0.181522
2010.01.07.water.justice,E27,E31,0,0.939828,0.002299,0.014841,0.043032
2010.01.07.water.justice,E29,E33,0,0.966795,0.001007,0.007190,0.025008
2010.01.07.water.justice,E29,E34,0,0.640179,0.080958,0.056941,0.221922
2010.01.07.water.justice,E30,E33,0,0.969567,0.000769,0.006752,0.022911
2010.01.07.water.justice,E30,E34,0,0.630878,0.078589,0.060253,0.230280
2010.01.07.water.justice,E31,E33,0,0.777468,0.022749,0.044168,0.155615
2010.01.07.water.justice,E31,E34,1,0.093585,0.549307,0.078430,0.278677
2010.01.07.water.justice,E33,E35,1,0.003565,0.915367,0.019230,0.061838
2010.01.07.water.justice,E33,E36,0,0.735590,0.040011,0.049230,0.175169
2010.01.07.water.justice,E34,E35,3,0.311735,0.252316,0.099967,0.335982
2010.01.07.water.justice,E34,E36,0,0.976856,0.000422,0.005241,0.017480
2010.01.07.water.justice,E35,E37,0,0.423021,0.147686,0.109425,0.319868
2010.01.07.water.justice,E35,E39,0,0.483690,0.122752,0.096195,0.297363
2010.01.07.water.justice,E35,E41,0,0.980314,0.000250,0.003957,0.015479
2010.01.07.water.justice,E35,E42,0,0.949980,0.001293,0.010332,0.038396
2010.01.07.water.justice,E36,E37,1,0.001905,0.936802,0.015064,0.046229
2010.01.07.water.justice,E36,E39,1,0.001411,0.946534,0.012479,0.039576
2010.01.07.water.justice,E36,E41,3,0.225256,0.335184,0.093343,0.346217
2010.01.07.water.justice,E36,E42,1,0.042008,0.687637,0.058123,0.212232
2010.01.07.water.justice,E37,E43,0,0.986227,0.000163,0.002965,0.010645
2010.01.07.water.justice,E37,E44,1,0.099495,0.528080,0.099228,0.273196
2010.01.07.water.justice,E37,E45,3,0.247595,0.296972,0.119073,0.336359
2010.01.07.water.justice,E39,E43,0,0.986752,0.000142,0.002779,0.010327
2010.01.07.water.justice,E39,E44,1,0.080540,0.583952,0.087153,0.248356
2010.01.07.water.justice,E39,E45,1,0.214594,0.348036,0.111415,0.325955
2010.01.07.water.justice,E41,E43,0,0.903347,0.005107,0.019906,0.071640
2010.01.07.water.justice,E41,E44,1,0.001062,0.955651,0.010405,0.032882
2010.01.07.water.justice,E41,E45,1,0.002773,0.921985,0.018023,0.057219
2010.01.07.water.justice,E42,E43,0,0.952375,0.001272,0.009905,0.036449
2010.01.07.water.justice,E42,E44,1,0.002266,0.933200,0.015709,0.048825
2010.01.07.water.justice,E42,E45,1,0.007582,0.869208,0.029318,0.093892
2010.01.07.water.justice,E43,E46,0,0.648562,0.061768,0.063732,0.225939
2010.01.07.water.justice,E43,E47,1,0.013553,0.840164,0.032719,0.113564
2010.01.07.water.justice,E43,E48,1,0.137441,0.501776,0.079432,0.281350
2010.01.07.water.justice,E44,E46,0,0.989781,0.000116,0.002263,0.007840
2010.01.07.water.justice,E44,E47,0,0.945443,0.001885,0.012581,0.040091
2010.01.07.water.justice,E44,E48,0,0.975182,0.000460,0.005460,0.018898
2010.01.07.water.justice,E45,E46,0,0.985937,0.000194,0.003167,0.010702
2010.01.07.water.justice,E45,E47,0,0.899179,0.006000,0.022366,0.072455
2010.01.07.water.justice,E45,E48,0,0.966403,0.000758,0.007492,0.025347
2010.01.07.water.justice,E46,E49,0,0.901646,0.005311,0.022425,0.070617
2010.01.07.water.justice,E47,E49,0,0.989636,0.000107,0.002203,0.008053
2010.01.07.water.justice,E48,E49,0,0.978138,0.000377,0.004931,0.016554
2010.01.07.water.justice,E49,E52,1,0.068744,0.605278,0.071740,0.254239
2010.01.07.water.justice,E52,E53,0,0.907277,0.004390,0.021840,0.066494
2010.01.07.water.justice,E53,E54,0,0.434741,0.171500,0.087502,0.306257
2010.01.07.water.justice,E56,E57,1,0.228370,0.371811,0.091062,0.308756
2010.01.07.water.justice,E56,E58,1,0.000359,0.976007,0.005260,0.018374
2010.01.07.water.justice,E59,E60,0,0.986786,0.000126,0.002548,0.010539
2010.01.07.water.justice,E60,E61,0,0.342124,0.256743,0.090531,0.310602
2010.01.07.water.justice,E61,E63,0,0.527852,0.111819,0.077739,0.282590
2010.03.02.japan.unemployment.ft,E1,E3,0,0.645656,0.097731,0.063396,0.193218
2010.03.02.japan.unemployment.ft,E1,E4,0,0.457517,0.190098,0.079919,0.272465
2010.03.02.japan.unemployment.ft,E3,E4,1,0.146169,0.524043,0.068358,0.261429
2010.03.02.japan.unemployment.ft,E6,E7,0,0.730379,0.056096,0.052578,0.160947
2010.03.02.japan.unemployment.ft,E8,E9,0,0.979024,0.000358,0.004703,0.015915
2010.03.02.japan.unemployment.ft,E10,E11,0,0.315645,0.291169,0.096006,0.297179
2010.03.02.japan.unemployment.ft,E12,E14,0,0.849684,0.010313,0.029889,0.110114
2010.03.02.japan.unemployment.ft,E13,E14,0,0.739568,0.029583,0.047366,0.183482
2010.03.02.japan.unemployment.ft,E16,E17,0,0.961100,0.001247,0.009639,0.028014
2010.03.02.japan.unemployment.ft,E16,E18,0,0.947335,0.001857,0.012077,0.038731
2010.03.02.japan.unemployment.ft,E16,E19,0,0.917026,0.005045,0.018339,0.059591
2010.03.02.japan.unemployment.ft,E17,E18,0,0.868990,0.012615,0.025503,0.092893
2010.03.02.japan.unemployment.ft,E17,E19,0,0.623815,0.102978,0.058459,0.214748
2010.03.02.japan.unemployment.ft,E18,E19,0,0.366411,0.259280,0.082426,0.291883
2010.03.02.japan.unemployment.ft,E20,E22,0,0.981908,0.000240,0.003692,0.014160
2010.03.02.japan.unemployment.ft,E23,E24,1,0.207199,0.451927,0.086103,0.254772
2010.03.02.japan.unemployment.ft,E23,E25,1,0.055717,0.722532,0.053871,0.167881
2010.03.02.japan.unemployment.ft,E24,E25,1,0.046147,0.747413,0.046991,0.159450
2010.03.02.japan.unemployment.ft,E28,E29,0,0.713423,0.030363,0.058284,0.197930
2010.03.02.japan.unemployment.ft,E31,E32,0,0.692689,0.045547,0.057488,0.204276
2010.03.02.japan.unemployment.ft,E3,E5,1,0.092805,0.646373,0.058028,0.202794
2010.03.02.japan.unemployment.ft,E4,E5,0,0.626525,0.103331,0.061305,0.208839
2010.03.02.japan.unemployment.ft,E5,E6,0,0.460272,0.188434,0.088150,0.263143
2010.03.02.japan.unemployment.ft,E5,E7,0,0.696602,0.064594,0.054607,0.184196
2010.03.02.japan.unemployment.ft,E6,E8,0,0.668705,0.046890,0.070170,0.214234
2010.03.02.japan.unemployment.ft,E6,E9,0,0.987825,0.000155,0.002703,0.009317
2010.03.02.japan.unemployment.ft,E7,E8,0,0.835239,0.012310,0.034690,0.117760
2010.03.02.japan.unemployment.ft,E7,E9,0,0.985683,0.000194,0.003117,0.011006
2010.03.02.japan.unemployment.ft,E8,E10,0,0.553499,0.099215,0.081510,0.265776
2010.03.02.japan.unemployment.ft,E8,E11,1,0.206891,0.388931,0.094445,0.309732
2010.03.02.japan.unemployment.ft,E9,E10,1,0.005569,0.890270,0.024672,0.079488
2010.03.02.japan.unemployment.ft,E9,E11,1,0.001227,0.953121,0.010787,0.034865
2010.03.02.japan.unemployment.ft,E10,E12,0,0.862757,0.009110,0.030421,0.097712
2010.03.02.japan.unemployment.ft,E10,E13,0,0.972710,0.000446,0.005624,0.021221
2010.03.02.japan.unemployment.ft,E10,E14,0,0.981196,0.000249,0.003817,0.014738
2010.03.02.japan.unemployment.ft,E11,E12,0,0.879188,0.009614,0.027465,0.083734
2010.03.02.japan.unemployment.ft,E11,E13,0,0.976537,0.000349,0.004728,0.018387
2010.03.02.japan.unemployment.ft,E11,E14,0,0.980957,0.000251,0.003804,0.014988
2010.03.02.japan.unemployment.ft,E12,E15,0,0.701514,0.042416,0.056615,0.199454
2010.03.02.japan.unemployment.ft,E13,E15,0,0.478808,0.138790,0.081422,0.300980
2010.03.02.japan.unemployment.ft,E14,E15,0,0.490481,0.144330,0.075350,0.289838
2010.03.02.japan.unemployment.ft,E15,E16,1,0.196311,0.443541,0.079241,0.280907
2010.03.02.japan.unemployment.ft,E15,E17,0,0.929501,0.003495,0.013622,0.053382
2010.03.02.japan.unemployment.ft,E15,E18,0,0.960455,0.001017,0.007959,0.030569
2010.03.02.japan.unemployment.ft,E15,E19,0,0.845149,0.017195,0.029096,0.108559
2010.03.02.japan.unemployment.ft,E16,E22,0,0.995567,0.000023,0.000819,0.003590
2010.03.02.japan.unemployment.ft,E17,E22,0,0.987738,0.000146,0.002393,0.009723
2010.03.02.japan.unemployment.ft,E18,E22,0,0.984674,0.000192,0.003047,0.012088
2010.03.02.japan.unemployment.ft,E19,E22,0,0.989731,0.000117,0.002186,0.007966
2010.03.02.japan.unemployment.ft,E20,E23,1,0.039849,0.716191,0.061991,0.181969
2010.03.02.japan.unemployment.ft,E20,E25,1,0.104684,0.579000,0.080546,0.235770
2010.03.02.japan.unemployment.ft,E22,E23,1,0.001529,0.953828,0.010199,0.034445
2010.03.02.japan.unemployment.ft,E22,E24,1,0.000310,0.980519,0.004316,0.014854
2010.03.02.japan.unemployment.ft,E22,E25,1,0.000133,0.988169,0.002571,0.009126
2010.03.02.japan.unemployment.ft,E23,E28,0,0.993667,0.000049,0.001308,0.004976
2010.03.02.japan.unemployment.ft,E23,E29,0,0.979190,0.000349,0.004761,0.015700
2010.03.02.japan.unemployment.ft,E24,E28,0,0.990249,0.000098,0.002050,0.007603
2010.03.02.japan.unemployment.ft,E24,E29,0,0.988919,0.000096,0.002128,0.008857
2010.03.02.japan.unemployment.ft,E25,E28,0,0.995070,0.000031,0.000975,0.003923
2010.03.02.japan.unemployment.ft,E25,E29,0,0.994643,0.000034,0.001059,0.004264
2010.03.02.japan.unemployment.ft,E28,E30,0,0.808145,0.016074,0.038548,0.137233
2010.03.02.japan.unemployment.ft,E29,E30,0,0.757592,0.023240,0.057088,0.162080
2010.03.02.japan.unemployment.ft,E30,E31,1,0.052975,0.668403,0.061155,0.217468
2010.03.02.japan.unemployment.ft,E30,E32,1,0.057522,0.629767,0.074047,0.238663
2010.01.18.uk.israel.livni,E1,E3,0,0.933150,0.002957,0.012906,0.050987
2010.01.18.uk.israel.livni,E1,E4,1,0.000452,0.974813,0.005621,0.019114
2010.01.18.uk.israel.livni,E3,E4,1,0.000123,0.987279,0.002789,0.009809
2010.01.18.uk.israel.livni,E5,E6,0,0.431700,0.156107,0.082316,0.329877
2010.01.18.uk.israel.livni,E9,E10,0,0.624630,0.101086,0.052034,0.222250
2010.01.18.uk.israel.livni,E12,E15,0,0.901465,0.006234,0.020511,0.071790
2010.01.18.uk.israel.livni,E13,E15,0,0.890427,0.007302,0.022724,0.079548
2010.01.18.uk.israel.livni,E16,E17,0,0.893550,0.007998,0.024201,0.074251
2010.01.18.uk.israel.livni,E19,E20,1,0.043308,0.692100,0.060774,0.203819
2010.01.18.uk.israel.livni,E19,E22,0,0.424991,0.178014,0.093752,0.303243
2010.01.18.uk.israel.livni,E19,E23,1,0.019180,0.765331,0.051281,0.164208
2010.01.18.uk.israel.livni,E20,E22,0,0.920931,0.003745,0.018284,0.057040
2010.01.18.uk.israel.livni,E20,E23,0,0.389641,0.171355,0.106057,0.332947
2010.01.18.uk.israel.livni,E22,E23,1,0.048363,0.649050,0.071016,0.231571
2010.01.18.uk.israel.livni,E27,E28,0,0.673314,0.059822,0.060847,0.206017
2010.01.18.uk.israel.livni,E27,E30,0,0.996524,0.000017,0.000668,0.002791
2010.01.18.uk.israel.livni,E28,E30,0,0.993552,0.000046,0.001295,0.005107
2010.01.18.uk.israel.livni,E33,E34,1,0.000203,0.983338,0.003705,0.012755
2010.01.18.uk.israel.livni,E33,E36,1,0.000704,0.967393,0.007732,0.024170
2010.01.18.uk.israel.livni,E33,E37,1,0.000487,0.974632,0.006062,0.018819
2010.01.18.uk.israel.livni,E34,E36,0,0.373159,0.247168,0.090568,0.289105
2010.01.18.uk.israel.livni,E34,E37,1,0.206956,0.444219,0.086259,0.262566
2010.01.18.uk.israel.livni,E36,E37,1,0.218852,0.410371,0.096773,0.274003
2010.01.18.uk.israel.livni,E38,E39,1,0.000251,0.981229,0.004201,0.014319
2010.01.18.uk.israel.livni,E48,E49,0,0.972149,0.000678,0.006646,0.020527
2010.01.18.uk.israel.livni,E51,E52,1,0.030040,0.727673,0.054346,0.187942
2010.01.18.uk.israel.livni,E51,E53,0,0.702988,0.043277,0.052275,0.201459
2010.01.18.uk.israel.livni,E55,E56,0,0.893163,0.004975,0.023408,0.078454
2010.01.18.uk.israel.livni,E57,E58,0,0.976308,0.000551,0.005169,0.017971
2010.01.18.uk.israel.livni,E1,E5,0,0.976116,0.000371,0.004648,0.018865
2010.01.18.uk.israel.livni,E1,E6,0,0.937981,0.002296,0.011285,0.048438
2010.01.18.uk.israel.livni,E3,E5,0,0.909700,0.004456,0.019614,0.066230
2010.01.18.uk.israel.livni,E3,E6,0,0.750436,0.033596,0.047282,0.168686
2010.01.18.uk.israel.livni,E4,E5,0,0.997377,0.000010,0.000489,0.002124
2010.01.18.uk.israel.livni,E4,E6,0,0.995672,0.000024,0.000835,0.003469
2010.01.18.uk.israel.livni,E8,E9,0,0.950882,0.001570,0.009209,0.038339
2010.01.18.uk.israel.livni,E8,E10,0,0.935924,0.003154,0.011663,0.049260
2010.01.18.uk.israel.livni,E9,E12,0,0.956454,0.001364,0.008920,0.033263
2010.01.18.uk.israel.livni,E9,E13,0,0.970071,0.000629,0.006189,0.023110
2010.01.18.uk.israel.livni,E9,E15,0,0.991039,0.000079,0.001781,0.007100
2010.01.18.uk.israel.livni,E10,E12,0,0.917999,0.005224,0.016016,0.060761
2010.01.18.uk.israel.livni,E10,E13,0,0.945123,0.001829,0.010044,0.043004
2010.01.18.uk.israel.livni,E10,E15,0,0.984804,0.000219,0.002993,0.011983
2010.01.18.uk.israel.livni,E12,E16,1,0.000078,0.990455,0.002035,0.007432
2010.01.18.uk.israel.livni,E12,E17,1,0.000168,0.985787,0.003202,0.010843
2010.01.18.uk.israel.livni,E13,E16,1,0.000070,0.990922,0.001919,0.007088
2010.01.18.uk.israel.livni,E13,E17,1,0.000131,0.987784,0.002712,0.009373
2010.01.18.uk.israel.livni,E15,E16,1,0.000027,0.994741,0.001049,0.004184
2010.01.18.uk.israel.livni,E15,E17,1,0.000050,0.992853,0.001494,0.005602
2010.01.18.uk.israel.livni,E16,E18,0,0.871800,0.009503,0.030333,0.088363
2010.01.18.uk.israel.livni,E17,E18,1,0.218925,0.423400,0.087742,0.269933
2010.01.18.uk.israel.livni,E18,E19,0,0.991051,0.000060,0.001604,0.007286
2010.01.18.uk.israel.livni,E18,E20,0,0.937311,0.002266,0.012873,0.047551
2010.01.18.uk.israel.livni,E18,E22,0,0.985536,0.000177,0.003066,0.011222
2010.01.18.uk.israel.livni,E18,E23,0,0.842520,0.010543,0.032458,0.114478
2010.01.18.uk.israel.livni,E19,E27,1,0.001296,0.949211,0.011560,0.037934
2010.01.18.uk.israel.livni,E19,E28,1,0.089159,0.514696,0.090662,0.305482
2010.01.18.uk.israel.livni,E19,E30,0,0.894375,0.006285,0.021917,0.077423
2010.01.18.uk.israel.livni,E20,E27,1,0.061653,0.637894,0.071317,0.229136
2010.01.18.uk.israel.livni,E20,E28,0,0.708330,0.034400,0.060234,0.197036
2010.01.18.uk.israel.livni,E20,E30,0,0.987442,0.000144,0.002687,0.009727
2010.01.18.uk.israel.livni,E22,E27,1,0.003833,0.910213,0.019925,0.066029
2010.01.18.uk.israel.livni,E22,E28,3,0.237375,0.307614,0.102982,0.352030
2010.01.18.uk.israel.livni,E22,E30,0,0.958586,0.000951,0.008087,0.032375
2010.01.18.uk.israel.livni,E23,E27,1,0.036480,0.682284,0.068042,0.213194
2010.01.18.uk.israel.livni,E23,E28,0,0.582918,0.059170,0.085565,0.272347
2010.01.18.uk.israel.livni,E23,E30,0,0.977739,0.000345,0.004869,0.017048
2010.01.18.uk.israel.livni,E31,E33,0,0.664109,0.050313,0.069197,0.216381
2010.01.18.uk.israel.livni,E31,E34,1,0.000096,0.988437,0.002454,0.009013
2010.01.18.uk.israel.livni,E31,E36,1,0.000471,0.972153,0.006485,0.020891
2010.01.18.uk.israel.livni,E31,E37,1,0.000132,0.987264,0.002851,0.009753
2010.01.18.uk.israel.livni,E33,E38,0,0.856752,0.009666,0.027071,0.106510
2010.01.18.uk.israel.livni,E33,E39,1,0.001587,0.947891,0.011975,0.038547
2010.01.18.uk.israel.livni,E34,E38,0,0.995135,0.000028,0.000935,0.003902
2010.01.18.uk.israel.livni,E34,E39,0,0.491078,0.161663,0.079151,0.268108
2010.01.18.uk.israel.livni,E36,E39,0,0.352292,0.248879,0.096844,0.301985
2010.01.18.uk.israel.livni,E37,E38,0,0.993151,0.000044,0.001279,0.005526
2010.01.18.uk.israel.livni,E37,E39,0,0.462385,0.172398,0.091085,0.274132
2010.01.18.uk.israel.livni,E42,E48,1,0.001929,0.942746,0.014013,0.041312
2010.01.18.uk.israel.livni,E51,E54,1,0.000021,0.995494,0.000896,0.003589
2010.01.18.uk.israel.livni,E52,E54,1,0.000155,0.985668,0.003164,0.011012
2010.01.18.uk.israel.livni,E53,E54,1,0.000018,0.995905,0.000807,0.003271
2010.01.18.uk.israel.livni,E54,E55,0,0.951096,0.001324,0.010841,0.036740
2010.01.18.uk.israel.livni,E54,E56,0,0.994871,0.000028,0.000930,0.004172
