WSJ_20130322_159,E5,E6,1,0.006461,0.915625,0.021606,0.056308
WSJ_20130322_159,E5,E10,1,0.038695,0.722681,0.059181,0.179443
WSJ_20130322_159,E5,E11,0,0.439953,0.171077,0.092650,0.296319
WSJ_20130322_159,E6,E10,1,0.214596,0.374711,0.093658,0.317035
WSJ_20130322_159,E6,E11,0,0.768148,0.026974,0.045380,0.159498
WSJ_20130322_159,E10,E11,0,0.609993,0.062872,0.068984,0.258151
WSJ_20130322_159,E12,E14,3,0.189368,0.321563,0.092425,0.396644
WSJ_20130322_159,E18,E19,0,0.794618,0.015533,0.040271,0.149577
WSJ_20130322_159,E20,E22,1,0.000049,0.991410,0.001847,0.006694
WSJ_20130322_159,E29,E31,0,0.946506,0.001132,0.009778,0.042584
WSJ_20130322_159,E29,E34,1,0.016861,0.809947,0.039032,0.134160
WSJ_20130322_159,E29,E37,0,0.874345,0.007517,0.025721,0.092417
WSJ_20130322_159,E31,E34,1,0.000687,0.958160,0.008987,0.032167
WSJ_20130322_159,E31,E37,0,0.385509,0.171071,0.092998,0.350422
WSJ_20130322_159,E34,E37,0,0.993594,0.000032,0.001374,0.005000
WSJ_20130322_159,E38,E39,1,0.000786,0.959277,0.009370,0.030567
WSJ_20130322_159,E38,E40,3,0.205499,0.321002,0.101211,0.372288
WSJ_20130322_159,E39,E40,0,0.505692,0.105030,0.085245,0.304033
WSJ_20130322_159,E42,E44,1,0.000267,0.975899,0.005192,0.018643
WSJ_20130322_159,E46,E47,1,0.005722,0.878179,0.025381,0.090718
WSJ_20130322_159,E46,E49,3,0.342263,0.210555,0.092563,0.354620
WSJ_20130322_159,E47,E49,0,0.794016,0.020646,0.037968,0.147370
WSJ_20130322_159,E1,E5,1,0.107748,0.553616,0.073098,0.265538
WSJ_20130322_159,E1,E6,1,0.000627,0.968180,0.007466,0.023728
WSJ_20130322_159,E1,E10,1,0.008031,0.858594,0.030824,0.102552
WSJ_20130322_159,E1,E11,3,0.265308,0.291048,0.093147,0.350497
WSJ_20130322_159,E5,E12,0,0.987562,0.000099,0.002680,0.009660
WSJ_20130322_159,E5,E14,0,0.781963,0.018954,0.040319,0.158764
WSJ_20130322_159,E6,E12,0,0.992880,0.000037,0.001507,0.005577
WSJ_20130322_159,E6,E14,0,0.963985,0.000607,0.007273,0.028135
WSJ_20130322_159,E10,E12,0,0.985196,0.000086,0.002692,0.012026
WSJ_20130322_159,E10,E14,0,0.912121,0.002421,0.016554,0.068903
WSJ_20130322_159,E11,E12,0,0.975337,0.000261,0.005018,0.019384
WSJ_20130322_159,E11,E14,0,0.820481,0.009984,0.032798,0.136738
WSJ_20130322_159,E12,E18,0,0.859620,0.005493,0.022337,0.112550
WSJ_20130322_159,E12,E19,0,0.497779,0.103357,0.085141,0.313723
WSJ_20130322_159,E14,E18,0,0.972514,0.000235,0.004381,0.022870
WSJ_20130322_159,E14,E19,0,0.913231,0.002866,0.016605,0.067299
WSJ_20130322_159,E18,E20,1,0.019248,0.720869,0.049165,0.210718
WSJ_20130322_159,E18,E22,1,0.000005,0.997215,0.000501,0.002278
WSJ_20130322_159,E19,E20,1,0.000880,0.941423,0.010664,0.047033
WSJ_20130322_159,E19,E22,1,0.000001,0.998754,0.000205,0.001039
WSJ_20130322_159,E20,E26,0,0.468043,0.169435,0.082390,0.280132
WSJ_20130322_159,E22,E26,0,0.979240,0.000395,0.004784,0.015582
WSJ_20130322_159,E26,E29,0,0.993619,0.000026,0.001228,0.005128
WSJ_20130322_159,E26,E31,0,0.998752,0.000001,0.000205,0.001042
WSJ_20130322_159,E26,E34,0,0.845985,0.012314,0.032689,0.109012
WSJ_20130322_159,E26,E37,0,0.994711,0.000021,0.001096,0.004171
WSJ_20130322_159,E29,E38,1,0.111666,0.512924,0.083555,0.291855
WSJ_20130322_159,E29,E39,1,0.000242,0.980318,0.004475,0.014965
WSJ_20130322_159,E29,E40,1,0.005242,0.867646,0.025992,0.101119
WSJ_20130322_159,E31,E38,1,0.003519,0.895032,0.021823,0.079626
WSJ_20130322_159,E31,E39,1,0.000041,0.991981,0.001623,0.006354
WSJ_20130322_159,E31,E40,1,0.000352,0.967263,0.006397,0.025988
WSJ_20130322_159,E34,E38,0,0.880155,0.005737,0.022988,0.091120
WSJ_20130322_159,E34,E39,1,0.085139,0.634520,0.064893,0.215448
WSJ_20130322_159,E34,E40,0,0.472361,0.126982,0.083668,0.316989
WSJ_20130322_159,E37,E38,1,0.006226,0.840531,0.028717,0.124525
WSJ_20130322_159,E37,E39,1,0.000071,0.988210,0.002305,0.009415
WSJ_20130322_159,E37,E40,1,0.000612,0.952211,0.008994,0.038183
WSJ_20130322_159,E38,E42,0,0.902007,0.002704,0.017618,0.077670
WSJ_20130322_159,E38,E44,1,0.016687,0.789643,0.041968,0.151702
WSJ_20130322_159,E39,E42,0,0.983135,0.000129,0.003288,0.013448
WSJ_20130322_159,E39,E44,3,0.299044,0.290744,0.095616,0.314595
WSJ_20130322_159,E40,E42,0,0.967242,0.000417,0.006731,0.025610
WSJ_20130322_159,E40,E44,1,0.140167,0.441165,0.091554,0.327114
WSJ_20130322_159,E42,E46,0,0.839031,0.006106,0.026556,0.128307
WSJ_20130322_159,E42,E47,3,0.341992,0.209395,0.085887,0.362725
WSJ_20130322_159,E42,E49,0,0.718409,0.028365,0.045562,0.207664
WSJ_20130322_159,E44,E46,0,0.991401,0.000037,0.001600,0.006962
WSJ_20130322_159,E44,E47,0,0.951103,0.000928,0.008702,0.039266
WSJ_20130322_159,E44,E49,0,0.986418,0.000094,0.002634,0.010854
WSJ_20130322_159,E46,E55,0,0.834548,0.011956,0.031246,0.122250
WSJ_20130322_159,E47,E55,0,0.987040,0.000133,0.002789,0.010037
WSJ_20130322_159,E49,E55,0,0.880577,0.009758,0.022889,0.086776
nyt_20130322_strange_computer,E8,E11,0,0.996118,0.000012,0.000769,0.003101
nyt_20130322_strange_computer,E14,E16,1,0.000563,0.968457,0.007836,0.023145
nyt_20130322_strange_computer,E19,E22,3,0.306063,0.225039,0.102791,0.366107
nyt_20130322_strange_computer,E19,E23,1,0.036944,0.704986,0.060470,0.197600
nyt_20130322_strange_computer,E22,E23,1,0.179393,0.428174,0.095573,0.296860
nyt_20130322_strange_computer,E6,E8,1,0.088057,0.625491,0.073395,0.213058
nyt_20130322_strange_computer,E6,E11,0,0.993354,0.000028,0.001324,0.005293
nyt_20130322_strange_computer,E8,E14,0,0.996655,0.000011,0.000715,0.002619
nyt_20130322_strange_computer,E8,E16,0,0.673093,0.062545,0.068415,0.195947
nyt_20130322_strange_computer,E11,E14,0,0.825420,0.014291,0.039098,0.121192
nyt_20130322_strange_computer,E11,E16,1,0.000734,0.962841,0.009242,0.027183
nyt_20130322_strange_computer,E14,E19,0,0.687571,0.045989,0.063133,0.203306
nyt_20130322_strange_computer,E14,E22,0,0.592217,0.068789,0.081777,0.257216
nyt_20130322_strange_computer,E14,E23,1,0.029235,0.733736,0.059501,0.177527
nyt_20130322_strange_computer,E16,E19,0,0.983872,0.000165,0.003639,0.012324
nyt_20130322_strange_computer,E16,E22,0,0.967145,0.000551,0.007421,0.024884
nyt_20130322_strange_computer,E16,E23,0,0.864092,0.011209,0.030197,0.094502
nyt_20130322_strange_computer,E19,E24,0,0.720073,0.036333,0.056529,0.187066
nyt_20130322_strange_computer,E22,E24,0,0.832468,0.015391,0.036677,0.115464
nyt_20130322_strange_computer,E23,E24,0,0.829448,0.016319,0.036687,0.117546
CNN_20130321_821,E4,E5,0,0.354100,0.231766,0.118515,0.295618
CNN_20130321_821,E5,E8,0,0.894585,0.004523,0.020819,0.080073
CNN_20130321_821,E8,E1000,0,0.852493,0.006244,0.028974,0.112288
CNN_20130321_821,E1002,E20,0,0.856562,0.005554,0.031518,0.106366
nyt_20130321_cyprus,E2,E5,1,0.046474,0.686274,0.068337,0.198915
nyt_20130321_cyprus,E7,E2009,1,0.029941,0.695783,0.056555,0.217722
nyt_20130321_cyprus,E13,E15,0,0.497329,0.078137,0.085486,0.339048
nyt_20130321_cyprus,E22,E23,1,0.036747,0.643495,0.059272,0.260486
nyt_20130321_cyprus,E22,E24,1,0.000035,0.992319,0.001507,0.006139
nyt_20130321_cyprus,E23,E24,1,0.000974,0.952086,0.010398,0.036541
nyt_20130321_cyprus,E33,E35,0,0.535665,0.108516,0.087101,0.268718
nyt_20130321_cyprus,E41,E42,1,0.008783,0.845636,0.032599,0.112983
nyt_20130321_cyprus,E46,E47,0,0.966883,0.000821,0.007066,0.025230
nyt_20130321_cyprus,E48,E51,0,0.988693,0.000085,0.002529,0.008693
nyt_20130321_cyprus,E2,E7,0,0.957889,0.000778,0.009645,0.031687
nyt_20130321_cyprus,E2,E2009,0,0.795202,0.014613,0.043171,0.147014
nyt_20130321_cyprus,E5,E7,0,0.990309,0.000064,0.002160,0.007467
nyt_20130321_cyprus,E5,E2009,0,0.964055,0.000549,0.007878,0.027518
nyt_20130321_cyprus,E7,E9,1,0.000224,0.978045,0.004637,0.017094
nyt_20130321_cyprus,E2009,E9,1,0.008105,0.865860,0.031224,0.094811
nyt_20130321_cyprus,E10,E13,0,0.960945,0.000723,0.009001,0.029330
nyt_20130321_cyprus,E10,E15,0,0.983509,0.000122,0.003306,0.013063
nyt_20130321_cyprus,E13,E21,0,0.780891,0.017883,0.044982,0.156244
nyt_20130321_cyprus,E15,E21,0,0.778827,0.018046,0.044256,0.158870
nyt_20130321_cyprus,E21,E22,0,0.894301,0.003456,0.019254,0.082989
nyt_20130321_cyprus,E21,E23,3,0.253830,0.244302,0.094941,0.406927
nyt_20130321_cyprus,E21,E24,1,0.000122,0.984815,0.003173,0.011890
nyt_20130321_cyprus,E22,E25,1,0.000158,0.981686,0.003795,0.014360
nyt_20130321_cyprus,E23,E25,1,0.009764,0.842975,0.033453,0.113807
nyt_20130321_cyprus,E24,E25,0,0.856532,0.011567,0.031939,0.099962
nyt_20130321_cyprus,E33,E36,0,0.472126,0.108654,0.095902,0.323317
nyt_20130321_cyprus,E35,E36,3,0.174998,0.305445,0.097507,0.422050
nyt_20130321_cyprus,E36,E41,0,0.969545,0.000379,0.006130,0.023947
nyt_20130321_cyprus,E36,E42,1,0.055403,0.654226,0.065275,0.225097
nyt_20130321_cyprus,E46,E48,3,0.263421,0.306038,0.099544,0.330997
nyt_20130321_cyprus,E46,E51,0,0.990805,0.000068,0.002125,0.007002
nyt_20130321_cyprus,E47,E48,1,0.005481,0.885782,0.024622,0.084115
nyt_20130321_cyprus,E47,E51,0,0.859826,0.009073,0.027312,0.103789
nyt_20130321_cyprus,E48,E57,1,0.003352,0.907160,0.020510,0.068978
nyt_20130321_cyprus,E51,E57,1,0.000035,0.991428,0.001569,0.006968
bbc_20130322_1353,E1,E5,1,0.000051,0.990916,0.001855,0.007177
bbc_20130322_1353,E8,E10,1,0.000095,0.987841,0.002633,0.009431
bbc_20130322_1353,E15,E16,1,0.001903,0.925967,0.015308,0.056822
bbc_20130322_1353,E19,E20,1,0.000356,0.985556,0.004447,0.009641
bbc_20130322_1353,E19,E21,1,0.089882,0.693581,0.065010,0.151527
bbc_20130322_1353,E20,E21,0,0.683914,0.089714,0.059132,0.167240
bbc_20130322_1353,E23,E25,1,0.003870,0.919816,0.020003,0.056311
bbc_20130322_1353,E23,E26,1,0.001001,0.963541,0.009305,0.026153
bbc_20130322_1353,E23,E27,1,0.000133,0.987203,0.003110,0.009554
bbc_20130322_1353,E25,E26,1,0.001912,0.954569,0.011075,0.032443
bbc_20130322_1353,E25,E27,1,0.000069,0.991640,0.002024,0.006267
bbc_20130322_1353,E26,E27,1,0.000835,0.968898,0.008150,0.022116
bbc_20130322_1353,E28,E29,1,0.000080,0.990254,0.002282,0.007384
bbc_20130322_1353,E28,E31,1,0.000105,0.989337,0.002589,0.007968
bbc_20130322_1353,E29,E31,1,0.323008,0.356076,0.082171,0.238744
bbc_20130322_1353,E33,E34,0,0.794570,0.018655,0.039920,0.146855
bbc_20130322_1353,E35,E36,0,0.885326,0.008870,0.025085,0.080719
bbc_20130322_1353,E35,E37,1,0.019437,0.824446,0.040833,0.115284
bbc_20130322_1353,E36,E37,1,0.001033,0.950406,0.010449,0.038113
bbc_20130322_1353,E1,E8,0,0.770460,0.018635,0.042483,0.168422
bbc_20130322_1353,E1,E10,1,0.000059,0.991296,0.001926,0.006719
bbc_20130322_1353,E5,E8,0,0.997894,0.000004,0.000391,0.001712
bbc_20130322_1353,E5,E10,0,0.532083,0.162266,0.074563,0.231088
bbc_20130322_1353,E8,E11,0,0.384973,0.153465,0.085616,0.375947
bbc_20130322_1353,E10,E11,0,0.993321,0.000039,0.001519,0.005120
bbc_20130322_1353,E11,E13,3,0.170739,0.364489,0.089425,0.375347
bbc_20130322_1353,E13,E15,0,0.946299,0.001538,0.011992,0.040172
bbc_20130322_1353,E13,E16,0,0.587389,0.086293,0.078222,0.248096
bbc_20130322_1353,E15,E17,1,0.014620,0.771888,0.040858,0.172634
bbc_20130322_1353,E16,E17,3,0.285018,0.217173,0.095378,0.402431
bbc_20130322_1353,E17,E19,1,0.001108,0.964114,0.009136,0.025641
bbc_20130322_1353,E17,E20,1,0.000009,0.997180,0.000615,0.002195
bbc_20130322_1353,E17,E21,1,0.000112,0.987472,0.002922,0.009494
bbc_20130322_1353,E19,E23,0,0.974106,0.000641,0.006734,0.018519
bbc_20130322_1353,E19,E25,0,0.941062,0.003867,0.014563,0.040508
bbc_20130322_1353,E19,E26,0,0.739259,0.068309,0.055550,0.136882
bbc_20130322_1353,E19,E27,1,0.007002,0.914849,0.021584,0.056565
bbc_20130322_1353,E20,E23,0,0.996831,0.000012,0.000726,0.002431
bbc_20130322_1353,E20,E25,0,0.994885,0.000032,0.001249,0.003834
bbc_20130322_1353,E20,E26,0,0.965712,0.001455,0.008352,0.024480
bbc_20130322_1353,E20,E27,0,0.421346,0.261963,0.082828,0.233863
bbc_20130322_1353,E21,E23,0,0.987980,0.000151,0.003115,0.008754
bbc_20130322_1353,E21,E25,0,0.961993,0.001418,0.008775,0.027813
bbc_20130322_1353,E21,E26,0,0.741489,0.063625,0.051586,0.143299
bbc_20130322_1353,E21,E27,1,0.019306,0.861692,0.032905,0.086097
bbc_20130322_1353,E23,E28,0,0.754171,0.040401,0.052586,0.152842
bbc_20130322_1353,E23,E29,1,0.012761,0.867583,0.030478,0.089177
bbc_20130322_1353,E23,E31,1,0.024451,0.821916,0.038819,0.114814
bbc_20130322_1353,E25,E28,0,0.878541,0.013113,0.026889,0.081457
bbc_20130322_1353,E25,E29,1,0.030285,0.819316,0.038156,0.112244
bbc_20130322_1353,E25,E31,1,0.234771,0.461349,0.073948,0.229931
bbc_20130322_1353,E26,E28,0,0.975520,0.000624,0.006194,0.017662
bbc_20130322_1353,E26,E29,0,0.356628,0.316888,0.085085,0.241400
bbc_20130322_1353,E26,E31,0,0.738990,0.066246,0.049682,0.145083
bbc_20130322_1353,E27,E28,0,0.996949,0.000014,0.000747,0.002290
bbc_20130322_1353,E27,E29,0,0.937394,0.005114,0.015457,0.042034
bbc_20130322_1353,E27,E31,0,0.981425,0.000564,0.004672,0.013339
bbc_20130322_1353,E28,E33,1,0.010291,0.858197,0.029711,0.101801
bbc_20130322_1353,E28,E34,0,0.505394,0.110740,0.076668,0.307197
bbc_20130322_1353,E29,E33,0,0.933667,0.003013,0.014694,0.048627
bbc_20130322_1353,E29,E34,0,0.994380,0.000021,0.001091,0.004508
bbc_20130322_1353,E31,E33,0,0.908700,0.007433,0.020178,0.063689
bbc_20130322_1353,E31,E34,0,0.992592,0.000040,0.001524,0.005845
bbc_20130322_1353,E33,E35,0,0.994412,0.000017,0.001011,0.004560
bbc_20130322_1353,E33,E36,0,0.993088,0.000028,0.001328,0.005556
bbc_20130322_1353,E33,E37,0,0.912102,0.004556,0.020278,0.063064
bbc_20130322_1353,E34,E35,0,0.992682,0.000030,0.001372,0.005916
bbc_20130322_1353,E34,E36,0,0.996192,0.000010,0.000707,0.003091
bbc_20130322_1353,E34,E37,0,0.555075,0.103286,0.072306,0.269334
nyt_20130321_women_senate,E1000009,E2,1,0.298536,0.364203,0.082890,0.254371
nyt_20130321_women_senate,E4,E5,1,0.011225,0.881873,0.028626,0.078276
nyt_20130321_women_senate,E4,E6,0,0.351342,0.317999,0.081872,0.248788
nyt_20130321_women_senate,E5,E6,0,0.897488,0.011532,0.023324,0.067657
nyt_20130321_women_senate,E9,E10,0,0.991756,0.000048,0.001781,0.006414
nyt_20130321_women_senate,E11,E12,0,0.942307,0.004366,0.014647,0.038680
nyt_20130321_women_senate,E14,E15,1,0.018166,0.821436,0.040263,0.120134
nyt_20130321_women_senate,E16,E17,1,0.022454,0.760383,0.043834,0.173329
nyt_20130321_women_senate,E19,E20,1,0.000061,0.990712,0.002067,0.007161
nyt_20130321_women_senate,E19,E21,1,0.004925,0.891710,0.024759,0.078605
nyt_20130321_women_senate,E20,E21,0,0.823714,0.013808,0.037353,0.125124
nyt_20130321_women_senate,E23,E24,0,0.864499,0.008937,0.030051,0.096512
nyt_20130321_women_senate,E26,E27,0,0.954107,0.001937,0.014494,0.029462
nyt_20130321_women_senate,E26,E1000014,0,0.865706,0.011215,0.033029,0.090050
nyt_20130321_women_senate,E27,E1000014,1,0.036190,0.753930,0.065349,0.144531
nyt_20130321_women_senate,E37,E1000015,1,0.104937,0.472875,0.102762,0.319427
nyt_20130321_women_senate,E40,E41,0,0.824971,0.014971,0.033782,0.126276
nyt_20130321_women_senate,E40,E42,3,0.280340,0.313270,0.091060,0.315330
nyt_20130321_women_senate,E41,E42,1,0.050681,0.680398,0.060209,0.208712
nyt_20130321_women_senate,E43,E47,0,0.994643,0.000017,0.000991,0.004349
nyt_20130321_women_senate,E43,E48,0,0.995442,0.000013,0.000851,0.003694
nyt_20130321_women_senate,E47,E48,0,0.749425,0.019676,0.048708,0.182191
nyt_20130321_women_senate,E49,E50,0,0.938079,0.002912,0.015456,0.043553
nyt_20130321_women_senate,E49,E53,1,0.002983,0.942073,0.015591,0.039353
nyt_20130321_women_senate,E50,E53,1,0.000106,0.987774,0.002857,0.009263
nyt_20130321_women_senate,E1000009,E4,0,0.379531,0.277572,0.088860,0.254037
nyt_20130321_women_senate,E1000009,E5,1,0.000794,0.969482,0.008025,0.021699
nyt_20130321_women_senate,E1000009,E6,1,0.135640,0.620497,0.067519,0.176344
nyt_20130321_women_senate,E2,E4,0,0.869344,0.012887,0.028815,0.088954
nyt_20130321_women_senate,E2,E5,1,0.025404,0.812668,0.041556,0.120372
nyt_20130321_women_senate,E2,E6,0,0.568658,0.141245,0.068905,0.221193
nyt_20130321_women_senate,E4,E7,0,0.959905,0.001688,0.009968,0.028438
nyt_20130321_women_senate,E5,E7,0,0.992413,0.000072,0.001965,0.005550
nyt_20130321_women_senate,E6,E7,0,0.969124,0.001251,0.007815,0.021810
nyt_20130321_women_senate,E7,E8,1,0.000107,0.987076,0.002855,0.009962
nyt_20130321_women_senate,E8,E9,0,0.981673,0.000283,0.004014,0.014031
nyt_20130321_women_senate,E8,E10,0,0.999216,0.000001,0.000147,0.000636
nyt_20130321_women_senate,E11,E1000012,0,0.976955,0.000463,0.005594,0.016988
nyt_20130321_women_senate,E12,E1000012,1,0.269485,0.371594,0.087561,0.271360
nyt_20130321_women_senate,E14,E16,0,0.971923,0.000429,0.005960,0.021689
nyt_20130321_women_senate,E14,E17,0,0.933026,0.002256,0.014004,0.050715
nyt_20130321_women_senate,E15,E16,0,0.984773,0.000130,0.003194,0.011903
nyt_20130321_women_senate,E15,E17,0,0.964710,0.000625,0.007374,0.027291
nyt_20130321_women_senate,E16,E19,1,0.006213,0.887669,0.023893,0.082225
nyt_20130321_women_senate,E16,E20,1,0.000013,0.995739,0.000827,0.003422
nyt_20130321_women_senate,E16,E21,1,0.000450,0.965969,0.007242,0.026338
nyt_20130321_women_senate,E17,E19,1,0.180482,0.440457,0.086012,0.293049
nyt_20130321_women_senate,E17,E20,1,0.000064,0.990090,0.002161,0.007685
nyt_20130321_women_senate,E17,E21,1,0.009526,0.848434,0.031325,0.110715
nyt_20130321_women_senate,E19,E22,1,0.039768,0.726088,0.053588,0.180556
nyt_20130321_women_senate,E20,E22,0,0.940083,0.001976,0.012750,0.045191
nyt_20130321_women_senate,E21,E22,0,0.556377,0.093912,0.074665,0.275046
nyt_20130321_women_senate,E22,E23,0,0.841462,0.009936,0.028926,0.119675
nyt_20130321_women_senate,E22,E24,0,0.991738,0.000044,0.001711,0.006506
nyt_20130321_women_senate,E23,E25,0,0.896800,0.003783,0.020251,0.079166
nyt_20130321_women_senate,E24,E25,3,0.369229,0.159473,0.090394,0.380904
nyt_20130321_women_senate,E25,E26,1,0.000165,0.985453,0.003600,0.010782
nyt_20130321_women_senate,E25,E27,1,0.038718,0.755024,0.061797,0.144462
nyt_20130321_women_senate,E25,E1000014,1,0.003903,0.902360,0.022546,0.071192
nyt_20130321_women_senate,E26,E29,0,0.692994,0.041916,0.069740,0.195350
nyt_20130321_women_senate,E27,E29,1,0.087137,0.586278,0.101008,0.225577
nyt_20130321_women_senate,E1000014,E29,1,0.194300,0.378924,0.110139,0.316637
nyt_20130321_women_senate,E29,E36,0,0.988843,0.000069,0.002363,0.008725
nyt_20130321_women_senate,E36,E37,0,0.834801,0.007659,0.029942,0.127597
nyt_20130321_women_senate,E36,E1000015,0,0.373969,0.161330,0.107828,0.356874
nyt_20130321_women_senate,E37,E40,1,0.000166,0.981148,0.003933,0.014753
nyt_20130321_women_senate,E37,E41,1,0.004263,0.887189,0.023516,0.085032
nyt_20130321_women_senate,E37,E42,1,0.000127,0.984096,0.003325,0.012452
nyt_20130321_women_senate,E1000015,E40,1,0.001755,0.936396,0.015884,0.045964
nyt_20130321_women_senate,E1000015,E41,1,0.095544,0.534760,0.090414,0.279283
nyt_20130321_women_senate,E1000015,E42,1,0.001863,0.935151,0.016411,0.046575
nyt_20130321_women_senate,E40,E43,1,0.182862,0.405064,0.089900,0.322174
nyt_20130321_women_senate,E40,E47,0,0.979336,0.000185,0.004080,0.016400
nyt_20130321_women_senate,E40,E48,0,0.982875,0.000139,0.003542,0.013444
nyt_20130321_women_senate,E41,E43,1,0.028368,0.739307,0.050671,0.181653
nyt_20130321_women_senate,E41,E47,0,0.935943,0.001466,0.012426,0.050164
nyt_20130321_women_senate,E41,E48,0,0.956784,0.000685,0.009061,0.033469
nyt_20130321_women_senate,E42,E43,1,0.174075,0.436060,0.088009,0.301856
nyt_20130321_women_senate,E42,E47,0,0.980946,0.000173,0.003888,0.014993
nyt_20130321_women_senate,E42,E48,0,0.983890,0.000134,0.003422,0.012553
nyt_20130321_women_senate,E43,E49,0,0.950659,0.001386,0.010951,0.037005
nyt_20130321_women_senate,E43,E50,0,0.994674,0.000019,0.001031,0.004276
nyt_20130321_women_senate,E43,E53,1,0.213938,0.416353,0.086399,0.283310
nyt_20130321_women_senate,E47,E49,1,0.012336,0.832205,0.035360,0.120099
nyt_20130321_women_senate,E47,E50,0,0.567155,0.080074,0.071757,0.281015
nyt_20130321_women_senate,E47,E53,1,0.000067,0.989771,0.002229,0.007933
nyt_20130321_women_senate,E48,E49,1,0.010367,0.834116,0.036428,0.119088
nyt_20130321_women_senate,E48,E50,0,0.521324,0.088938,0.081642,0.308096
nyt_20130321_women_senate,E48,E53,1,0.000094,0.987367,0.002775,0.009764
bbc_20130322_1150,E1,E2,0,0.920883,0.008448,0.019735,0.050935
bbc_20130322_1150,E6,E7,1,0.029201,0.698351,0.060051,0.212398
bbc_20130322_1150,E8,E10,1,0.010319,0.882630,0.030929,0.076121
bbc_20130322_1150,E8,E11,0,0.408921,0.235185,0.098043,0.257850
bbc_20130322_1150,E10,E11,0,0.676165,0.085710,0.067125,0.171001
bbc_20130322_1150,E14,E15,1,0.029972,0.757480,0.048436,0.164111
bbc_20130322_1150,E14,E17,1,0.286698,0.317942,0.088480,0.306880
bbc_20130322_1150,E15,E17,0,0.690739,0.051048,0.057031,0.201182
bbc_20130322_1150,E19,E20,0,0.441878,0.211403,0.099453,0.247267
bbc_20130322_1150,E19,E21,0,0.739000,0.040222,0.054165,0.166613
bbc_20130322_1150,E20,E21,0,0.687529,0.080108,0.063603,0.168760
bbc_20130322_1150,E23,E24,0,0.754802,0.020499,0.049606,0.175093
bbc_20130322_1150,E29,E30,0,0.993483,0.000050,0.001771,0.004696
bbc_20130322_1150,E53,E35,0,0.997692,0.000005,0.000449,0.001854
bbc_20130322_1150,E39,E40,0,0.988289,0.000100,0.002751,0.008860
bbc_20130322_1150,E41,E42,1,0.000232,0.980817,0.004617,0.014334
bbc_20130322_1150,E41,E43,1,0.033931,0.749253,0.059164,0.157652
bbc_20130322_1150,E42,E43,0,0.983094,0.000198,0.004054,0.012654
bbc_20130322_1150,E1,E3,0,0.993387,0.000052,0.001592,0.004969
bbc_20130322_1150,E2,E3,0,0.867832,0.017879,0.027695,0.086593
bbc_20130322_1150,E3,E4,1,0.000139,0.988597,0.003083,0.008180
bbc_20130322_1150,E4,E6,0,0.999563,0.000000,0.000071,0.000365
bbc_20130322_1150,E4,E7,0,0.994065,0.000026,0.001227,0.004682
bbc_20130322_1150,E6,E8,1,0.000141,0.984955,0.003468,0.011436
bbc_20130322_1150,E6,E10,1,0.000073,0.990009,0.002278,0.007640
bbc_20130322_1150,E6,E11,1,0.000461,0.971559,0.007012,0.020968
bbc_20130322_1150,E7,E8,1,0.006426,0.893306,0.026332,0.073936
bbc_20130322_1150,E7,E10,1,0.001388,0.954675,0.011990,0.031946
bbc_20130322_1150,E7,E11,1,0.073308,0.658809,0.071788,0.196095
bbc_20130322_1150,E8,E12,0,0.908842,0.004438,0.021143,0.065577
bbc_20130322_1150,E10,E12,0,0.975868,0.000459,0.005988,0.017685
bbc_20130322_1150,E11,E12,0,0.702326,0.064705,0.062323,0.170646
bbc_20130322_1150,E12,E14,0,0.986235,0.000161,0.003511,0.010094
bbc_20130322_1150,E12,E15,0,0.917473,0.003179,0.018516,0.060832
bbc_20130322_1150,E12,E17,0,0.984680,0.000148,0.003466,0.011706
bbc_20130322_1150,E18,E19,0,0.778867,0.020359,0.056602,0.144172
bbc_20130322_1150,E18,E20,0,0.945297,0.002298,0.016457,0.035948
bbc_20130322_1150,E18,E21,0,0.988013,0.000101,0.002994,0.008892
bbc_20130322_1150,E19,E23,0,0.855355,0.009040,0.030273,0.105332
bbc_20130322_1150,E19,E24,0,0.537847,0.099968,0.084373,0.277812
bbc_20130322_1150,E20,E23,0,0.755179,0.035807,0.051192,0.157822
bbc_20130322_1150,E20,E24,1,0.238000,0.372514,0.098976,0.290511
bbc_20130322_1150,E21,E23,0,0.647083,0.065474,0.064047,0.223396
bbc_20130322_1150,E21,E24,1,0.228009,0.365822,0.094632,0.311538
bbc_20130322_1150,E28,E29,1,0.000015,0.996419,0.000894,0.002672
bbc_20130322_1150,E28,E30,1,0.018667,0.807507,0.037888,0.135938
bbc_20130322_1150,E29,E34,0,0.999295,0.000001,0.000148,0.000556
bbc_20130322_1150,E30,E34,0,0.981485,0.000236,0.004210,0.014070
bbc_20130322_1150,E34,E53,1,0.000194,0.982153,0.004019,0.013633
bbc_20130322_1150,E34,E35,0,0.914617,0.004186,0.016804,0.064392
bbc_20130322_1150,E53,E36,0,0.989043,0.000098,0.002614,0.008245
bbc_20130322_1150,E35,E36,1,0.009725,0.866579,0.030134,0.093562
bbc_20130322_1150,E36,E39,1,0.000645,0.960375,0.008736,0.030244
bbc_20130322_1150,E36,E40,3,0.297207,0.238581,0.098562,0.365650
bbc_20130322_1150,E39,E41,0,0.998047,0.000004,0.000376,0.001574
bbc_20130322_1150,E39,E42,1,0.125289,0.522918,0.097250,0.254543
bbc_20130322_1150,E39,E43,0,0.942960,0.002454,0.015009,0.039577
bbc_20130322_1150,E40,E41,0,0.969637,0.000544,0.006250,0.023569
bbc_20130322_1150,E40,E42,1,0.000929,0.956306,0.010353,0.032412
bbc_20130322_1150,E40,E43,0,0.309454,0.292294,0.094325,0.303927
bbc_20130322_1150,E41,E44,1,0.204124,0.428964,0.094301,0.272610
bbc_20130322_1150,E42,E44,0,0.990738,0.000079,0.002153,0.007031
bbc_20130322_1150,E43,E44,0,0.447345,0.223937,0.083285,0.245433
bbc_20130322_332,E1,E2,0,0.545876,0.080189,0.076145,0.297791
bbc_20130322_332,E1,E3,1,0.004956,0.880520,0.025425,0.089099
bbc_20130322_332,E1,E4,1,0.000006,0.997474,0.000481,0.002039
bbc_20130322_332,E2,E3,1,0.003594,0.900296,0.023817,0.072294
bbc_20130322_332,E2,E4,1,0.000004,0.997881,0.000398,0.001717
bbc_20130322_332,E3,E4,1,0.000053,0.992021,0.001838,0.006088
bbc_20130322_332,E12,E13,3,0.139028,0.332802,0.100075,0.428094
bbc_20130322_332,E17,E18,3,0.237182,0.322643,0.101905,0.338270
bbc_20130322_332,E22,E23,0,0.992080,0.000043,0.001699,0.006178
bbc_20130322_332,E27,E28,0,0.417862,0.161552,0.094865,0.325721
bbc_20130322_332,E27,E29,0,0.961360,0.000908,0.008262,0.029471
bbc_20130322_332,E28,E29,0,0.958860,0.001129,0.009075,0.030937
bbc_20130322_332,E31,E33,1,0.002287,0.931664,0.016984,0.049065
bbc_20130322_332,E31,E34,1,0.224507,0.444516,0.092669,0.238308
bbc_20130322_332,E31,E35,0,0.558301,0.116358,0.097946,0.227395
bbc_20130322_332,E33,E34,0,0.761038,0.045708,0.046330,0.146924
bbc_20130322_332,E33,E35,0,0.911127,0.006430,0.022874,0.059570
bbc_20130322_332,E34,E35,0,0.783540,0.040622,0.049368,0.126470
bbc_20130322_332,E37,E38,0,0.433247,0.107619,0.083901,0.375233
bbc_20130322_332,E37,E40,0,0.533212,0.064866,0.074955,0.326967
bbc_20130322_332,E38,E40,0,0.571862,0.064620,0.072059,0.291459
bbc_20130322_332,E1,E5,0,0.585183,0.046364,0.066241,0.302212
bbc_20130322_332,E2,E5,0,0.611210,0.048606,0.073145,0.267039
bbc_20130322_332,E3,E5,0,0.963059,0.000590,0.008126,0.028225
bbc_20130322_332,E4,E5,0,0.998067,0.000003,0.000369,0.001560
bbc_20130322_332,E5,E9,1,0.001066,0.942511,0.011887,0.044537
bbc_20130322_332,E9,E11,1,0.004745,0.885422,0.026920,0.082913
bbc_20130322_332,E11,E12,0,0.995405,0.000015,0.000925,0.003655
bbc_20130322_332,E11,E13,0,0.952707,0.000741,0.010094,0.036458
bbc_20130322_332,E12,E17,1,0.000437,0.964411,0.007217,0.027935
bbc_20130322_332,E12,E18,1,0.000690,0.955586,0.009302,0.034422
bbc_20130322_332,E13,E17,1,0.001461,0.927212,0.015435,0.055892
bbc_20130322_332,E13,E18,1,0.003014,0.896078,0.021901,0.079007
bbc_20130322_332,E17,E19,0,0.915434,0.001985,0.016772,0.065808
bbc_20130322_332,E18,E19,0,0.906789,0.002570,0.018498,0.072143
bbc_20130322_332,E19,E22,1,0.000584,0.958392,0.008823,0.032202
bbc_20130322_332,E19,E23,3,0.337953,0.167789,0.116404,0.377855
bbc_20130322_332,E22,E24,1,0.093870,0.533969,0.083079,0.289082
bbc_20130322_332,E23,E24,1,0.000305,0.971526,0.005702,0.022467
bbc_20130322_332,E27,E30,0,0.907145,0.004311,0.018694,0.069851
bbc_20130322_332,E28,E30,0,0.947757,0.001582,0.011134,0.039527
bbc_20130322_332,E29,E30,0,0.385421,0.211826,0.080358,0.322395
bbc_20130322_332,E30,E31,0,0.712389,0.032323,0.050515,0.204773
bbc_20130322_332,E30,E33,1,0.030869,0.774929,0.045504,0.148698
bbc_20130322_332,E30,E34,1,0.276487,0.392156,0.083852,0.247505
bbc_20130322_332,E30,E35,0,0.567166,0.124410,0.082170,0.226253
bbc_20130322_332,E31,E36,0,0.752610,0.037029,0.054808,0.155553
bbc_20130322_332,E33,E36,0,0.884262,0.008883,0.024187,0.082668
bbc_20130322_332,E34,E36,0,0.783703,0.043770,0.044515,0.128012
bbc_20130322_332,E35,E36,0,0.707905,0.072703,0.062836,0.156556
bbc_20130322_332,E36,E37,0,0.996094,0.000010,0.000712,0.003183
bbc_20130322_332,E36,E38,0,0.991310,0.000038,0.001638,0.007013
bbc_20130322_332,E36,E40,0,0.977163,0.000220,0.004761,0.017857
bbc_20130322_1600,E2,E5,0,0.859594,0.011888,0.029912,0.098606
bbc_20130322_1600,E6,E7,1,0.060027,0.717516,0.063045,0.159412
bbc_20130322_1600,E6,E8,0,0.976364,0.000677,0.006450,0.016508
bbc_20130322_1600,E6,E9,0,0.856333,0.024839,0.032207,0.086620
bbc_20130322_1600,E7,E8,0,0.995233,0.000032,0.001210,0.003525
bbc_20130322_1600,E7,E9,0,0.990263,0.000124,0.002372,0.007240
bbc_20130322_1600,E8,E9,1,0.066101,0.743544,0.047044,0.143311
bbc_20130322_1600,E10,E11,0,0.772207,0.036734,0.047815,0.143243
bbc_20130322_1600,E10,E12,0,0.986058,0.000188,0.003310,0.010444
bbc_20130322_1600,E11,E12,0,0.944737,0.002522,0.012114,0.040626
bbc_20130322_1600,E16,E20,1,0.050607,0.697805,0.060999,0.190589
bbc_20130322_1600,E21,E22,0,0.876620,0.009090,0.028400,0.085890
bbc_20130322_1600,E2,E6,0,0.606766,0.108345,0.072334,0.212555
bbc_20130322_1600,E2,E7,1,0.293400,0.382812,0.087613,0.236176
bbc_20130322_1600,E2,E8,0,0.986709,0.000221,0.003740,0.009331
bbc_20130322_1600,E2,E9,0,0.956123,0.002167,0.010339,0.031370
bbc_20130322_1600,E5,E6,1,0.121941,0.589371,0.071068,0.217620
bbc_20130322_1600,E5,E7,1,0.006658,0.919270,0.019648,0.054425
bbc_20130322_1600,E5,E8,0,0.935983,0.005152,0.015479,0.043386
bbc_20130322_1600,E5,E9,0,0.689551,0.089590,0.053624,0.167236
bbc_20130322_1600,E6,E10,1,0.016125,0.864310,0.034317,0.085248
bbc_20130322_1600,E6,E11,1,0.078764,0.651824,0.066922,0.202491
bbc_20130322_1600,E6,E12,0,0.749628,0.048847,0.051738,0.149787
bbc_20130322_1600,E7,E10,0,0.851204,0.020280,0.034311,0.094205
bbc_20130322_1600,E7,E11,0,0.975521,0.000641,0.006342,0.017496
bbc_20130322_1600,E7,E12,0,0.994748,0.000035,0.001305,0.003912
bbc_20130322_1600,E8,E10,1,0.000279,0.983901,0.004155,0.011664
bbc_20130322_1600,E8,E11,1,0.008418,0.900758,0.021618,0.069206
bbc_20130322_1600,E8,E12,1,0.205344,0.492610,0.070817,0.231229
bbc_20130322_1600,E9,E10,1,0.007784,0.904283,0.021649,0.066284
bbc_20130322_1600,E9,E11,1,0.151826,0.550990,0.073179,0.224005
bbc_20130322_1600,E9,E12,0,0.730523,0.056763,0.046592,0.166122
bbc_20130322_1600,E10,E13,0,0.993525,0.000048,0.001551,0.004876
bbc_20130322_1600,E11,E13,0,0.975948,0.000546,0.005720,0.017786
bbc_20130322_1600,E12,E13,0,0.884513,0.011152,0.024828,0.079507
bbc_20130322_1600,E13,E30,1,0.071269,0.608346,0.075406,0.244979
bbc_20130322_1600,E30,E14,0,0.763671,0.037946,0.050713,0.147670
bbc_20130322_1600,E14,E16,0,0.752876,0.035896,0.056591,0.154637
bbc_20130322_1600,E14,E20,1,0.109214,0.499222,0.090824,0.300740
bbc_20130322_1600,E16,E21,1,0.244591,0.339828,0.100474,0.315107
bbc_20130322_1600,E16,E22,0,0.946852,0.001576,0.011603,0.039969
bbc_20130322_1600,E20,E21,0,0.697988,0.055438,0.064319,0.182254
bbc_20130322_1600,E20,E22,0,0.980590,0.000323,0.005128,0.013959
bbc_20130322_1600,E21,E25,0,0.986190,0.000105,0.002865,0.010839
bbc_20130322_1600,E22,E25,0,0.974015,0.000337,0.005229,0.020419
WSJ_20130322_804,E1,E2002,0,0.944501,0.001156,0.011616,0.042726
WSJ_20130322_804,E11,E13,0,0.887569,0.003888,0.021050,0.087493
WSJ_20130322_804,E11,E14,1,0.098852,0.517057,0.082938,0.301152
WSJ_20130322_804,E13,E14,1,0.022218,0.759392,0.049233,0.169157
WSJ_20130322_804,E22,E23,3,0.162024,0.328359,0.115241,0.394376
WSJ_20130322_804,E25,E26,0,0.745442,0.021364,0.054847,0.178348
WSJ_20130322_804,E25,E30,0,0.982851,0.000177,0.003943,0.013029
WSJ_20130322_804,E26,E30,0,0.944731,0.000982,0.011130,0.043156
WSJ_20130322_804,E9,E11,0,0.520114,0.092379,0.080772,0.306735
WSJ_20130322_804,E9,E13,0,0.956051,0.000602,0.007906,0.035441
WSJ_20130322_804,E9,E14,0,0.425347,0.139192,0.087485,0.347976
WSJ_20130322_804,E11,E16,3,0.321963,0.201085,0.097011,0.379942
WSJ_20130322_804,E13,E16,1,0.095316,0.497854,0.086238,0.320591
WSJ_20130322_804,E14,E16,3,0.368178,0.165217,0.090063,0.376542
WSJ_20130322_804,E16,E17,0,0.991160,0.000045,0.001817,0.006977
WSJ_20130322_804,E17,E18,1,0.000079,0.988895,0.002514,0.008511
WSJ_20130322_804,E21,E22,0,0.847368,0.008996,0.032225,0.111411
WSJ_20130322_804,E21,E23,0,0.611279,0.049786,0.076464,0.262472
WSJ_20130322_804,E22,E25,3,0.284973,0.193917,0.111108,0.410002
WSJ_20130322_804,E22,E26,0,0.472397,0.085696,0.093433,0.348474
WSJ_20130322_804,E22,E30,0,0.865183,0.005131,0.026881,0.102805
WSJ_20130322_804,E23,E25,0,0.555720,0.064155,0.080778,0.299347
WSJ_20130322_804,E23,E26,0,0.650122,0.036106,0.066003,0.247769
WSJ_20130322_804,E23,E30,0,0.943402,0.001169,0.012544,0.042885
WSJ_20130322_804,E25,E33,0,0.992599,0.000032,0.001479,0.005890
WSJ_20130322_804,E26,E33,0,0.936753,0.001060,0.011781,0.050406
WSJ_20130322_804,E30,E33,0,0.544416,0.061000,0.073777,0.320807
WSJ_20130322_804,E33,E35,1,0.084076,0.517968,0.087870,0.310086
WSJ_20130318_731,E1,E2,1,0.001259,0.950281,0.012598,0.035862
WSJ_20130318_731,E1,E3,1,0.006561,0.864174,0.033055,0.096210
WSJ_20130318_731,E2,E3,0,0.442009,0.158966,0.097416,0.301609
WSJ_20130318_731,E11,E12,1,0.000280,0.978866,0.005314,0.015540
WSJ_20130318_731,E11,E13,1,0.158446,0.428963,0.105751,0.306840
WSJ_20130318_731,E12,E13,0,0.930348,0.002413,0.015012,0.052227
WSJ_20130318_731,E20,E21,0,0.995844,0.000012,0.000807,0.003337
WSJ_20130318_731,E20,E22,0,0.977537,0.000231,0.004749,0.017483
WSJ_20130318_731,E21,E22,0,0.486974,0.090065,0.087543,0.335418
WSJ_20130318_731,E9,E10,1,0.036118,0.749565,0.057125,0.157192
WSJ_20130318_731,E10,E11,0,0.998427,0.000004,0.000340,0.001229
WSJ_20130318_731,E10,E12,0,0.973752,0.000763,0.006900,0.018586
WSJ_20130318_731,E10,E13,0,0.995574,0.000019,0.000959,0.003449
WSJ_20130318_731,E11,E14,1,0.116473,0.453263,0.102566,0.327699
WSJ_20130318_731,E12,E14,0,0.842567,0.011559,0.036695,0.109179
WSJ_20130318_731,E13,E14,3,0.255261,0.286903,0.112689,0.345146
CNN_20130322_1003,E1,E2,1,0.000655,0.974019,0.007436,0.017891
CNN_20130322_1003,E1,E3,0,0.651345,0.105541,0.066622,0.176492
CNN_20130322_1003,E1,E5,0,0.984044,0.000381,0.004154,0.011421
CNN_20130322_1003,E2,E3,0,0.982437,0.000499,0.004843,0.012221
CNN_20130322_1003,E2,E5,0,0.998034,0.000007,0.000445,0.001514
CNN_20130322_1003,E3,E5,0,0.872754,0.022201,0.028634,0.076411
CNN_20130322_1003,E6,E7,1,0.003045,0.963407,0.011386,0.022163
CNN_20130322_1003,E9,E10,0,0.598343,0.191114,0.052675,0.157868
CNN_20130322_1003,E9,E11,1,0.001055,0.974855,0.006542,0.017547
CNN_20130322_1003,E9,E1000,1,0.000102,0.990940,0.002356,0.006601
CNN_20130322_1003,E10,E11,1,0.005643,0.937943,0.014508,0.041906
CNN_20130322_1003,E10,E1000,1,0.000356,0.982384,0.004439,0.012821
CNN_20130322_1003,E11,E1000,1,0.119059,0.600250,0.072145,0.208546
CNN_20130322_1003,E12,E13,1,0.102258,0.674847,0.068154,0.154742
CNN_20130322_1003,E12,E14,1,0.000151,0.989053,0.002991,0.007804
CNN_20130322_1003,E12,E15,1,0.001160,0.965080,0.009273,0.024487
CNN_20130322_1003,E13,E14,1,0.000218,0.987456,0.003447,0.008880
CNN_20130322_1003,E13,E15,1,0.003230,0.944288,0.014235,0.038246
CNN_20130322_1003,E14,E15,1,0.336631,0.364783,0.077314,0.221271
CNN_20130322_1003,E17,E19,1,0.001911,0.937250,0.016317,0.044522
CNN_20130322_1003,E17,E20,0,0.980945,0.000238,0.004714,0.014103
CNN_20130322_1003,E19,E20,0,0.995719,0.000019,0.000978,0.003284
CNN_20130322_1003,E23,E27,0,0.447731,0.205686,0.086475,0.260109
CNN_20130322_1003,E30,E31,1,0.004441,0.911534,0.023282,0.060744
CNN_20130322_1003,E30,E32,1,0.000018,0.995687,0.000948,0.003347
CNN_20130322_1003,E30,E33,1,0.000031,0.994739,0.001244,0.003986
CNN_20130322_1003,E31,E32,1,0.000052,0.992981,0.001712,0.005255
CNN_20130322_1003,E31,E33,1,0.000021,0.995896,0.000971,0.003113
CNN_20130322_1003,E32,E33,1,0.029180,0.826726,0.038737,0.105356
CNN_20130322_1003,E34,E36,1,0.000247,0.983433,0.004480,0.011840
CNN_20130322_1003,E40,E41,1,0.000197,0.986381,0.003804,0.009617
CNN_20130322_1003,E40,E42,1,0.000088,0.991598,0.002460,0.005854
CNN_20130322_1003,E41,E42,1,0.002818,0.954354,0.013678,0.029150
CNN_20130322_1003,E43,E44,0,0.901831,0.008314,0.022657,0.067198
CNN_20130322_1003,E45,E47,1,0.192619,0.418934,0.094693,0.293754
CNN_20130322_1003,E55,E57,0,0.994981,0.000025,0.001127,0.003868
CNN_20130322_1003,E1,E6,0,0.704693,0.097038,0.055219,0.143050
CNN_20130322_1003,E1,E7,1,0.025154,0.862675,0.035915,0.076256
CNN_20130322_1003,E2,E6,0,0.988405,0.000292,0.003210,0.008093
CNN_20130322_1003,E2,E7,0,0.788848,0.063543,0.048756,0.098853
CNN_20130322_1003,E3,E6,1,0.176761,0.580983,0.071306,0.170951
CNN_20130322_1003,E3,E7,1,0.001494,0.970521,0.009082,0.018903
CNN_20130322_1003,E5,E6,1,0.002089,0.962075,0.009847,0.025989
CNN_20130322_1003,E5,E7,1,0.000036,0.995275,0.001366,0.003323
CNN_20130322_1003,E6,E9,0,0.998917,0.000003,0.000260,0.000820
CNN_20130322_1003,E6,E10,0,0.998746,0.000004,0.000283,0.000967
CNN_20130322_1003,E6,E11,0,0.945320,0.005081,0.012879,0.036720
CNN_20130322_1003,E6,E1000,0,0.738614,0.071047,0.050003,0.140336
CNN_20130322_1003,E7,E9,0,0.999466,0.000001,0.000132,0.000401
CNN_20130322_1003,E7,E10,0,0.999531,0.000001,0.000117,0.000351
CNN_20130322_1003,E7,E11,0,0.986347,0.000436,0.004035,0.009182
CNN_20130322_1003,E7,E1000,0,0.922767,0.009284,0.021271,0.046678
CNN_20130322_1003,E9,E12,1,0.010464,0.916833,0.019491,0.053213
CNN_20130322_1003,E9,E13,1,0.001437,0.969113,0.008177,0.021272
CNN_20130322_1003,E9,E14,1,0.000010,0.997764,0.000557,0.001669
CNN_20130322_1003,E9,E15,1,0.000053,0.993985,0.001556,0.004407
CNN_20130322_1003,E10,E12,1,0.047966,0.800839,0.038302,0.112893
CNN_20130322_1003,E10,E13,1,0.007682,0.930177,0.017968,0.044174
CNN_20130322_1003,E10,E14,1,0.000018,0.997282,0.000752,0.001948
CNN_20130322_1003,E10,E15,1,0.000148,0.990557,0.002650,0.006646
CNN_20130322_1003,E11,E12,0,0.891296,0.013030,0.024029,0.071645
CNN_20130322_1003,E11,E13,0,0.716002,0.080464,0.058364,0.145170
CNN_20130322_1003,E11,E14,1,0.007764,0.919705,0.019696,0.052834
CNN_20130322_1003,E11,E15,1,0.114243,0.624375,0.067250,0.194131
CNN_20130322_1003,E1000,E12,0,0.980815,0.000519,0.004861,0.013805
CNN_20130322_1003,E1000,E13,0,0.948860,0.003809,0.014131,0.033200
CNN_20130322_1003,E1000,E14,1,0.148589,0.613314,0.067991,0.170106
CNN_20130322_1003,E1000,E15,0,0.630795,0.121061,0.067227,0.180918
CNN_20130322_1003,E12,E17,1,0.008230,0.894047,0.026589,0.071135
CNN_20130322_1003,E12,E19,1,0.000233,0.983277,0.004348,0.012141
CNN_20130322_1003,E12,E20,0,0.836440,0.021680,0.038057,0.103823
CNN_20130322_1003,E13,E17,1,0.055642,0.729191,0.057643,0.157524
CNN_20130322_1003,E13,E19,1,0.000909,0.968267,0.008539,0.022286
CNN_20130322_1003,E13,E20,0,0.937397,0.003437,0.015404,0.043762
CNN_20130322_1003,E14,E17,0,0.714344,0.067408,0.054922,0.163326
CNN_20130322_1003,E14,E19,1,0.087484,0.677208,0.061436,0.173872
CNN_20130322_1003,E14,E20,0,0.994077,0.000042,0.001445,0.004436
CNN_20130322_1003,E15,E17,0,0.507528,0.163261,0.080524,0.248688
CNN_20130322_1003,E15,E19,1,0.030127,0.797750,0.043717,0.128406
CNN_20130322_1003,E15,E20,0,0.988997,0.000109,0.002630,0.008264
CNN_20130322_1003,E17,E21,0,0.932575,0.003636,0.016322,0.047467
CNN_20130322_1003,E19,E21,0,0.993689,0.000055,0.001626,0.004630
CNN_20130322_1003,E20,E21,1,0.073966,0.674721,0.062275,0.189038
CNN_20130322_1003,E21,E23,0,0.547816,0.164187,0.076958,0.211039
CNN_20130322_1003,E21,E27,0,0.924469,0.004776,0.019172,0.051583
CNN_20130322_1003,E30,E34,0,0.867633,0.009244,0.029164,0.093960
CNN_20130322_1003,E30,E36,1,0.002325,0.944716,0.014391,0.038568
CNN_20130322_1003,E31,E34,0,0.941975,0.002095,0.012569,0.043361
CNN_20130322_1003,E31,E36,1,0.057948,0.751392,0.049878,0.140782
CNN_20130322_1003,E32,E34,0,0.997943,0.000006,0.000452,0.001599
CNN_20130322_1003,E32,E36,0,0.965139,0.001489,0.008642,0.024730
CNN_20130322_1003,E33,E34,0,0.997768,0.000007,0.000500,0.001725
CNN_20130322_1003,E33,E36,0,0.934745,0.006249,0.015303,0.043703
CNN_20130322_1003,E34,E38,1,0.139326,0.462258,0.087081,0.311336
CNN_20130322_1003,E36,E38,0,0.923528,0.003963,0.017271,0.055238
CNN_20130322_1003,E38,E40,0,0.769305,0.034495,0.047736,0.148463
CNN_20130322_1003,E38,E41,1,0.004058,0.939980,0.016682,0.039280
CNN_20130322_1003,E38,E42,1,0.000454,0.980202,0.006246,0.013098
CNN_20130322_1003,E40,E43,0,0.702526,0.054518,0.057390,0.185565
CNN_20130322_1003,E40,E44,0,0.949696,0.002568,0.012415,0.035322
CNN_20130322_1003,E41,E43,0,0.970500,0.000817,0.006699,0.021984
CNN_20130322_1003,E41,E44,0,0.995745,0.000026,0.001051,0.003178
CNN_20130322_1003,E42,E43,0,0.990689,0.000111,0.002597,0.006602
CNN_20130322_1003,E42,E44,0,0.997750,0.000009,0.000587,0.001654
CNN_20130322_1003,E43,E45,3,0.341544,0.204948,0.099538,0.353970
CNN_20130322_1003,E43,E47,0,0.330406,0.287836,0.093112,0.288646
CNN_20130322_1003,E44,E45,1,0.006993,0.868527,0.027578,0.096902
CNN_20130322_1003,E44,E47,1,0.003010,0.922771,0.016248,0.057972
CNN_20130322_1003,E45,E48,0,0.491697,0.115712,0.092831,0.299759
CNN_20130322_1003,E47,E48,0,0.584234,0.092643,0.070621,0.252502
CNN_20130322_1003,E48,E50,0,0.932018,0.001760,0.014534,0.051687
CNN_20130322_1003,E50,E51,1,0.004144,0.895081,0.021773,0.079002
CNN_20130322_1003,E51,E52,0,0.761505,0.022836,0.044648,0.171011
CNN_20130322_1003,E52,E53,0,0.993715,0.000023,0.001206,0.005056
CNN_20130322_1003,E53,E55,1,0.116899,0.434829,0.100685,0.347587
