WSJ_20130322_159,E5,E6,1,0.054671,0.659629,0.062844,0.222857
WSJ_20130322_159,E5,E10,0,0.853606,0.010298,0.031139,0.104956
WSJ_20130322_159,E5,E11,0,0.986101,0.000123,0.003206,0.010570
WSJ_20130322_159,E6,E10,0,0.953785,0.000867,0.009439,0.035908
WSJ_20130322_159,E6,E11,0,0.994473,0.000022,0.001193,0.004312
WSJ_20130322_159,E10,E11,0,0.779357,0.013336,0.039819,0.167489
WSJ_20130322_159,E12,E14,3,0.383557,0.093563,0.086235,0.436646
WSJ_20130322_159,E18,E19,3,0.351818,0.165603,0.092819,0.389760
WSJ_20130322_159,E20,E22,1,0.000045,0.990742,0.001851,0.007362
WSJ_20130322_159,E29,E31,0,0.937135,0.001057,0.010208,0.051599
WSJ_20130322_159,E29,E34,3,0.335123,0.140564,0.079965,0.444348
WSJ_20130322_159,E29,E37,0,0.968481,0.000348,0.005553,0.025618
WSJ_20130322_159,E31,E34,1,0.037790,0.568026,0.060341,0.333844
WSJ_20130322_159,E31,E37,0,0.815447,0.008794,0.030948,0.144811
WSJ_20130322_159,E34,E37,0,0.987762,0.000071,0.002363,0.009804
WSJ_20130322_159,E38,E39,1,0.011261,0.842948,0.032409,0.113381
WSJ_20130322_159,E38,E40,1,0.021210,0.690651,0.054976,0.233163
WSJ_20130322_159,E39,E40,1,0.036112,0.650467,0.057549,0.255872
WSJ_20130322_159,E42,E44,1,0.000174,0.975924,0.004342,0.019560
WSJ_20130322_159,E46,E47,1,0.003399,0.892164,0.021215,0.083223
WSJ_20130322_159,E46,E49,0,0.785330,0.012408,0.038669,0.163592
WSJ_20130322_159,E47,E49,0,0.975848,0.000199,0.004169,0.019785
WSJ_20130322_159,E1,E5,1,0.005776,0.883864,0.023135,0.087225
WSJ_20130322_159,E1,E6,1,0.018651,0.736100,0.046565,0.198684
WSJ_20130322_159,E1,E10,0,0.517271,0.086870,0.080509,0.315350
WSJ_20130322_159,E1,E11,0,0.915913,0.002636,0.016793,0.064657
WSJ_20130322_159,E5,E12,0,0.997521,0.000006,0.000542,0.001931
WSJ_20130322_159,E5,E14,0,0.970745,0.000387,0.006179,0.022689
WSJ_20130322_159,E6,E12,0,0.997754,0.000004,0.000458,0.001783
WSJ_20130322_159,E6,E14,0,0.981960,0.000140,0.003590,0.014310
WSJ_20130322_159,E10,E12,0,0.889412,0.003134,0.019814,0.087639
WSJ_20130322_159,E10,E14,3,0.405200,0.083739,0.084514,0.426547
WSJ_20130322_159,E11,E12,0,0.650112,0.027268,0.056176,0.266444
WSJ_20130322_159,E11,E14,3,0.121863,0.295304,0.092216,0.490617
WSJ_20130322_159,E12,E18,0,0.947828,0.000711,0.008547,0.042914
WSJ_20130322_159,E12,E19,0,0.697528,0.023967,0.048750,0.229755
WSJ_20130322_159,E14,E18,0,0.982135,0.000097,0.002935,0.014833
WSJ_20130322_159,E14,E19,0,0.787145,0.008852,0.033686,0.170318
WSJ_20130322_159,E18,E20,1,0.003363,0.872430,0.022815,0.101392
WSJ_20130322_159,E18,E22,1,0.000006,0.997046,0.000512,0.002437
WSJ_20130322_159,E19,E20,1,0.005349,0.830161,0.028959,0.135531
WSJ_20130322_159,E19,E22,1,0.000005,0.997007,0.000485,0.002503
WSJ_20130322_159,E20,E26,3,0.336385,0.218654,0.094194,0.350766
WSJ_20130322_159,E22,E26,0,0.987485,0.000211,0.003557,0.008747
WSJ_20130322_159,E26,E29,0,0.853252,0.006065,0.027566,0.113117
WSJ_20130322_159,E26,E31,0,0.993071,0.000027,0.001405,0.005497
WSJ_20130322_159,E26,E34,0,0.842440,0.006320,0.028362,0.122878
WSJ_20130322_159,E26,E37,0,0.990448,0.000053,0.002082,0.007416
WSJ_20130322_159,E29,E38,0,0.841657,0.006525,0.027088,0.124730
WSJ_20130322_159,E29,E39,1,0.053810,0.641097,0.058005,0.247088
WSJ_20130322_159,E29,E40,1,0.031475,0.618835,0.056930,0.292759
WSJ_20130322_159,E31,E38,3,0.322768,0.150208,0.093321,0.433704
WSJ_20130322_159,E31,E39,1,0.001774,0.923628,0.014199,0.060400
WSJ_20130322_159,E31,E40,1,0.001332,0.911852,0.014725,0.072091
WSJ_20130322_159,E34,E38,0,0.927819,0.001453,0.013118,0.057610
WSJ_20130322_159,E34,E39,3,0.248196,0.287583,0.089586,0.374635
WSJ_20130322_159,E34,E40,3,0.129565,0.322746,0.090387,0.457303
WSJ_20130322_159,E37,E38,3,0.110871,0.362324,0.090812,0.435993
WSJ_20130322_159,E37,E39,1,0.000362,0.964770,0.006637,0.028231
WSJ_20130322_159,E37,E40,1,0.000373,0.953604,0.007745,0.038279
WSJ_20130322_159,E38,E42,0,0.975445,0.000224,0.004793,0.019538
WSJ_20130322_159,E38,E44,1,0.048796,0.599015,0.067311,0.284879
WSJ_20130322_159,E39,E42,0,0.978151,0.000201,0.004223,0.017424
WSJ_20130322_159,E39,E44,1,0.122911,0.444637,0.080295,0.352156
WSJ_20130322_159,E40,E42,0,0.992600,0.000026,0.001388,0.005987
WSJ_20130322_159,E40,E44,0,0.415467,0.092626,0.083568,0.408339
WSJ_20130322_159,E42,E46,0,0.795193,0.009980,0.035169,0.159658
WSJ_20130322_159,E42,E47,1,0.018730,0.718825,0.041656,0.220790
WSJ_20130322_159,E42,E49,0,0.757542,0.013707,0.038456,0.190294
WSJ_20130322_159,E44,E46,0,0.982152,0.000117,0.003128,0.014603
WSJ_20130322_159,E44,E47,0,0.737565,0.017219,0.039475,0.205741
WSJ_20130322_159,E44,E49,0,0.980808,0.000130,0.003337,0.015725
WSJ_20130322_159,E46,E55,0,0.828811,0.009173,0.031643,0.130374
WSJ_20130322_159,E47,E55,0,0.987745,0.000076,0.002300,0.009880
WSJ_20130322_159,E49,E55,0,0.635488,0.048354,0.055657,0.260501
nyt_20130322_strange_computer,E8,E11,0,0.996922,0.000010,0.000741,0.002327
nyt_20130322_strange_computer,E14,E16,1,0.000262,0.975674,0.005398,0.018666
nyt_20130322_strange_computer,E19,E22,1,0.196880,0.352626,0.099105,0.351389
nyt_20130322_strange_computer,E19,E23,1,0.027306,0.750820,0.050400,0.171474
nyt_20130322_strange_computer,E22,E23,0,0.394969,0.223760,0.097980,0.283290
nyt_20130322_strange_computer,E6,E8,1,0.007834,0.881052,0.030349,0.080766
nyt_20130322_strange_computer,E6,E11,0,0.994659,0.000028,0.001344,0.003969
nyt_20130322_strange_computer,E8,E14,0,0.997256,0.000008,0.000647,0.002089
nyt_20130322_strange_computer,E8,E16,0,0.793210,0.030119,0.047909,0.128762
nyt_20130322_strange_computer,E11,E14,0,0.906432,0.004849,0.023405,0.065314
nyt_20130322_strange_computer,E11,E16,1,0.000293,0.978415,0.005263,0.016029
nyt_20130322_strange_computer,E14,E19,0,0.463620,0.096318,0.097315,0.342747
nyt_20130322_strange_computer,E14,E22,0,0.830701,0.013452,0.039705,0.116142
nyt_20130322_strange_computer,E14,E23,1,0.087496,0.532254,0.088259,0.291991
nyt_20130322_strange_computer,E16,E19,0,0.989598,0.000081,0.002582,0.007739
nyt_20130322_strange_computer,E16,E22,0,0.989605,0.000079,0.002523,0.007793
nyt_20130322_strange_computer,E16,E23,0,0.947370,0.002054,0.012542,0.038034
nyt_20130322_strange_computer,E19,E24,0,0.665637,0.059466,0.065794,0.209102
nyt_20130322_strange_computer,E22,E24,0,0.885454,0.009391,0.028242,0.076912
nyt_20130322_strange_computer,E23,E24,0,0.968769,0.000739,0.008231,0.022262
CNN_20130321_821,E4,E5,3,0.254188,0.276565,0.102177,0.367070
CNN_20130321_821,E5,E8,0,0.991376,0.000043,0.001817,0.006764
CNN_20130321_821,E8,E1000,0,0.379374,0.160629,0.097993,0.362004
CNN_20130321_821,E1002,E20,0,0.947802,0.001132,0.013316,0.037749
nyt_20130321_cyprus,E2,E5,0,0.363522,0.209521,0.104465,0.322492
nyt_20130321_cyprus,E7,E2009,3,0.137613,0.374608,0.086472,0.401307
nyt_20130321_cyprus,E13,E15,1,0.077787,0.504315,0.079697,0.338202
nyt_20130321_cyprus,E22,E23,1,0.062439,0.559405,0.061452,0.316704
nyt_20130321_cyprus,E22,E24,1,0.000005,0.997323,0.000455,0.002218
nyt_20130321_cyprus,E23,E24,1,0.000026,0.993361,0.001283,0.005330
nyt_20130321_cyprus,E33,E35,0,0.696408,0.045278,0.059711,0.198602
nyt_20130321_cyprus,E41,E42,1,0.014395,0.746400,0.045977,0.193229
nyt_20130321_cyprus,E46,E47,0,0.990349,0.000072,0.002135,0.007444
nyt_20130321_cyprus,E48,E51,0,0.987532,0.000080,0.002536,0.009851
nyt_20130321_cyprus,E2,E7,0,0.954475,0.000879,0.010406,0.034240
nyt_20130321_cyprus,E2,E2009,0,0.827688,0.008680,0.035647,0.127984
nyt_20130321_cyprus,E5,E7,0,0.945126,0.001437,0.011823,0.041614
nyt_20130321_cyprus,E5,E2009,0,0.814056,0.013601,0.036415,0.135928
nyt_20130321_cyprus,E7,E9,1,0.000167,0.978790,0.004238,0.016805
nyt_20130321_cyprus,E2009,E9,1,0.002738,0.906089,0.018496,0.072677
nyt_20130321_cyprus,E10,E13,0,0.992937,0.000043,0.001755,0.005266
nyt_20130321_cyprus,E10,E15,0,0.984472,0.000153,0.003502,0.011872
nyt_20130321_cyprus,E13,E21,0,0.479050,0.112335,0.083104,0.325511
nyt_20130321_cyprus,E15,E21,0,0.848945,0.007870,0.027857,0.115328
nyt_20130321_cyprus,E21,E22,0,0.634822,0.062243,0.059406,0.243529
nyt_20130321_cyprus,E21,E23,3,0.159714,0.378861,0.081033,0.380391
nyt_20130321_cyprus,E21,E24,1,0.000007,0.996872,0.000568,0.002553
nyt_20130321_cyprus,E22,E25,1,0.000595,0.955429,0.008042,0.035934
nyt_20130321_cyprus,E23,E25,1,0.025396,0.743383,0.043516,0.187705
nyt_20130321_cyprus,E24,E25,0,0.983043,0.000276,0.004383,0.012298
nyt_20130321_cyprus,E33,E36,0,0.444752,0.095862,0.090723,0.368663
nyt_20130321_cyprus,E35,E36,3,0.192878,0.332219,0.090284,0.384619
nyt_20130321_cyprus,E36,E41,0,0.880847,0.003869,0.021687,0.093597
nyt_20130321_cyprus,E36,E42,3,0.166117,0.319465,0.097679,0.416739
nyt_20130321_cyprus,E46,E48,1,0.054643,0.630170,0.061635,0.253551
nyt_20130321_cyprus,E46,E51,0,0.983725,0.000141,0.003372,0.012763
nyt_20130321_cyprus,E47,E48,1,0.000094,0.984521,0.003029,0.012356
nyt_20130321_cyprus,E47,E51,0,0.500882,0.113299,0.080652,0.305167
nyt_20130321_cyprus,E48,E57,1,0.000430,0.965770,0.006894,0.026906
nyt_20130321_cyprus,E51,E57,1,0.000010,0.995579,0.000770,0.003640
bbc_20130322_1353,E1,E5,1,0.000013,0.994914,0.000896,0.004177
bbc_20130322_1353,E8,E10,1,0.000029,0.991944,0.001484,0.006543
bbc_20130322_1353,E15,E16,1,0.000171,0.975876,0.004303,0.019650
bbc_20130322_1353,E19,E20,1,0.002227,0.947985,0.013586,0.036202
bbc_20130322_1353,E19,E21,1,0.026678,0.799252,0.046803,0.127267
bbc_20130322_1353,E20,E21,0,0.599921,0.129774,0.079680,0.190625
bbc_20130322_1353,E23,E25,1,0.048139,0.685795,0.062762,0.203304
bbc_20130322_1353,E23,E26,1,0.000556,0.959475,0.008524,0.031446
bbc_20130322_1353,E23,E27,1,0.000083,0.987299,0.002660,0.009958
bbc_20130322_1353,E25,E26,1,0.001004,0.955787,0.010350,0.032859
bbc_20130322_1353,E25,E27,1,0.000042,0.992760,0.001599,0.005598
bbc_20130322_1353,E26,E27,1,0.000487,0.969742,0.006777,0.022994
bbc_20130322_1353,E28,E29,1,0.000045,0.990663,0.001855,0.007437
bbc_20130322_1353,E28,E31,1,0.000169,0.981234,0.003666,0.014931
bbc_20130322_1353,E29,E31,0,0.561802,0.137041,0.066552,0.234606
bbc_20130322_1353,E33,E34,0,0.979820,0.000315,0.005704,0.014161
bbc_20130322_1353,E35,E36,0,0.922185,0.002590,0.019735,0.055490
bbc_20130322_1353,E35,E37,1,0.040897,0.670191,0.069227,0.219684
bbc_20130322_1353,E36,E37,1,0.000669,0.948085,0.009529,0.041717
bbc_20130322_1353,E1,E8,0,0.873854,0.004666,0.023164,0.098316
bbc_20130322_1353,E1,E10,1,0.000003,0.997794,0.000366,0.001837
bbc_20130322_1353,E5,E8,0,0.996214,0.000012,0.000829,0.002945
bbc_20130322_1353,E5,E10,1,0.002951,0.932867,0.015729,0.048453
bbc_20130322_1353,E8,E11,0,0.558374,0.045601,0.068001,0.328024
bbc_20130322_1353,E10,E11,0,0.996615,0.000010,0.000743,0.002632
bbc_20130322_1353,E11,E13,3,0.123767,0.379202,0.087278,0.409753
bbc_20130322_1353,E13,E15,0,0.986892,0.000098,0.002846,0.010164
bbc_20130322_1353,E13,E16,0,0.611884,0.061987,0.064975,0.261154
bbc_20130322_1353,E15,E17,1,0.000598,0.949814,0.009136,0.040451
bbc_20130322_1353,E16,E17,1,0.061388,0.519097,0.071221,0.348294
bbc_20130322_1353,E17,E19,1,0.009718,0.864628,0.027003,0.098651
bbc_20130322_1353,E17,E20,1,0.000093,0.986953,0.002790,0.010164
bbc_20130322_1353,E17,E21,1,0.003786,0.901263,0.021236,0.073715
bbc_20130322_1353,E19,E23,0,0.742860,0.037985,0.057749,0.161407
bbc_20130322_1353,E19,E25,0,0.905651,0.007551,0.023764,0.063034
bbc_20130322_1353,E19,E26,1,0.036144,0.746193,0.055753,0.161910
bbc_20130322_1353,E19,E27,1,0.001481,0.956130,0.011180,0.031209
bbc_20130322_1353,E20,E23,0,0.973846,0.000648,0.007536,0.017970
bbc_20130322_1353,E20,E25,0,0.982949,0.000389,0.005033,0.011629
bbc_20130322_1353,E20,E26,0,0.806189,0.031827,0.046397,0.115587
bbc_20130322_1353,E20,E27,1,0.104401,0.667815,0.064731,0.163052
bbc_20130322_1353,E21,E23,0,0.855608,0.017311,0.038957,0.088123
bbc_20130322_1353,E21,E25,0,0.897221,0.012092,0.028550,0.062137
bbc_20130322_1353,E21,E26,1,0.297677,0.361151,0.101722,0.239451
bbc_20130322_1353,E21,E27,1,0.006368,0.925139,0.020175,0.048317
bbc_20130322_1353,E23,E28,0,0.883690,0.005506,0.024308,0.086495
bbc_20130322_1353,E23,E29,1,0.011019,0.835391,0.033907,0.119683
bbc_20130322_1353,E23,E31,0,0.641140,0.078043,0.064865,0.215952
bbc_20130322_1353,E25,E28,0,0.690780,0.057314,0.057158,0.194749
bbc_20130322_1353,E25,E29,1,0.001912,0.945050,0.012214,0.040824
bbc_20130322_1353,E25,E31,1,0.135197,0.574261,0.067035,0.223507
bbc_20130322_1353,E26,E28,0,0.877744,0.006017,0.024333,0.091906
bbc_20130322_1353,E26,E29,1,0.021226,0.777139,0.042972,0.158663
bbc_20130322_1353,E26,E31,0,0.501093,0.146714,0.075319,0.276874
bbc_20130322_1353,E27,E28,0,0.993969,0.000033,0.001446,0.004552
bbc_20130322_1353,E27,E29,0,0.652591,0.087971,0.063011,0.196426
bbc_20130322_1353,E27,E31,0,0.968735,0.001155,0.007314,0.022797
bbc_20130322_1353,E28,E33,1,0.004480,0.898366,0.023325,0.073829
bbc_20130322_1353,E28,E34,0,0.313097,0.297993,0.097341,0.291570
bbc_20130322_1353,E29,E33,0,0.821126,0.020422,0.039201,0.119251
bbc_20130322_1353,E29,E34,0,0.986864,0.000137,0.003275,0.009724
bbc_20130322_1353,E31,E33,0,0.666166,0.092943,0.064413,0.176478
bbc_20130322_1353,E31,E34,0,0.982124,0.000416,0.004781,0.012679
bbc_20130322_1353,E33,E35,0,0.993204,0.000035,0.001601,0.005160
bbc_20130322_1353,E33,E36,0,0.997454,0.000007,0.000577,0.001962
bbc_20130322_1353,E33,E37,0,0.961335,0.000809,0.010393,0.027463
bbc_20130322_1353,E34,E35,0,0.990295,0.000072,0.002419,0.007213
bbc_20130322_1353,E34,E36,0,0.994378,0.000027,0.001336,0.004259
bbc_20130322_1353,E34,E37,0,0.642685,0.058259,0.073096,0.225960
nyt_20130321_women_senate,E1000009,E2,0,0.976924,0.000443,0.005830,0.016803
nyt_20130321_women_senate,E4,E5,1,0.000045,0.992261,0.001719,0.005975
nyt_20130321_women_senate,E4,E6,0,0.673744,0.071907,0.061134,0.193216
nyt_20130321_women_senate,E5,E6,0,0.996662,0.000011,0.000773,0.002554
nyt_20130321_women_senate,E9,E10,0,0.989627,0.000071,0.002305,0.007997
nyt_20130321_women_senate,E11,E12,0,0.837887,0.013546,0.034362,0.114205
nyt_20130321_women_senate,E14,E15,3,0.255612,0.293253,0.106993,0.344142
nyt_20130321_women_senate,E16,E17,1,0.110947,0.433875,0.088058,0.367120
nyt_20130321_women_senate,E19,E20,1,0.000049,0.991742,0.001826,0.006382
nyt_20130321_women_senate,E19,E21,1,0.013353,0.783926,0.043442,0.159280
nyt_20130321_women_senate,E20,E21,0,0.915695,0.003096,0.019143,0.062066
nyt_20130321_women_senate,E23,E24,0,0.906569,0.005563,0.023003,0.064865
nyt_20130321_women_senate,E26,E27,0,0.747690,0.048717,0.065209,0.138384
nyt_20130321_women_senate,E26,E1000014,1,0.211783,0.435700,0.112165,0.240353
nyt_20130321_women_senate,E27,E1000014,1,0.004123,0.914083,0.022140,0.059653
nyt_20130321_women_senate,E37,E1000015,0,0.613141,0.043705,0.067400,0.275753
nyt_20130321_women_senate,E40,E41,0,0.964740,0.000719,0.008012,0.026529
nyt_20130321_women_senate,E40,E42,0,0.716080,0.034485,0.054669,0.194765
nyt_20130321_women_senate,E41,E42,1,0.164285,0.401541,0.093258,0.340916
nyt_20130321_women_senate,E43,E47,0,0.994944,0.000020,0.001137,0.003900
nyt_20130321_women_senate,E43,E48,0,0.992338,0.000047,0.001921,0.005693
nyt_20130321_women_senate,E47,E48,0,0.705158,0.043288,0.061865,0.189689
nyt_20130321_women_senate,E49,E50,0,0.993746,0.000032,0.001508,0.004714
nyt_20130321_women_senate,E49,E53,1,0.010397,0.882354,0.030189,0.077060
nyt_20130321_women_senate,E50,E53,1,0.000040,0.992564,0.001615,0.005781
nyt_20130321_women_senate,E1000009,E4,0,0.732252,0.039498,0.056348,0.171902
nyt_20130321_women_senate,E1000009,E5,1,0.000068,0.989885,0.002258,0.007789
nyt_20130321_women_senate,E1000009,E6,0,0.387305,0.229003,0.086461,0.297231
nyt_20130321_women_senate,E2,E4,0,0.651005,0.059196,0.069229,0.220570
nyt_20130321_women_senate,E2,E5,1,0.000035,0.992422,0.001560,0.005983
nyt_20130321_women_senate,E2,E6,0,0.502921,0.135932,0.079490,0.281657
nyt_20130321_women_senate,E4,E7,0,0.937112,0.002741,0.016000,0.044147
nyt_20130321_women_senate,E5,E7,0,0.998362,0.000003,0.000376,0.001259
nyt_20130321_women_senate,E6,E7,0,0.952923,0.001664,0.011505,0.033908
nyt_20130321_women_senate,E7,E8,1,0.000375,0.970938,0.006593,0.022094
nyt_20130321_women_senate,E8,E9,0,0.990540,0.000076,0.002421,0.006963
nyt_20130321_women_senate,E8,E10,0,0.999394,0.000001,0.000135,0.000471
nyt_20130321_women_senate,E11,E1000012,0,0.917636,0.005236,0.019516,0.057613
nyt_20130321_women_senate,E12,E1000012,0,0.368344,0.243410,0.088177,0.300069
nyt_20130321_women_senate,E14,E16,0,0.994764,0.000025,0.001283,0.003928
nyt_20130321_women_senate,E14,E17,0,0.988320,0.000089,0.002834,0.008757
nyt_20130321_women_senate,E15,E16,0,0.996528,0.000013,0.000838,0.002621
nyt_20130321_women_senate,E15,E17,0,0.992427,0.000044,0.001830,0.005700
nyt_20130321_women_senate,E16,E19,1,0.006614,0.856002,0.028452,0.108932
nyt_20130321_women_senate,E16,E20,1,0.000006,0.997044,0.000514,0.002436
nyt_20130321_women_senate,E16,E21,1,0.000789,0.939177,0.011327,0.048708
nyt_20130321_women_senate,E17,E19,1,0.162709,0.427794,0.091211,0.318285
nyt_20130321_women_senate,E17,E20,1,0.000031,0.992933,0.001446,0.005590
nyt_20130321_women_senate,E17,E21,1,0.016755,0.740047,0.047494,0.195704
nyt_20130321_women_senate,E19,E22,0,0.482145,0.133856,0.089070,0.294928
nyt_20130321_women_senate,E20,E22,0,0.992653,0.000045,0.001799,0.005503
nyt_20130321_women_senate,E21,E22,0,0.896931,0.003510,0.021742,0.077818
nyt_20130321_women_senate,E22,E23,0,0.549425,0.086538,0.082291,0.281746
nyt_20130321_women_senate,E22,E24,0,0.985588,0.000138,0.003446,0.010829
nyt_20130321_women_senate,E23,E25,0,0.901374,0.003377,0.021878,0.073371
nyt_20130321_women_senate,E24,E25,0,0.511561,0.092269,0.080408,0.315762
nyt_20130321_women_senate,E25,E26,1,0.000169,0.983780,0.003916,0.012135
nyt_20130321_women_senate,E25,E27,1,0.001638,0.935133,0.015369,0.047860
nyt_20130321_women_senate,E25,E1000014,1,0.000402,0.970215,0.007011,0.022372
nyt_20130321_women_senate,E26,E29,0,0.929633,0.002774,0.020147,0.047446
nyt_20130321_women_senate,E27,E29,1,0.124107,0.477180,0.097518,0.301194
nyt_20130321_women_senate,E1000014,E29,0,0.485556,0.145218,0.098576,0.270649
nyt_20130321_women_senate,E29,E36,0,0.989149,0.000067,0.002396,0.008389
nyt_20130321_women_senate,E36,E37,0,0.884030,0.006509,0.024556,0.084906
nyt_20130321_women_senate,E36,E1000015,0,0.857981,0.006044,0.026173,0.109802
nyt_20130321_women_senate,E37,E40,1,0.000222,0.975817,0.004977,0.018984
nyt_20130321_women_senate,E37,E41,1,0.045408,0.606129,0.068854,0.279609
nyt_20130321_women_senate,E37,E42,1,0.001031,0.932032,0.012990,0.053947
nyt_20130321_women_senate,E1000015,E40,1,0.000631,0.949483,0.009106,0.040780
nyt_20130321_women_senate,E1000015,E41,1,0.094527,0.414166,0.084277,0.407030
nyt_20130321_women_senate,E1000015,E42,1,0.002046,0.883806,0.019156,0.094992
nyt_20130321_women_senate,E40,E43,0,0.843873,0.014655,0.033293,0.108179
nyt_20130321_women_senate,E40,E47,0,0.992259,0.000042,0.001759,0.005940
nyt_20130321_women_senate,E40,E48,0,0.989840,0.000078,0.002588,0.007494
nyt_20130321_women_senate,E41,E43,1,0.214862,0.393124,0.090885,0.301128
nyt_20130321_women_senate,E41,E47,0,0.935187,0.001860,0.013788,0.049166
nyt_20130321_women_senate,E41,E48,0,0.915201,0.003747,0.020761,0.060291
nyt_20130321_women_senate,E42,E43,0,0.510537,0.119458,0.081435,0.288570
nyt_20130321_women_senate,E42,E47,0,0.970388,0.000382,0.006185,0.023045
nyt_20130321_women_senate,E42,E48,0,0.965804,0.000583,0.008298,0.025314
nyt_20130321_women_senate,E43,E49,0,0.860447,0.011232,0.033893,0.094428
nyt_20130321_women_senate,E43,E50,0,0.996198,0.000013,0.000873,0.002916
nyt_20130321_women_senate,E43,E53,1,0.020222,0.830672,0.041595,0.107512
nyt_20130321_women_senate,E47,E49,1,0.009159,0.872529,0.028859,0.089453
nyt_20130321_women_senate,E47,E50,0,0.879207,0.006924,0.026065,0.087804
nyt_20130321_women_senate,E47,E53,1,0.000033,0.994140,0.001342,0.004486
nyt_20130321_women_senate,E48,E49,1,0.086100,0.641265,0.078472,0.194163
nyt_20130321_women_senate,E48,E50,0,0.968687,0.000606,0.008332,0.022375
nyt_20130321_women_senate,E48,E53,1,0.000185,0.986512,0.003640,0.009663
bbc_20130322_1150,E1,E2,0,0.990961,0.000162,0.002621,0.006257
bbc_20130322_1150,E6,E7,1,0.034573,0.683568,0.060353,0.221506
bbc_20130322_1150,E8,E10,1,0.121697,0.526419,0.091242,0.260642
bbc_20130322_1150,E8,E11,3,0.272707,0.282833,0.121138,0.323322
bbc_20130322_1150,E10,E11,0,0.386108,0.242552,0.098452,0.272889
bbc_20130322_1150,E14,E15,1,0.007180,0.886342,0.023225,0.083253
bbc_20130322_1150,E14,E17,3,0.300335,0.303498,0.086645,0.309522
bbc_20130322_1150,E15,E17,0,0.886243,0.007508,0.024350,0.081899
bbc_20130322_1150,E19,E20,1,0.051473,0.676872,0.065252,0.206402
bbc_20130322_1150,E19,E21,0,0.810202,0.014038,0.038620,0.137140
bbc_20130322_1150,E20,E21,0,0.849604,0.010345,0.029625,0.110426
bbc_20130322_1150,E23,E24,1,0.050441,0.584529,0.082944,0.282086
bbc_20130322_1150,E29,E30,0,0.996868,0.000010,0.000755,0.002367
bbc_20130322_1150,E53,E35,0,0.998512,0.000003,0.000344,0.001141
bbc_20130322_1150,E39,E40,0,0.973133,0.000433,0.006638,0.019796
bbc_20130322_1150,E41,E42,1,0.000244,0.983058,0.004510,0.012188
bbc_20130322_1150,E41,E43,1,0.078257,0.696557,0.074206,0.150980
bbc_20130322_1150,E42,E43,0,0.991430,0.000083,0.002488,0.005998
bbc_20130322_1150,E1,E3,0,0.996321,0.000019,0.000995,0.002665
bbc_20130322_1150,E2,E3,0,0.685718,0.097562,0.058464,0.158257
bbc_20130322_1150,E3,E4,1,0.000582,0.971802,0.007074,0.020542
bbc_20130322_1150,E4,E6,0,0.999122,0.000001,0.000190,0.000687
bbc_20130322_1150,E4,E7,0,0.991954,0.000052,0.001964,0.006031
bbc_20130322_1150,E6,E8,1,0.000889,0.951071,0.011503,0.036536
bbc_20130322_1150,E6,E10,1,0.000606,0.960143,0.008951,0.030300
bbc_20130322_1150,E6,E11,1,0.001821,0.924127,0.017298,0.056754
bbc_20130322_1150,E7,E8,1,0.114121,0.572865,0.086538,0.226475
bbc_20130322_1150,E7,E10,1,0.118125,0.583517,0.078410,0.219948
bbc_20130322_1150,E7,E11,1,0.261647,0.356298,0.101569,0.280485
bbc_20130322_1150,E8,E12,0,0.402427,0.193645,0.106394,0.297534
bbc_20130322_1150,E10,E12,0,0.500169,0.165051,0.088517,0.246263
bbc_20130322_1150,E11,E12,1,0.120475,0.552438,0.087429,0.239658
bbc_20130322_1150,E12,E14,0,0.956196,0.001083,0.010742,0.031979
bbc_20130322_1150,E12,E15,0,0.954554,0.001535,0.012665,0.031245
bbc_20130322_1150,E12,E17,0,0.985703,0.000144,0.003723,0.010429
bbc_20130322_1150,E18,E19,0,0.980071,0.000240,0.005203,0.014486
bbc_20130322_1150,E18,E20,0,0.553484,0.105146,0.085858,0.255513
bbc_20130322_1150,E18,E21,0,0.982602,0.000189,0.004262,0.012947
bbc_20130322_1150,E19,E23,0,0.916210,0.002494,0.019283,0.062012
bbc_20130322_1150,E19,E24,0,0.487408,0.098959,0.095636,0.317997
bbc_20130322_1150,E20,E23,0,0.951640,0.000942,0.010909,0.036509
bbc_20130322_1150,E20,E24,3,0.287224,0.215440,0.104256,0.393079
bbc_20130322_1150,E21,E23,0,0.718370,0.022507,0.054627,0.204496
bbc_20130322_1150,E21,E24,1,0.025293,0.673497,0.059209,0.242002
bbc_20130322_1150,E28,E29,1,0.000007,0.996598,0.000585,0.002810
bbc_20130322_1150,E28,E30,1,0.030511,0.666991,0.057692,0.244806
bbc_20130322_1150,E29,E34,0,0.999214,0.000001,0.000172,0.000613
bbc_20130322_1150,E30,E34,0,0.889366,0.006028,0.022082,0.082524
bbc_20130322_1150,E34,E53,1,0.000648,0.963075,0.007834,0.028443
bbc_20130322_1150,E34,E35,0,0.960142,0.001279,0.009048,0.029532
bbc_20130322_1150,E53,E36,0,0.992647,0.000044,0.001793,0.005516
bbc_20130322_1150,E35,E36,1,0.045720,0.695549,0.056342,0.202389
bbc_20130322_1150,E36,E39,1,0.000087,0.986625,0.002791,0.010497
bbc_20130322_1150,E36,E40,1,0.002495,0.897910,0.021793,0.077803
bbc_20130322_1150,E39,E41,0,0.997555,0.000008,0.000620,0.001816
bbc_20130322_1150,E39,E42,1,0.123054,0.560873,0.093407,0.222667
bbc_20130322_1150,E39,E43,0,0.983441,0.000209,0.004581,0.011769
bbc_20130322_1150,E40,E41,0,0.969156,0.000755,0.008010,0.022078
bbc_20130322_1150,E40,E42,1,0.000377,0.973947,0.006419,0.019257
bbc_20130322_1150,E40,E43,0,0.761732,0.032178,0.052923,0.153167
bbc_20130322_1150,E41,E44,0,0.475934,0.215493,0.097429,0.211144
bbc_20130322_1150,E42,E44,0,0.992935,0.000061,0.002026,0.004978
bbc_20130322_1150,E43,E44,0,0.449576,0.211854,0.095524,0.243046
bbc_20130322_332,E1,E2,0,0.470399,0.104193,0.079944,0.345465
bbc_20130322_332,E1,E3,3,0.139835,0.362763,0.088090,0.409312
bbc_20130322_332,E1,E4,1,0.000007,0.996699,0.000587,0.002706
bbc_20130322_332,E2,E3,1,0.090937,0.446692,0.085922,0.376449
bbc_20130322_332,E2,E4,1,0.000003,0.997714,0.000381,0.001902
bbc_20130322_332,E3,E4,1,0.000015,0.995658,0.000889,0.003438
bbc_20130322_332,E12,E13,1,0.002578,0.892759,0.019074,0.085590
bbc_20130322_332,E17,E18,1,0.131086,0.444168,0.093872,0.330875
bbc_20130322_332,E22,E23,0,0.991178,0.000050,0.001988,0.006784
bbc_20130322_332,E27,E28,1,0.194699,0.377346,0.102312,0.325644
bbc_20130322_332,E27,E29,0,0.984139,0.000191,0.004242,0.011427
bbc_20130322_332,E28,E29,0,0.963676,0.000758,0.008939,0.026627
bbc_20130322_332,E31,E33,0,0.506381,0.133699,0.102990,0.256930
bbc_20130322_332,E31,E34,1,0.026883,0.769118,0.051304,0.152695
bbc_20130322_332,E31,E35,1,0.162725,0.471267,0.101609,0.264400
bbc_20130322_332,E33,E34,0,0.376463,0.268151,0.100346,0.255041
bbc_20130322_332,E33,E35,1,0.264645,0.365980,0.106296,0.263079
bbc_20130322_332,E34,E35,0,0.528329,0.171297,0.091333,0.209041
bbc_20130322_332,E37,E38,0,0.758151,0.011992,0.040676,0.189182
bbc_20130322_332,E37,E40,3,0.404582,0.089628,0.087963,0.417828
bbc_20130322_332,E38,E40,3,0.314527,0.196284,0.095404,0.393785
bbc_20130322_332,E1,E5,0,0.583918,0.067443,0.067955,0.280684
bbc_20130322_332,E2,E5,3,0.361315,0.177624,0.092555,0.368506
bbc_20130322_332,E3,E5,0,0.887600,0.007193,0.024996,0.080212
bbc_20130322_332,E4,E5,0,0.998492,0.000003,0.000350,0.001155
bbc_20130322_332,E5,E9,1,0.000466,0.957669,0.008329,0.033536
bbc_20130322_332,E9,E11,1,0.018548,0.732356,0.064583,0.184512
bbc_20130322_332,E11,E12,0,0.994166,0.000027,0.001369,0.004438
bbc_20130322_332,E11,E13,0,0.841246,0.009283,0.038563,0.110908
bbc_20130322_332,E12,E17,1,0.000300,0.969676,0.006160,0.023864
bbc_20130322_332,E12,E18,1,0.001282,0.932667,0.013542,0.052508
bbc_20130322_332,E13,E17,1,0.017396,0.752545,0.046424,0.183635
bbc_20130322_332,E13,E18,1,0.044368,0.606994,0.069188,0.279449
bbc_20130322_332,E17,E19,0,0.824167,0.007442,0.032852,0.135540
bbc_20130322_332,E18,E19,0,0.884817,0.004036,0.024262,0.086885
bbc_20130322_332,E19,E22,1,0.000140,0.979811,0.003985,0.016064
bbc_20130322_332,E19,E23,3,0.346929,0.140186,0.094572,0.418312
bbc_20130322_332,E22,E24,1,0.008199,0.846818,0.032985,0.111999
bbc_20130322_332,E23,E24,1,0.000064,0.989145,0.002292,0.008499
bbc_20130322_332,E27,E30,0,0.998008,0.000005,0.000455,0.001533
bbc_20130322_332,E28,E30,0,0.997478,0.000007,0.000571,0.001944
bbc_20130322_332,E29,E30,0,0.988680,0.000102,0.002915,0.008304
bbc_20130322_332,E30,E31,1,0.075929,0.528613,0.085013,0.310446
bbc_20130322_332,E30,E33,1,0.032329,0.687470,0.064104,0.216097
bbc_20130322_332,E30,E34,1,0.025745,0.743687,0.053069,0.177499
bbc_20130322_332,E30,E35,1,0.017497,0.782761,0.047331,0.152411
bbc_20130322_332,E31,E36,0,0.722633,0.059549,0.075274,0.142544
bbc_20130322_332,E33,E36,1,0.268380,0.411137,0.105759,0.214724
bbc_20130322_332,E34,E36,0,0.565817,0.177885,0.089514,0.166783
bbc_20130322_332,E35,E36,0,0.631297,0.133875,0.086175,0.148654
bbc_20130322_332,E36,E37,0,0.989601,0.000080,0.002561,0.007759
bbc_20130322_332,E36,E38,0,0.993630,0.000026,0.001355,0.004990
bbc_20130322_332,E36,E40,0,0.990391,0.000060,0.002206,0.007343
bbc_20130322_1600,E2,E5,0,0.720010,0.047816,0.058971,0.173203
bbc_20130322_1600,E6,E7,1,0.000835,0.965765,0.009611,0.023789
bbc_20130322_1600,E6,E8,0,0.994073,0.000051,0.001735,0.004141
bbc_20130322_1600,E6,E9,0,0.922511,0.004771,0.022314,0.050405
bbc_20130322_1600,E7,E8,0,0.999526,0.000001,0.000111,0.000362
bbc_20130322_1600,E7,E9,0,0.997361,0.000011,0.000711,0.001917
bbc_20130322_1600,E8,E9,1,0.088177,0.666035,0.058419,0.187369
bbc_20130322_1600,E10,E11,1,0.077497,0.648064,0.076566,0.197874
bbc_20130322_1600,E10,E12,0,0.973470,0.000660,0.007628,0.018242
bbc_20130322_1600,E11,E12,0,0.896418,0.008929,0.028882,0.065770
bbc_20130322_1600,E16,E20,1,0.035251,0.704139,0.057477,0.203133
bbc_20130322_1600,E21,E22,0,0.761638,0.038483,0.046106,0.153772
bbc_20130322_1600,E2,E6,0,0.568021,0.130047,0.082934,0.218998
bbc_20130322_1600,E2,E7,1,0.002867,0.944538,0.015086,0.037509
bbc_20130322_1600,E2,E8,0,0.992422,0.000085,0.002189,0.005304
bbc_20130322_1600,E2,E9,0,0.923704,0.006637,0.019417,0.050242
bbc_20130322_1600,E5,E6,0,0.491065,0.196965,0.082513,0.229458
bbc_20130322_1600,E5,E7,1,0.003922,0.940298,0.015797,0.039982
bbc_20130322_1600,E5,E8,0,0.994982,0.000045,0.001419,0.003554
bbc_20130322_1600,E5,E9,0,0.959631,0.002376,0.010483,0.027510
bbc_20130322_1600,E6,E10,1,0.130224,0.558735,0.093775,0.217266
bbc_20130322_1600,E6,E11,1,0.189706,0.494608,0.104495,0.211191
bbc_20130322_1600,E6,E12,0,0.742647,0.050012,0.065243,0.142099
bbc_20130322_1600,E7,E10,0,0.973141,0.001087,0.007987,0.017786
bbc_20130322_1600,E7,E11,0,0.970220,0.001322,0.009253,0.019205
bbc_20130322_1600,E7,E12,0,0.994731,0.000039,0.001501,0.003730
bbc_20130322_1600,E8,E10,1,0.000380,0.979260,0.005087,0.015273
bbc_20130322_1600,E8,E11,1,0.000541,0.976179,0.006275,0.017005
bbc_20130322_1600,E8,E12,1,0.085825,0.674208,0.063995,0.175971
bbc_20130322_1600,E9,E10,1,0.019793,0.838498,0.033510,0.108200
bbc_20130322_1600,E9,E11,1,0.027371,0.815083,0.040307,0.117239
bbc_20130322_1600,E9,E12,0,0.667324,0.084983,0.062566,0.185127
bbc_20130322_1600,E10,E13,0,0.975638,0.000592,0.006724,0.017046
bbc_20130322_1600,E11,E13,0,0.900949,0.008457,0.026797,0.063797
bbc_20130322_1600,E12,E13,0,0.705691,0.065539,0.063682,0.165087
bbc_20130322_1600,E13,E30,1,0.018981,0.809573,0.042208,0.129238
bbc_20130322_1600,E30,E14,0,0.775371,0.031560,0.051767,0.141302
bbc_20130322_1600,E14,E16,0,0.524015,0.144485,0.086460,0.245040
bbc_20130322_1600,E14,E20,3,0.292330,0.263831,0.119055,0.324784
bbc_20130322_1600,E16,E21,1,0.218673,0.366546,0.096747,0.318033
bbc_20130322_1600,E16,E22,0,0.506565,0.131290,0.076637,0.285508
bbc_20130322_1600,E20,E21,0,0.847098,0.019959,0.037324,0.095619
bbc_20130322_1600,E20,E22,0,0.965619,0.001221,0.009097,0.024063
bbc_20130322_1600,E21,E25,0,0.915702,0.005705,0.018821,0.059772
bbc_20130322_1600,E22,E25,0,0.912556,0.006233,0.018058,0.063154
WSJ_20130322_804,E1,E2002,0,0.977365,0.000227,0.004653,0.017755
WSJ_20130322_804,E11,E13,0,0.963729,0.000543,0.007534,0.028194
WSJ_20130322_804,E11,E14,1,0.135620,0.451923,0.087789,0.324668
WSJ_20130322_804,E13,E14,1,0.011192,0.788274,0.037801,0.162733
WSJ_20130322_804,E22,E23,1,0.076371,0.444094,0.088731,0.390805
WSJ_20130322_804,E25,E26,0,0.299611,0.279382,0.128690,0.292318
WSJ_20130322_804,E25,E30,0,0.988591,0.000110,0.003124,0.008175
WSJ_20130322_804,E26,E30,0,0.989535,0.000075,0.002538,0.007852
WSJ_20130322_804,E9,E11,3,0.305425,0.206082,0.099218,0.389275
WSJ_20130322_804,E9,E13,0,0.972804,0.000278,0.005348,0.021570
WSJ_20130322_804,E9,E14,3,0.319416,0.197916,0.096312,0.386356
WSJ_20130322_804,E11,E16,3,0.179683,0.319720,0.100121,0.400476
WSJ_20130322_804,E13,E16,1,0.006565,0.802960,0.033967,0.156508
WSJ_20130322_804,E14,E16,3,0.146098,0.296705,0.097506,0.459690
WSJ_20130322_804,E16,E17,0,0.983053,0.000119,0.003387,0.013441
WSJ_20130322_804,E17,E18,1,0.000056,0.987787,0.002257,0.009901
WSJ_20130322_804,E21,E22,0,0.875656,0.005905,0.028655,0.089784
WSJ_20130322_804,E21,E23,0,0.847042,0.007258,0.030237,0.115463
WSJ_20130322_804,E22,E25,3,0.351141,0.147769,0.110009,0.391081
WSJ_20130322_804,E22,E26,3,0.353337,0.144081,0.109004,0.393579
WSJ_20130322_804,E22,E30,0,0.914769,0.002330,0.018351,0.064550
WSJ_20130322_804,E23,E25,0,0.816882,0.009672,0.037577,0.135868
WSJ_20130322_804,E23,E26,0,0.836752,0.007753,0.033398,0.122097
WSJ_20130322_804,E23,E30,0,0.990312,0.000055,0.002138,0.007495
WSJ_20130322_804,E25,E33,0,0.982818,0.000189,0.004525,0.012467
WSJ_20130322_804,E26,E33,0,0.989335,0.000069,0.002469,0.008128
WSJ_20130322_804,E30,E33,0,0.738434,0.016342,0.050485,0.194740
WSJ_20130322_804,E33,E35,1,0.001675,0.916623,0.018206,0.063496
WSJ_20130318_731,E1,E2,1,0.248126,0.360124,0.099353,0.292396
WSJ_20130318_731,E1,E3,3,0.309527,0.260444,0.118517,0.311512
WSJ_20130318_731,E2,E3,0,0.338513,0.264161,0.099944,0.297382
WSJ_20130318_731,E11,E12,1,0.000974,0.950545,0.011039,0.037442
WSJ_20130318_731,E11,E13,0,0.625447,0.042035,0.079712,0.252806
WSJ_20130318_731,E12,E13,0,0.932409,0.001377,0.013582,0.052632
WSJ_20130318_731,E20,E21,0,0.992689,0.000047,0.001851,0.005413
WSJ_20130318_731,E20,E22,0,0.994187,0.000027,0.001378,0.004407
WSJ_20130318_731,E21,E22,0,0.940337,0.001274,0.013521,0.044868
WSJ_20130318_731,E9,E10,1,0.000875,0.957380,0.010261,0.031484
WSJ_20130318_731,E10,E11,0,0.996579,0.000014,0.000859,0.002548
WSJ_20130318_731,E10,E12,0,0.931464,0.004279,0.016983,0.047274
WSJ_20130318_731,E10,E13,0,0.997500,0.000008,0.000611,0.001882
WSJ_20130318_731,E11,E14,1,0.095603,0.440344,0.109681,0.354373
WSJ_20130318_731,E12,E14,0,0.712249,0.020119,0.059405,0.208226
WSJ_20130318_731,E13,E14,3,0.321437,0.177876,0.128161,0.372527
CNN_20130322_1003,E1,E2,1,0.000055,0.993396,0.001685,0.004865
CNN_20130322_1003,E1,E3,1,0.298104,0.427717,0.085050,0.189129
CNN_20130322_1003,E1,E5,0,0.963991,0.001149,0.009289,0.025571
CNN_20130322_1003,E2,E3,0,0.987032,0.000374,0.004076,0.008519
CNN_20130322_1003,E2,E5,0,0.998788,0.000002,0.000292,0.000917
CNN_20130322_1003,E3,E5,0,0.878429,0.012209,0.027401,0.081961
CNN_20130322_1003,E6,E7,1,0.012186,0.926880,0.021004,0.039931
CNN_20130322_1003,E9,E10,0,0.557949,0.198611,0.065036,0.178403
CNN_20130322_1003,E9,E11,1,0.000730,0.971845,0.006746,0.020679
CNN_20130322_1003,E9,E1000,1,0.000041,0.993281,0.001515,0.005163
CNN_20130322_1003,E10,E11,1,0.003798,0.942007,0.013958,0.040237
CNN_20130322_1003,E10,E1000,1,0.000096,0.990444,0.002341,0.007119
CNN_20130322_1003,E11,E1000,1,0.031669,0.798582,0.042447,0.127302
CNN_20130322_1003,E12,E13,0,0.452041,0.229287,0.094391,0.224281
CNN_20130322_1003,E12,E14,1,0.000156,0.987146,0.003330,0.009368
CNN_20130322_1003,E12,E15,1,0.000131,0.986880,0.003192,0.009798
CNN_20130322_1003,E13,E14,1,0.000457,0.979254,0.005882,0.014406
CNN_20130322_1003,E13,E15,1,0.000286,0.980944,0.004987,0.013783
CNN_20130322_1003,E14,E15,1,0.037584,0.801721,0.046380,0.114315
CNN_20130322_1003,E17,E19,1,0.001584,0.944013,0.014978,0.039424
CNN_20130322_1003,E17,E20,0,0.931698,0.001808,0.015989,0.050506
CNN_20130322_1003,E19,E20,0,0.998027,0.000005,0.000479,0.001490
CNN_20130322_1003,E23,E27,0,0.379952,0.195191,0.094557,0.330299
CNN_20130322_1003,E30,E31,1,0.001230,0.943893,0.012761,0.042117
CNN_20130322_1003,E30,E32,1,0.000060,0.989992,0.002151,0.007797
CNN_20130322_1003,E30,E33,1,0.000052,0.991999,0.001826,0.006123
CNN_20130322_1003,E31,E32,1,0.000031,0.993334,0.001389,0.005247
CNN_20130322_1003,E31,E33,1,0.000060,0.991867,0.001914,0.006159
CNN_20130322_1003,E32,E33,1,0.292957,0.410438,0.084996,0.211609
CNN_20130322_1003,E34,E36,1,0.000033,0.994063,0.001335,0.004569
CNN_20130322_1003,E40,E41,1,0.000024,0.995384,0.001051,0.003541
CNN_20130322_1003,E40,E42,1,0.000019,0.996224,0.000881,0.002877
CNN_20130322_1003,E41,E42,1,0.003220,0.959349,0.010841,0.026589
CNN_20130322_1003,E43,E44,0,0.833723,0.016007,0.036283,0.113987
CNN_20130322_1003,E45,E47,1,0.090237,0.504713,0.095345,0.309705
CNN_20130322_1003,E55,E57,0,0.991425,0.000058,0.002118,0.006399
CNN_20130322_1003,E1,E6,0,0.400397,0.313436,0.089432,0.196735
CNN_20130322_1003,E1,E7,1,0.072246,0.757388,0.054804,0.115562
CNN_20130322_1003,E2,E6,0,0.990799,0.000161,0.002857,0.006182
CNN_20130322_1003,E2,E7,0,0.974361,0.001540,0.008242,0.015857
CNN_20130322_1003,E3,E6,1,0.206368,0.522755,0.079336,0.191541
CNN_20130322_1003,E3,E7,1,0.018953,0.884978,0.029006,0.067063
CNN_20130322_1003,E5,E6,1,0.019062,0.860772,0.034046,0.086121
CNN_20130322_1003,E5,E7,1,0.001235,0.969501,0.008488,0.020776
CNN_20130322_1003,E6,E9,0,0.995928,0.000044,0.001230,0.002797
CNN_20130322_1003,E6,E10,0,0.995252,0.000065,0.001456,0.003227
CNN_20130322_1003,E6,E11,0,0.523780,0.219897,0.080084,0.176239
CNN_20130322_1003,E6,E1000,1,0.032171,0.834636,0.040576,0.092617
CNN_20130322_1003,E7,E9,0,0.998137,0.000010,0.000538,0.001315
CNN_20130322_1003,E7,E10,0,0.997771,0.000015,0.000658,0.001555
CNN_20130322_1003,E7,E11,0,0.831245,0.041019,0.041199,0.086538
CNN_20130322_1003,E7,E1000,1,0.176010,0.585200,0.075123,0.163666
CNN_20130322_1003,E9,E12,1,0.069457,0.722452,0.057240,0.150851
CNN_20130322_1003,E9,E13,1,0.018660,0.860396,0.034604,0.086339
CNN_20130322_1003,E9,E14,1,0.000018,0.996197,0.000877,0.002908
CNN_20130322_1003,E9,E15,1,0.000016,0.996021,0.000860,0.003103
CNN_20130322_1003,E10,E12,1,0.274297,0.443141,0.081681,0.200881
CNN_20130322_1003,E10,E13,1,0.096993,0.687801,0.064752,0.150454
CNN_20130322_1003,E10,E14,1,0.000043,0.994488,0.001398,0.004071
CNN_20130322_1003,E10,E15,1,0.000035,0.994309,0.001346,0.004311
CNN_20130322_1003,E11,E12,0,0.955514,0.002437,0.012553,0.029496
CNN_20130322_1003,E11,E13,0,0.902823,0.010354,0.026960,0.059863
CNN_20130322_1003,E11,E14,1,0.007438,0.918318,0.021804,0.052441
CNN_20130322_1003,E11,E15,1,0.004192,0.928757,0.018402,0.048649
CNN_20130322_1003,E1000,E12,0,0.995964,0.000029,0.001184,0.002823
CNN_20130322_1003,E1000,E13,0,0.992215,0.000101,0.002404,0.005281
CNN_20130322_1003,E1000,E14,0,0.560643,0.206659,0.080107,0.152592
CNN_20130322_1003,E1000,E15,0,0.429371,0.286580,0.092161,0.191888
CNN_20130322_1003,E12,E17,1,0.005250,0.914852,0.022092,0.057807
CNN_20130322_1003,E12,E19,1,0.000069,0.991559,0.002053,0.006319
CNN_20130322_1003,E12,E20,0,0.684197,0.064598,0.060462,0.190743
CNN_20130322_1003,E13,E17,1,0.013773,0.868824,0.034808,0.082594
CNN_20130322_1003,E13,E19,1,0.000241,0.984220,0.004262,0.011277
CNN_20130322_1003,E13,E20,0,0.907284,0.007019,0.022727,0.062970
CNN_20130322_1003,E14,E17,0,0.577742,0.154208,0.079962,0.188088
CNN_20130322_1003,E14,E19,1,0.016670,0.878039,0.031376,0.073915
CNN_20130322_1003,E14,E20,0,0.994473,0.000037,0.001451,0.004038
CNN_20130322_1003,E15,E17,0,0.621197,0.119902,0.075806,0.183096
CNN_20130322_1003,E15,E19,1,0.023863,0.845804,0.038111,0.092222
CNN_20130322_1003,E15,E20,0,0.994790,0.000030,0.001337,0.003842
CNN_20130322_1003,E17,E21,0,0.415499,0.164138,0.115105,0.305258
CNN_20130322_1003,E19,E21,0,0.979473,0.000472,0.006368,0.013687
CNN_20130322_1003,E20,E21,1,0.002937,0.920866,0.018218,0.057979
CNN_20130322_1003,E21,E23,0,0.824596,0.024818,0.045520,0.105066
CNN_20130322_1003,E21,E27,0,0.916052,0.004912,0.021840,0.057195
CNN_20130322_1003,E30,E34,0,0.949803,0.001367,0.013207,0.035623
CNN_20130322_1003,E30,E36,1,0.004508,0.922292,0.019312,0.053888
CNN_20130322_1003,E31,E34,0,0.964809,0.000815,0.008141,0.026235
CNN_20130322_1003,E31,E36,1,0.002137,0.952983,0.010669,0.034211
CNN_20130322_1003,E32,E34,0,0.999094,0.000001,0.000202,0.000702
CNN_20130322_1003,E32,E36,0,0.951762,0.003468,0.012897,0.031872
CNN_20130322_1003,E33,E34,0,0.998376,0.000004,0.000404,0.001215
CNN_20130322_1003,E33,E36,0,0.823371,0.048585,0.038470,0.089574
CNN_20130322_1003,E34,E38,1,0.205206,0.356463,0.091667,0.346664
CNN_20130322_1003,E36,E38,0,0.989611,0.000085,0.002401,0.007904
CNN_20130322_1003,E38,E40,0,0.831280,0.021842,0.037956,0.108922
CNN_20130322_1003,E38,E41,1,0.000202,0.986316,0.003603,0.009879
CNN_20130322_1003,E38,E42,1,0.000137,0.989693,0.002777,0.007393
CNN_20130322_1003,E40,E43,0,0.611389,0.099768,0.070315,0.218527
CNN_20130322_1003,E40,E44,0,0.941285,0.002592,0.013763,0.042360
CNN_20130322_1003,E41,E43,0,0.988564,0.000189,0.003132,0.008115
CNN_20130322_1003,E41,E44,0,0.997738,0.000008,0.000578,0.001676
CNN_20130322_1003,E42,E43,0,0.992527,0.000082,0.002116,0.005275
CNN_20130322_1003,E42,E44,0,0.998153,0.000005,0.000471,0.001371
CNN_20130322_1003,E43,E45,0,0.633094,0.041379,0.077506,0.248021
CNN_20130322_1003,E43,E47,3,0.258196,0.267688,0.112829,0.361287
CNN_20130322_1003,E44,E45,1,0.084064,0.482290,0.096242,0.337404
CNN_20130322_1003,E44,E47,1,0.008165,0.837864,0.034390,0.119581
CNN_20130322_1003,E45,E48,0,0.726118,0.027828,0.063116,0.182938
CNN_20130322_1003,E47,E48,0,0.703475,0.040882,0.066770,0.188873
CNN_20130322_1003,E48,E50,0,0.967795,0.000588,0.008225,0.023392
CNN_20130322_1003,E50,E51,1,0.001226,0.931221,0.013331,0.054222
CNN_20130322_1003,E51,E52,0,0.643009,0.037352,0.061879,0.257760
CNN_20130322_1003,E52,E53,0,0.994272,0.000026,0.001345,0.004357
CNN_20130322_1003,E53,E55,0,0.608886,0.051396,0.090568,0.249150
