WSJ_20130322_159,E5,E6,1,0.023969,0.820301,0.040285,0.115445
WSJ_20130322_159,E5,E10,0,0.358380,0.257097,0.099477,0.285046
WSJ_20130322_159,E5,E11,0,0.985078,0.000137,0.003565,0.011219
WSJ_20130322_159,E6,E10,0,0.770192,0.028316,0.048059,0.153433
WSJ_20130322_159,E6,E11,0,0.991400,0.000044,0.001875,0.006682
WSJ_20130322_159,E10,E11,0,0.910260,0.002791,0.018294,0.068654
WSJ_20130322_159,E12,E14,1,0.064491,0.540158,0.072810,0.322541
WSJ_20130322_159,E18,E19,3,0.240279,0.243294,0.109382,0.407045
WSJ_20130322_159,E20,E22,1,0.000017,0.994424,0.001071,0.004488
WSJ_20130322_159,E29,E31,0,0.968793,0.000288,0.005601,0.025319
WSJ_20130322_159,E29,E34,0,0.544040,0.075208,0.074243,0.306508
WSJ_20130322_159,E29,E37,0,0.930560,0.001582,0.013373,0.054485
WSJ_20130322_159,E31,E34,1,0.072229,0.489138,0.082927,0.355705
WSJ_20130322_159,E31,E37,0,0.564271,0.052298,0.072813,0.310618
WSJ_20130322_159,E34,E37,0,0.958060,0.000561,0.008333,0.033047
WSJ_20130322_159,E38,E39,1,0.001781,0.925149,0.016122,0.056948
WSJ_20130322_159,E38,E40,1,0.011464,0.793001,0.040534,0.155001
WSJ_20130322_159,E39,E40,3,0.325806,0.223257,0.103575,0.347362
WSJ_20130322_159,E42,E44,1,0.000308,0.968557,0.005821,0.025315
WSJ_20130322_159,E46,E47,1,0.000723,0.956776,0.009763,0.032737
WSJ_20130322_159,E46,E49,3,0.170747,0.360116,0.095224,0.373914
WSJ_20130322_159,E47,E49,0,0.857926,0.008130,0.025682,0.108262
WSJ_20130322_159,E1,E5,3,0.259096,0.308641,0.098974,0.333288
WSJ_20130322_159,E1,E6,1,0.004627,0.900607,0.022399,0.072367
WSJ_20130322_159,E1,E10,1,0.112003,0.478528,0.089170,0.320299
WSJ_20130322_159,E1,E11,0,0.906691,0.003479,0.020089,0.069740
WSJ_20130322_159,E5,E12,0,0.964990,0.000516,0.007594,0.026900
WSJ_20130322_159,E5,E14,0,0.900258,0.004952,0.020974,0.073815
WSJ_20130322_159,E6,E12,0,0.990775,0.000043,0.001905,0.007276
WSJ_20130322_159,E6,E14,0,0.876348,0.005219,0.023306,0.095127
WSJ_20130322_159,E10,E12,0,0.874541,0.003285,0.021406,0.100768
WSJ_20130322_159,E10,E14,3,0.206288,0.278913,0.095748,0.419052
WSJ_20130322_159,E11,E12,3,0.382318,0.121566,0.093930,0.402186
WSJ_20130322_159,E11,E14,1,0.009192,0.803225,0.035774,0.151809
WSJ_20130322_159,E12,E18,0,0.930550,0.000953,0.011526,0.056970
WSJ_20130322_159,E12,E19,0,0.730247,0.018198,0.048368,0.203188
WSJ_20130322_159,E14,E18,0,0.992520,0.000019,0.001198,0.006263
WSJ_20130322_159,E14,E19,0,0.957459,0.000509,0.007786,0.034246
WSJ_20130322_159,E18,E20,1,0.001545,0.925009,0.015280,0.058166
WSJ_20130322_159,E18,E22,1,0.000006,0.996685,0.000592,0.002717
WSJ_20130322_159,E19,E20,1,0.005450,0.859300,0.027717,0.107533
WSJ_20130322_159,E19,E22,1,0.000006,0.997003,0.000549,0.002442
WSJ_20130322_159,E20,E26,1,0.170773,0.383798,0.087311,0.358118
WSJ_20130322_159,E22,E26,0,0.993509,0.000041,0.001660,0.004790
WSJ_20130322_159,E26,E29,0,0.981191,0.000165,0.003972,0.014671
WSJ_20130322_159,E26,E31,0,0.997102,0.000005,0.000536,0.002357
WSJ_20130322_159,E26,E34,0,0.983758,0.000134,0.003607,0.012501
WSJ_20130322_159,E26,E37,0,0.993750,0.000026,0.001377,0.004848
WSJ_20130322_159,E29,E38,0,0.748045,0.018532,0.045120,0.188303
WSJ_20130322_159,E29,E39,1,0.008920,0.853524,0.028972,0.108584
WSJ_20130322_159,E29,E40,1,0.039535,0.639005,0.063371,0.258089
WSJ_20130322_159,E31,E38,3,0.178416,0.270132,0.102438,0.449014
WSJ_20130322_159,E31,E39,1,0.000370,0.967209,0.006706,0.025715
WSJ_20130322_159,E31,E40,1,0.002739,0.892182,0.021181,0.083898
WSJ_20130322_159,E34,E38,0,0.802085,0.007002,0.032692,0.158221
WSJ_20130322_159,E34,E39,1,0.017285,0.760779,0.044874,0.177062
WSJ_20130322_159,E34,E40,3,0.118418,0.384083,0.096194,0.401305
WSJ_20130322_159,E37,E38,3,0.128964,0.314628,0.092448,0.463960
WSJ_20130322_159,E37,E39,1,0.000237,0.974432,0.005141,0.020190
WSJ_20130322_159,E37,E40,1,0.001721,0.916188,0.016369,0.065723
WSJ_20130322_159,E38,E42,0,0.932812,0.001123,0.011743,0.054321
WSJ_20130322_159,E38,E44,1,0.017705,0.741712,0.044633,0.195949
WSJ_20130322_159,E39,E42,0,0.982780,0.000121,0.003465,0.013634
WSJ_20130322_159,E39,E44,1,0.086577,0.528579,0.077555,0.307289
WSJ_20130322_159,E40,E42,0,0.984008,0.000085,0.002975,0.012932
WSJ_20130322_159,E40,E44,1,0.081935,0.421910,0.082531,0.413625
WSJ_20130322_159,E42,E46,0,0.638366,0.031486,0.053693,0.276456
WSJ_20130322_159,E42,E47,1,0.026200,0.690744,0.047499,0.235556
WSJ_20130322_159,E42,E49,3,0.355184,0.168519,0.089267,0.387031
WSJ_20130322_159,E44,E46,0,0.994037,0.000016,0.001080,0.004866
WSJ_20130322_159,E44,E47,0,0.866827,0.004697,0.020101,0.108375
WSJ_20130322_159,E44,E49,0,0.988519,0.000065,0.002204,0.009212
WSJ_20130322_159,E46,E55,0,0.970625,0.000389,0.005740,0.023246
WSJ_20130322_159,E47,E55,0,0.993315,0.000029,0.001409,0.005247
WSJ_20130322_159,E49,E55,0,0.933354,0.002154,0.013776,0.050716
nyt_20130322_strange_computer,E8,E11,0,0.997837,0.000005,0.000481,0.001677
nyt_20130322_strange_computer,E14,E16,1,0.000360,0.972483,0.006487,0.020670
nyt_20130322_strange_computer,E19,E22,3,0.255792,0.284518,0.101804,0.357886
nyt_20130322_strange_computer,E19,E23,3,0.278979,0.277818,0.102815,0.340387
nyt_20130322_strange_computer,E22,E23,0,0.708579,0.034907,0.060754,0.195760
nyt_20130322_strange_computer,E6,E8,1,0.000949,0.960687,0.010374,0.027989
nyt_20130322_strange_computer,E6,E11,0,0.994793,0.000022,0.001207,0.003979
nyt_20130322_strange_computer,E8,E14,0,0.997938,0.000005,0.000475,0.001582
nyt_20130322_strange_computer,E8,E16,0,0.970246,0.000684,0.007956,0.021114
nyt_20130322_strange_computer,E11,E14,0,0.801102,0.015092,0.044157,0.139649
nyt_20130322_strange_computer,E11,E16,1,0.001385,0.941778,0.013779,0.043059
nyt_20130322_strange_computer,E14,E19,1,0.167199,0.365248,0.107593,0.359961
nyt_20130322_strange_computer,E14,E22,0,0.675436,0.040321,0.061583,0.222660
nyt_20130322_strange_computer,E14,E23,1,0.150256,0.404796,0.111606,0.333342
nyt_20130322_strange_computer,E16,E19,0,0.985649,0.000133,0.003564,0.010654
nyt_20130322_strange_computer,E16,E22,0,0.975656,0.000306,0.005813,0.018224
nyt_20130322_strange_computer,E16,E23,0,0.981441,0.000204,0.004603,0.013753
nyt_20130322_strange_computer,E19,E24,0,0.453710,0.162965,0.095308,0.288018
nyt_20130322_strange_computer,E22,E24,0,0.838480,0.013911,0.038440,0.109169
nyt_20130322_strange_computer,E23,E24,0,0.485420,0.130976,0.098590,0.285014
CNN_20130321_821,E4,E5,1,0.142313,0.473303,0.098091,0.286293
CNN_20130321_821,E5,E8,0,0.915351,0.003363,0.017115,0.064172
CNN_20130321_821,E8,E1000,0,0.592897,0.065287,0.072074,0.269743
CNN_20130321_821,E1002,E20,0,0.934784,0.001278,0.014299,0.049640
nyt_20130321_cyprus,E2,E5,1,0.111630,0.521004,0.105520,0.261846
nyt_20130321_cyprus,E7,E2009,1,0.021415,0.740312,0.046619,0.191654
nyt_20130321_cyprus,E13,E15,3,0.195175,0.333648,0.104995,0.366181
nyt_20130321_cyprus,E22,E23,1,0.026417,0.756451,0.045951,0.171182
nyt_20130321_cyprus,E22,E24,1,0.000020,0.994706,0.001111,0.004163
nyt_20130321_cyprus,E23,E24,1,0.000175,0.982077,0.004119,0.013629
nyt_20130321_cyprus,E33,E35,0,0.561621,0.087970,0.085042,0.265367
nyt_20130321_cyprus,E41,E42,1,0.006016,0.866880,0.029842,0.097262
nyt_20130321_cyprus,E46,E47,0,0.988752,0.000081,0.002486,0.008681
nyt_20130321_cyprus,E48,E51,0,0.984520,0.000134,0.003593,0.011753
nyt_20130321_cyprus,E2,E7,0,0.958260,0.000876,0.011010,0.029853
nyt_20130321_cyprus,E2,E2009,0,0.560510,0.059334,0.084193,0.295963
nyt_20130321_cyprus,E5,E7,0,0.977767,0.000314,0.005900,0.016018
nyt_20130321_cyprus,E5,E2009,0,0.762582,0.020070,0.048779,0.168569
nyt_20130321_cyprus,E7,E9,1,0.000552,0.964964,0.008184,0.026300
nyt_20130321_cyprus,E2009,E9,1,0.144843,0.444695,0.099621,0.310841
nyt_20130321_cyprus,E10,E13,0,0.982425,0.000199,0.004530,0.012846
nyt_20130321_cyprus,E10,E15,0,0.975404,0.000333,0.005991,0.018272
nyt_20130321_cyprus,E13,E21,0,0.703701,0.033271,0.060722,0.202305
nyt_20130321_cyprus,E15,E21,0,0.887153,0.004584,0.024397,0.083865
nyt_20130321_cyprus,E21,E22,0,0.789884,0.018492,0.042080,0.149544
nyt_20130321_cyprus,E21,E23,1,0.170841,0.401079,0.096600,0.331480
nyt_20130321_cyprus,E21,E24,1,0.000056,0.990638,0.002069,0.007238
nyt_20130321_cyprus,E22,E25,1,0.002815,0.918683,0.017360,0.061143
nyt_20130321_cyprus,E23,E25,1,0.121641,0.508149,0.079875,0.290335
nyt_20130321_cyprus,E24,E25,0,0.981869,0.000217,0.004575,0.013338
nyt_20130321_cyprus,E33,E36,3,0.261176,0.291169,0.107730,0.339926
nyt_20130321_cyprus,E35,E36,3,0.203978,0.342463,0.095694,0.357864
nyt_20130321_cyprus,E36,E41,0,0.944360,0.001003,0.011232,0.043404
nyt_20130321_cyprus,E36,E42,1,0.061744,0.606295,0.073610,0.258350
nyt_20130321_cyprus,E46,E48,1,0.100089,0.559729,0.077346,0.262835
nyt_20130321_cyprus,E46,E51,0,0.985429,0.000125,0.003360,0.011086
nyt_20130321_cyprus,E47,E48,1,0.000194,0.981139,0.004445,0.014222
nyt_20130321_cyprus,E47,E51,0,0.393357,0.177869,0.100602,0.328173
nyt_20130321_cyprus,E48,E57,1,0.000236,0.980581,0.004787,0.014397
nyt_20130321_cyprus,E51,E57,1,0.000008,0.996739,0.000647,0.002606
bbc_20130322_1353,E1,E5,1,0.000154,0.982618,0.003844,0.013384
bbc_20130322_1353,E8,E10,1,0.000019,0.994190,0.001161,0.004631
bbc_20130322_1353,E15,E16,1,0.001531,0.933813,0.012889,0.051767
bbc_20130322_1353,E19,E20,1,0.013699,0.888812,0.030664,0.066826
bbc_20130322_1353,E19,E21,1,0.051743,0.762974,0.058599,0.126684
bbc_20130322_1353,E20,E21,0,0.464944,0.244761,0.089809,0.200486
bbc_20130322_1353,E23,E25,1,0.015373,0.786472,0.043721,0.154434
bbc_20130322_1353,E23,E26,1,0.001912,0.934374,0.015469,0.048245
bbc_20130322_1353,E23,E27,1,0.000042,0.992141,0.001725,0.006092
bbc_20130322_1353,E25,E26,1,0.000935,0.958591,0.010287,0.030187
bbc_20130322_1353,E25,E27,1,0.000028,0.994084,0.001323,0.004565
bbc_20130322_1353,E26,E27,1,0.000306,0.977700,0.005639,0.016354
bbc_20130322_1353,E28,E29,1,0.000095,0.986607,0.002868,0.010429
bbc_20130322_1353,E28,E31,1,0.005680,0.911734,0.020532,0.062054
bbc_20130322_1353,E29,E31,0,0.655615,0.091862,0.063891,0.188632
bbc_20130322_1353,E33,E34,0,0.814383,0.020623,0.042717,0.122278
bbc_20130322_1353,E35,E36,3,0.282641,0.301220,0.103740,0.312399
bbc_20130322_1353,E35,E37,1,0.000598,0.963433,0.008584,0.027385
bbc_20130322_1353,E36,E37,1,0.000566,0.962462,0.007881,0.029091
bbc_20130322_1353,E1,E8,0,0.874630,0.004822,0.024029,0.096519
bbc_20130322_1353,E1,E10,1,0.000097,0.986718,0.002871,0.010314
bbc_20130322_1353,E5,E8,0,0.996797,0.000009,0.000717,0.002477
bbc_20130322_1353,E5,E10,1,0.111024,0.596629,0.075309,0.217037
bbc_20130322_1353,E8,E11,0,0.590039,0.047571,0.064194,0.298195
bbc_20130322_1353,E10,E11,0,0.997594,0.000006,0.000548,0.001852
bbc_20130322_1353,E11,E13,1,0.145611,0.402390,0.087959,0.364040
bbc_20130322_1353,E13,E15,0,0.953956,0.000919,0.010660,0.034465
bbc_20130322_1353,E13,E16,0,0.445905,0.131322,0.093636,0.329136
bbc_20130322_1353,E15,E17,1,0.005091,0.882724,0.023489,0.088697
bbc_20130322_1353,E16,E17,1,0.085663,0.520921,0.074084,0.319331
bbc_20130322_1353,E17,E19,1,0.066423,0.643365,0.062954,0.227257
bbc_20130322_1353,E17,E20,1,0.000042,0.992037,0.001744,0.006177
bbc_20130322_1353,E17,E21,1,0.000144,0.984053,0.003670,0.012134
bbc_20130322_1353,E19,E23,0,0.876958,0.010623,0.030077,0.082341
bbc_20130322_1353,E19,E25,0,0.848432,0.016563,0.037002,0.098004
bbc_20130322_1353,E19,E26,1,0.133254,0.553103,0.087273,0.226370
bbc_20130322_1353,E19,E27,1,0.000198,0.986036,0.003939,0.009826
bbc_20130322_1353,E20,E23,0,0.979703,0.000391,0.005635,0.014271
bbc_20130322_1353,E20,E25,0,0.987862,0.000160,0.003461,0.008517
bbc_20130322_1353,E20,E26,0,0.820560,0.025854,0.042463,0.111123
bbc_20130322_1353,E20,E27,1,0.054349,0.748418,0.055752,0.141481
bbc_20130322_1353,E21,E23,0,0.962526,0.001315,0.010687,0.025472
bbc_20130322_1353,E21,E25,0,0.976695,0.000485,0.006330,0.016491
bbc_20130322_1353,E21,E26,0,0.686972,0.074583,0.068858,0.169587
bbc_20130322_1353,E21,E27,1,0.019966,0.852784,0.037574,0.089676
bbc_20130322_1353,E23,E28,0,0.786932,0.020762,0.044017,0.148290
bbc_20130322_1353,E23,E29,1,0.028957,0.755686,0.049535,0.165822
bbc_20130322_1353,E23,E31,0,0.463592,0.179136,0.086447,0.270825
bbc_20130322_1353,E25,E28,0,0.746077,0.035218,0.051846,0.166859
bbc_20130322_1353,E25,E29,1,0.013936,0.846005,0.034033,0.106026
bbc_20130322_1353,E25,E31,0,0.395286,0.270273,0.087855,0.246586
bbc_20130322_1353,E26,E28,0,0.956585,0.001023,0.010417,0.031975
bbc_20130322_1353,E26,E29,1,0.294644,0.304083,0.100164,0.301109
bbc_20130322_1353,E26,E31,0,0.887481,0.010252,0.027426,0.074841
bbc_20130322_1353,E27,E28,0,0.994835,0.000023,0.001242,0.003899
bbc_20130322_1353,E27,E29,0,0.895077,0.007683,0.024330,0.072911
bbc_20130322_1353,E27,E31,0,0.990352,0.000104,0.002560,0.006984
bbc_20130322_1353,E28,E33,1,0.009966,0.836990,0.032628,0.120415
bbc_20130322_1353,E28,E34,1,0.101009,0.522367,0.076949,0.299676
bbc_20130322_1353,E29,E33,0,0.878159,0.009307,0.027170,0.085365
bbc_20130322_1353,E29,E34,0,0.933715,0.002302,0.014208,0.049775
bbc_20130322_1353,E31,E33,0,0.671457,0.076952,0.064372,0.187219
bbc_20130322_1353,E31,E34,0,0.899661,0.007150,0.022422,0.070768
bbc_20130322_1353,E33,E35,0,0.998618,0.000002,0.000292,0.001087
bbc_20130322_1353,E33,E36,0,0.996412,0.000011,0.000810,0.002766
bbc_20130322_1353,E33,E37,0,0.880006,0.009662,0.029900,0.080433
bbc_20130322_1353,E34,E35,0,0.997819,0.000004,0.000469,0.001707
bbc_20130322_1353,E34,E36,0,0.995436,0.000016,0.001024,0.003524
bbc_20130322_1353,E34,E37,0,0.672318,0.052020,0.061857,0.213805
nyt_20130321_women_senate,E1000009,E2,0,0.592232,0.122206,0.082030,0.203531
nyt_20130321_women_senate,E4,E5,1,0.000057,0.991526,0.002013,0.006404
nyt_20130321_women_senate,E4,E6,0,0.407939,0.256364,0.087501,0.248196
nyt_20130321_women_senate,E5,E6,0,0.994887,0.000025,0.001248,0.003841
nyt_20130321_women_senate,E9,E10,0,0.975335,0.000326,0.005942,0.018396
nyt_20130321_women_senate,E11,E12,0,0.924074,0.004683,0.021627,0.049617
nyt_20130321_women_senate,E14,E15,1,0.003217,0.919369,0.021677,0.055737
nyt_20130321_women_senate,E16,E17,1,0.190836,0.390932,0.094292,0.323940
nyt_20130321_women_senate,E19,E20,1,0.000873,0.964566,0.009368,0.025193
nyt_20130321_women_senate,E19,E21,1,0.068439,0.613906,0.075974,0.241681
nyt_20130321_women_senate,E20,E21,0,0.848140,0.011538,0.032042,0.108280
nyt_20130321_women_senate,E23,E24,0,0.878358,0.008934,0.029555,0.083153
nyt_20130321_women_senate,E26,E27,0,0.853304,0.015769,0.045211,0.085716
nyt_20130321_women_senate,E26,E1000014,1,0.227497,0.396486,0.111407,0.264611
nyt_20130321_women_senate,E27,E1000014,1,0.043294,0.733774,0.074011,0.148920
nyt_20130321_women_senate,E37,E1000015,1,0.036276,0.659736,0.072822,0.231167
nyt_20130321_women_senate,E40,E41,0,0.973212,0.000471,0.006109,0.020208
nyt_20130321_women_senate,E40,E42,0,0.824053,0.016488,0.035727,0.123731
nyt_20130321_women_senate,E41,E42,1,0.146354,0.475222,0.083531,0.294893
nyt_20130321_women_senate,E43,E47,0,0.997201,0.000006,0.000566,0.002227
nyt_20130321_women_senate,E43,E48,0,0.997238,0.000005,0.000548,0.002209
nyt_20130321_women_senate,E47,E48,0,0.774047,0.015293,0.044558,0.166102
nyt_20130321_women_senate,E49,E50,0,0.979240,0.000242,0.005031,0.015487
nyt_20130321_women_senate,E49,E53,1,0.009572,0.887300,0.030688,0.072440
nyt_20130321_women_senate,E50,E53,1,0.000075,0.989824,0.002408,0.007693
nyt_20130321_women_senate,E1000009,E4,0,0.336528,0.307116,0.101534,0.254822
nyt_20130321_women_senate,E1000009,E5,1,0.000036,0.993238,0.001540,0.005186
nyt_20130321_women_senate,E1000009,E6,1,0.189858,0.505955,0.085163,0.219024
nyt_20130321_women_senate,E2,E4,0,0.668084,0.066420,0.067990,0.197505
nyt_20130321_women_senate,E2,E5,1,0.000059,0.990812,0.002117,0.007012
nyt_20130321_women_senate,E2,E6,0,0.417297,0.232668,0.088111,0.261924
nyt_20130321_women_senate,E4,E7,0,0.851499,0.018255,0.036440,0.093805
nyt_20130321_women_senate,E5,E7,0,0.997692,0.000007,0.000570,0.001731
nyt_20130321_women_senate,E6,E7,0,0.926358,0.005297,0.018606,0.049739
nyt_20130321_women_senate,E7,E8,1,0.009044,0.878293,0.027046,0.085618
nyt_20130321_women_senate,E8,E9,0,0.989941,0.000063,0.002312,0.007684
nyt_20130321_women_senate,E8,E10,0,0.998118,0.000004,0.000446,0.001431
nyt_20130321_women_senate,E11,E1000012,0,0.369869,0.265609,0.098430,0.266091
nyt_20130321_women_senate,E12,E1000012,1,0.003506,0.924079,0.019059,0.053356
nyt_20130321_women_senate,E14,E16,0,0.995207,0.000024,0.001253,0.003516
nyt_20130321_women_senate,E14,E17,0,0.991069,0.000063,0.002258,0.006610
nyt_20130321_women_senate,E15,E16,0,0.997274,0.000006,0.000594,0.002126
nyt_20130321_women_senate,E15,E17,0,0.995102,0.000019,0.001123,0.003757
nyt_20130321_women_senate,E16,E19,1,0.001396,0.946061,0.012753,0.039790
nyt_20130321_women_senate,E16,E20,1,0.000024,0.993773,0.001272,0.004931
nyt_20130321_women_senate,E16,E21,1,0.000458,0.964043,0.007499,0.028001
nyt_20130321_women_senate,E17,E19,1,0.027001,0.778832,0.048460,0.145707
nyt_20130321_women_senate,E17,E20,1,0.000099,0.986873,0.002948,0.010079
nyt_20130321_women_senate,E17,E21,1,0.005773,0.864654,0.027089,0.102484
nyt_20130321_women_senate,E19,E22,0,0.458380,0.170948,0.091872,0.278800
nyt_20130321_women_senate,E20,E22,0,0.949805,0.001465,0.011091,0.037639
nyt_20130321_women_senate,E21,E22,0,0.827446,0.011223,0.035438,0.125894
nyt_20130321_women_senate,E22,E23,0,0.921997,0.002648,0.016049,0.059306
nyt_20130321_women_senate,E22,E24,0,0.989783,0.000071,0.002393,0.007752
nyt_20130321_women_senate,E23,E25,0,0.896712,0.003920,0.022365,0.077004
nyt_20130321_women_senate,E24,E25,0,0.445647,0.133036,0.088143,0.333174
nyt_20130321_women_senate,E25,E26,1,0.000231,0.978510,0.005007,0.016251
nyt_20130321_women_senate,E25,E27,1,0.001339,0.949827,0.014521,0.034313
nyt_20130321_women_senate,E25,E1000014,1,0.001734,0.937659,0.015585,0.045022
nyt_20130321_women_senate,E26,E29,0,0.863644,0.007639,0.033130,0.095587
nyt_20130321_women_senate,E27,E29,1,0.027902,0.727221,0.068539,0.176338
nyt_20130321_women_senate,E1000014,E29,1,0.051982,0.624903,0.078395,0.244719
nyt_20130321_women_senate,E29,E36,0,0.988503,0.000066,0.002470,0.008960
nyt_20130321_women_senate,E36,E37,0,0.709340,0.024807,0.052853,0.213000
nyt_20130321_women_senate,E36,E1000015,0,0.400314,0.134677,0.104618,0.360391
nyt_20130321_women_senate,E37,E40,1,0.000125,0.983721,0.003470,0.012683
nyt_20130321_women_senate,E37,E41,1,0.080020,0.562958,0.076942,0.280080
nyt_20130321_women_senate,E37,E42,1,0.000408,0.966793,0.006960,0.025840
nyt_20130321_women_senate,E1000015,E40,1,0.009512,0.824797,0.037611,0.128080
nyt_20130321_women_senate,E1000015,E41,0,0.714025,0.027560,0.056910,0.201505
nyt_20130321_women_senate,E1000015,E42,1,0.094013,0.470634,0.092226,0.343128
nyt_20130321_women_senate,E40,E43,0,0.400501,0.165141,0.090980,0.343379
nyt_20130321_women_senate,E40,E47,0,0.991632,0.000041,0.001813,0.006514
nyt_20130321_women_senate,E40,E48,0,0.992117,0.000036,0.001689,0.006158
nyt_20130321_women_senate,E41,E43,1,0.011782,0.814317,0.035740,0.138162
nyt_20130321_women_senate,E41,E47,0,0.929956,0.001973,0.014464,0.053607
nyt_20130321_women_senate,E41,E48,0,0.937259,0.001430,0.013249,0.048061
nyt_20130321_women_senate,E42,E43,1,0.090124,0.511476,0.078438,0.319962
nyt_20130321_women_senate,E42,E47,0,0.975614,0.000244,0.005002,0.019140
nyt_20130321_women_senate,E42,E48,0,0.979738,0.000170,0.004247,0.015845
nyt_20130321_women_senate,E43,E49,0,0.852114,0.008575,0.032444,0.106867
nyt_20130321_women_senate,E43,E50,0,0.995499,0.000012,0.000904,0.003585
nyt_20130321_women_senate,E43,E53,1,0.011669,0.864542,0.032685,0.091104
nyt_20130321_women_senate,E47,E49,1,0.001686,0.929761,0.016112,0.052441
nyt_20130321_women_senate,E47,E50,0,0.528531,0.087294,0.077924,0.306250
nyt_20130321_women_senate,E47,E53,1,0.000014,0.995765,0.000897,0.003324
nyt_20130321_women_senate,E48,E49,1,0.004934,0.878159,0.029087,0.087819
nyt_20130321_women_senate,E48,E50,0,0.703404,0.031774,0.057480,0.207342
nyt_20130321_women_senate,E48,E53,1,0.000037,0.992901,0.001607,0.005454
bbc_20130322_1150,E1,E2,0,0.991518,0.000100,0.002423,0.005959
bbc_20130322_1150,E6,E7,1,0.029481,0.694926,0.057578,0.218015
bbc_20130322_1150,E8,E10,1,0.074311,0.627432,0.079682,0.218575
bbc_20130322_1150,E8,E11,1,0.165631,0.430303,0.106549,0.297517
bbc_20130322_1150,E10,E11,0,0.690018,0.065457,0.073873,0.170651
bbc_20130322_1150,E14,E15,1,0.015029,0.826765,0.037402,0.120804
bbc_20130322_1150,E14,E17,1,0.124801,0.531591,0.083096,0.260512
bbc_20130322_1150,E15,E17,0,0.696600,0.044922,0.059113,0.199364
bbc_20130322_1150,E19,E20,1,0.020851,0.772719,0.052420,0.154010
bbc_20130322_1150,E19,E21,0,0.825874,0.012843,0.037680,0.123602
bbc_20130322_1150,E20,E21,0,0.935438,0.001931,0.014439,0.048192
bbc_20130322_1150,E23,E24,0,0.741396,0.022922,0.052278,0.183404
bbc_20130322_1150,E29,E30,0,0.997202,0.000010,0.000767,0.002020
bbc_20130322_1150,E53,E35,0,0.996005,0.000015,0.000962,0.003018
bbc_20130322_1150,E39,E40,0,0.987423,0.000119,0.003293,0.009165
bbc_20130322_1150,E41,E42,1,0.000052,0.990553,0.002047,0.007347
bbc_20130322_1150,E41,E43,0,0.356516,0.267020,0.109404,0.267060
bbc_20130322_1150,E42,E43,0,0.993152,0.000043,0.001767,0.005038
bbc_20130322_1150,E1,E3,0,0.998009,0.000005,0.000492,0.001494
bbc_20130322_1150,E2,E3,0,0.837312,0.025792,0.038107,0.098789
bbc_20130322_1150,E3,E4,1,0.000232,0.981095,0.004715,0.013958
bbc_20130322_1150,E4,E6,0,0.999500,0.000000,0.000092,0.000408
bbc_20130322_1150,E4,E7,0,0.994654,0.000022,0.001218,0.004106
bbc_20130322_1150,E6,E8,1,0.000227,0.976149,0.005107,0.018516
bbc_20130322_1150,E6,E10,1,0.000094,0.986760,0.002928,0.010217
bbc_20130322_1150,E6,E11,1,0.000650,0.960614,0.009375,0.029361
bbc_20130322_1150,E7,E8,1,0.022799,0.757308,0.053888,0.166005
bbc_20130322_1150,E7,E10,1,0.005286,0.898100,0.026341,0.070274
bbc_20130322_1150,E7,E11,1,0.099325,0.551641,0.096765,0.252270
bbc_20130322_1150,E8,E12,0,0.883983,0.006511,0.027463,0.082044
bbc_20130322_1150,E10,E12,0,0.932134,0.003338,0.017684,0.046844
bbc_20130322_1150,E11,E12,0,0.548079,0.132420,0.094579,0.224922
bbc_20130322_1150,E12,E14,0,0.980510,0.000249,0.005166,0.014075
bbc_20130322_1150,E12,E15,0,0.948560,0.001440,0.013272,0.036728
bbc_20130322_1150,E12,E17,0,0.963214,0.000703,0.008739,0.027344
bbc_20130322_1150,E18,E19,0,0.743689,0.019954,0.063796,0.172561
bbc_20130322_1150,E18,E20,1,0.181032,0.381433,0.129467,0.308068
bbc_20130322_1150,E18,E21,0,0.947123,0.001115,0.013840,0.037922
bbc_20130322_1150,E19,E23,0,0.926033,0.001530,0.015346,0.057091
bbc_20130322_1150,E19,E24,0,0.766426,0.019246,0.049799,0.164528
bbc_20130322_1150,E20,E23,0,0.960849,0.000566,0.008053,0.030532
bbc_20130322_1150,E20,E24,0,0.854271,0.008471,0.030344,0.106913
bbc_20130322_1150,E21,E23,0,0.795203,0.013102,0.038095,0.153600
bbc_20130322_1150,E21,E24,3,0.302537,0.228858,0.099799,0.368806
bbc_20130322_1150,E28,E29,1,0.000025,0.994153,0.001372,0.004449
bbc_20130322_1150,E28,E30,1,0.101595,0.518575,0.080828,0.299002
bbc_20130322_1150,E29,E34,0,0.999114,0.000001,0.000219,0.000667
bbc_20130322_1150,E30,E34,0,0.951789,0.001471,0.011631,0.035110
bbc_20130322_1150,E34,E53,1,0.000287,0.977203,0.005377,0.017134
bbc_20130322_1150,E34,E35,0,0.880938,0.009644,0.027565,0.081853
bbc_20130322_1150,E53,E36,0,0.977598,0.000301,0.005496,0.016605
bbc_20130322_1150,E35,E36,1,0.024765,0.785364,0.048950,0.140921
bbc_20130322_1150,E36,E39,1,0.000282,0.974520,0.005675,0.019523
bbc_20130322_1150,E36,E40,1,0.105292,0.489969,0.088286,0.316454
bbc_20130322_1150,E39,E41,0,0.996072,0.000014,0.000921,0.002993
bbc_20130322_1150,E39,E42,1,0.119434,0.522748,0.096806,0.261011
bbc_20130322_1150,E39,E43,0,0.966644,0.000729,0.009115,0.023512
bbc_20130322_1150,E40,E41,0,0.945768,0.001840,0.013442,0.038950
bbc_20130322_1150,E40,E42,1,0.000256,0.978582,0.005150,0.016011
bbc_20130322_1150,E40,E43,0,0.451880,0.173105,0.099024,0.275991
bbc_20130322_1150,E41,E44,0,0.723192,0.062294,0.067372,0.147142
bbc_20130322_1150,E42,E44,0,0.997262,0.000009,0.000688,0.002041
bbc_20130322_1150,E43,E44,0,0.583681,0.134065,0.085209,0.197045
bbc_20130322_332,E1,E2,0,0.522589,0.094762,0.080823,0.301826
bbc_20130322_332,E1,E3,3,0.219946,0.336424,0.091283,0.352347
bbc_20130322_332,E1,E4,1,0.000007,0.996804,0.000617,0.002571
bbc_20130322_332,E2,E3,1,0.186009,0.398843,0.098304,0.316843
bbc_20130322_332,E2,E4,1,0.000011,0.995954,0.000799,0.003236
bbc_20130322_332,E3,E4,1,0.000018,0.995047,0.001044,0.003891
bbc_20130322_332,E12,E13,1,0.003381,0.886029,0.023236,0.087354
bbc_20130322_332,E17,E18,1,0.065456,0.529525,0.085804,0.319215
bbc_20130322_332,E22,E23,0,0.994910,0.000017,0.001098,0.003975
bbc_20130322_332,E27,E28,3,0.329499,0.223669,0.104802,0.342030
bbc_20130322_332,E27,E29,0,0.962926,0.000592,0.008668,0.027814
bbc_20130322_332,E28,E29,0,0.965257,0.000535,0.008067,0.026141
bbc_20130322_332,E31,E33,1,0.007490,0.865999,0.034054,0.092457
bbc_20130322_332,E31,E34,1,0.010007,0.882343,0.031782,0.075868
bbc_20130322_332,E31,E35,1,0.003299,0.915103,0.023263,0.058335
bbc_20130322_332,E33,E34,1,0.285521,0.375171,0.094738,0.244570
bbc_20130322_332,E33,E35,0,0.497695,0.180832,0.102021,0.219452
bbc_20130322_332,E34,E35,0,0.658406,0.099801,0.078083,0.163710
bbc_20130322_332,E37,E38,0,0.604411,0.035266,0.065076,0.295247
bbc_20130322_332,E37,E40,3,0.274085,0.182015,0.098994,0.444906
bbc_20130322_332,E38,E40,0,0.415907,0.137107,0.091222,0.355764
bbc_20130322_332,E1,E5,0,0.398818,0.141695,0.088743,0.370744
bbc_20130322_332,E2,E5,0,0.416806,0.145692,0.096538,0.340964
bbc_20130322_332,E3,E5,0,0.813133,0.017583,0.039682,0.129602
bbc_20130322_332,E4,E5,0,0.996104,0.000015,0.000955,0.002926
bbc_20130322_332,E5,E9,1,0.000508,0.964659,0.008061,0.026772
bbc_20130322_332,E9,E11,1,0.001540,0.939733,0.016041,0.042687
bbc_20130322_332,E11,E12,0,0.982735,0.000168,0.004262,0.012835
bbc_20130322_332,E11,E13,0,0.774818,0.013891,0.048911,0.162380
bbc_20130322_332,E12,E17,1,0.002744,0.897541,0.020915,0.078800
bbc_20130322_332,E12,E18,1,0.007605,0.829598,0.034658,0.128138
bbc_20130322_332,E13,E17,1,0.065411,0.494451,0.087580,0.352558
bbc_20130322_332,E13,E18,1,0.103568,0.416511,0.098505,0.381415
bbc_20130322_332,E17,E19,0,0.547243,0.041431,0.075209,0.336117
bbc_20130322_332,E18,E19,0,0.736803,0.014313,0.049161,0.199723
bbc_20130322_332,E19,E22,1,0.001239,0.934778,0.014065,0.049918
bbc_20130322_332,E19,E23,0,0.881540,0.003888,0.024656,0.089916
bbc_20130322_332,E22,E24,1,0.013300,0.798264,0.044457,0.143980
bbc_20130322_332,E23,E24,1,0.000044,0.990902,0.001852,0.007201
bbc_20130322_332,E27,E30,0,0.991310,0.000054,0.002078,0.006558
bbc_20130322_332,E28,E30,0,0.989643,0.000071,0.002452,0.007834
bbc_20130322_332,E29,E30,0,0.712799,0.054987,0.062790,0.169424
bbc_20130322_332,E30,E31,1,0.105752,0.531936,0.081231,0.281081
bbc_20130322_332,E30,E33,1,0.050130,0.683599,0.063293,0.202978
bbc_20130322_332,E30,E34,1,0.027317,0.792859,0.046456,0.133369
bbc_20130322_332,E30,E35,1,0.067726,0.641909,0.078285,0.212080
bbc_20130322_332,E31,E36,1,0.009033,0.862840,0.032516,0.095611
bbc_20130322_332,E33,E36,0,0.387602,0.259107,0.096754,0.256537
bbc_20130322_332,E34,E36,0,0.614093,0.138001,0.077129,0.170777
bbc_20130322_332,E35,E36,0,0.713524,0.070540,0.072821,0.143116
bbc_20130322_332,E36,E37,0,0.994999,0.000021,0.001183,0.003797
bbc_20130322_332,E36,E38,0,0.996298,0.000014,0.000899,0.002789
bbc_20130322_332,E36,E40,0,0.985442,0.000115,0.003270,0.011173
bbc_20130322_1600,E2,E5,0,0.593089,0.096170,0.074875,0.235865
bbc_20130322_1600,E6,E7,1,0.036257,0.803194,0.050047,0.110502
bbc_20130322_1600,E6,E8,0,0.994384,0.000044,0.001667,0.003905
bbc_20130322_1600,E6,E9,0,0.749992,0.052652,0.056055,0.141300
bbc_20130322_1600,E7,E8,0,0.998479,0.000004,0.000415,0.001102
bbc_20130322_1600,E7,E9,0,0.975452,0.000865,0.006849,0.016834
bbc_20130322_1600,E8,E9,1,0.008139,0.911484,0.022127,0.058251
bbc_20130322_1600,E10,E11,1,0.069810,0.677991,0.068032,0.184167
bbc_20130322_1600,E10,E12,0,0.732148,0.049279,0.056537,0.162036
bbc_20130322_1600,E11,E12,0,0.844610,0.019632,0.037198,0.098560
bbc_20130322_1600,E16,E20,0,0.432760,0.193781,0.095660,0.277799
bbc_20130322_1600,E21,E22,0,0.804613,0.025904,0.042879,0.126604
bbc_20130322_1600,E2,E6,0,0.826766,0.021665,0.039219,0.112350
bbc_20130322_1600,E2,E7,1,0.305333,0.360414,0.092933,0.241320
bbc_20130322_1600,E2,E8,0,0.992637,0.000063,0.002143,0.005157
bbc_20130322_1600,E2,E9,0,0.945044,0.003138,0.013992,0.037826
bbc_20130322_1600,E5,E6,0,0.498743,0.160039,0.082506,0.258713
bbc_20130322_1600,E5,E7,1,0.087335,0.660137,0.065268,0.187261
bbc_20130322_1600,E5,E8,0,0.989385,0.000133,0.002899,0.007583
bbc_20130322_1600,E5,E9,0,0.828687,0.025419,0.036479,0.109416
bbc_20130322_1600,E6,E10,1,0.010329,0.882013,0.030007,0.077651
bbc_20130322_1600,E6,E11,1,0.040165,0.773864,0.058236,0.127735
bbc_20130322_1600,E6,E12,1,0.182813,0.461210,0.097650,0.258328
bbc_20130322_1600,E7,E10,0,0.572249,0.141027,0.079703,0.207021
bbc_20130322_1600,E7,E11,0,0.561817,0.170587,0.086209,0.181388
bbc_20130322_1600,E7,E12,0,0.809800,0.035262,0.046160,0.108778
bbc_20130322_1600,E8,E10,1,0.000146,0.987293,0.003318,0.009243
bbc_20130322_1600,E8,E11,1,0.000092,0.990145,0.002529,0.007234
bbc_20130322_1600,E8,E12,1,0.000760,0.970654,0.007785,0.020801
bbc_20130322_1600,E9,E10,1,0.008146,0.902198,0.023625,0.066030
bbc_20130322_1600,E9,E11,1,0.002338,0.953482,0.013172,0.031009
bbc_20130322_1600,E9,E12,1,0.061792,0.737344,0.057134,0.143730
bbc_20130322_1600,E10,E13,0,0.985904,0.000200,0.003861,0.010035
bbc_20130322_1600,E11,E13,0,0.987058,0.000189,0.003676,0.009076
bbc_20130322_1600,E12,E13,0,0.962395,0.001469,0.009924,0.026212
bbc_20130322_1600,E13,E30,1,0.007744,0.891428,0.028129,0.072700
bbc_20130322_1600,E30,E14,0,0.956649,0.001130,0.011524,0.030697
bbc_20130322_1600,E14,E16,0,0.325505,0.284651,0.115413,0.274431
bbc_20130322_1600,E14,E20,0,0.512108,0.126655,0.098335,0.262902
bbc_20130322_1600,E16,E21,1,0.260337,0.335410,0.100754,0.303499
bbc_20130322_1600,E16,E22,0,0.872848,0.008356,0.027357,0.091440
bbc_20130322_1600,E20,E21,0,0.440108,0.187907,0.096369,0.275616
bbc_20130322_1600,E20,E22,0,0.947131,0.002167,0.013723,0.036979
bbc_20130322_1600,E21,E25,0,0.993273,0.000037,0.001615,0.005075
bbc_20130322_1600,E22,E25,0,0.973691,0.000351,0.005244,0.020714
WSJ_20130322_804,E1,E2002,0,0.923009,0.002443,0.015177,0.059371
WSJ_20130322_804,E11,E13,0,0.817616,0.009658,0.035818,0.136908
WSJ_20130322_804,E11,E14,1,0.004268,0.881258,0.026637,0.087837
WSJ_20130322_804,E13,E14,1,0.001292,0.940428,0.013959,0.044321
WSJ_20130322_804,E22,E23,1,0.014323,0.755062,0.048563,0.182052
WSJ_20130322_804,E25,E26,3,0.266875,0.257370,0.115231,0.360524
WSJ_20130322_804,E25,E30,0,0.994529,0.000026,0.001330,0.004115
WSJ_20130322_804,E26,E30,0,0.993048,0.000028,0.001453,0.005471
WSJ_20130322_804,E9,E11,3,0.197751,0.327258,0.103401,0.371590
WSJ_20130322_804,E9,E13,0,0.918195,0.001866,0.015098,0.064841
WSJ_20130322_804,E9,E14,1,0.016476,0.766220,0.045668,0.171636
WSJ_20130322_804,E11,E16,3,0.229358,0.257221,0.103899,0.409522
WSJ_20130322_804,E13,E16,1,0.060345,0.543609,0.080787,0.315259
WSJ_20130322_804,E14,E16,0,0.573746,0.060679,0.072176,0.293399
WSJ_20130322_804,E16,E17,0,0.961558,0.000509,0.008289,0.029645
WSJ_20130322_804,E17,E18,1,0.000093,0.986889,0.002905,0.010113
WSJ_20130322_804,E21,E22,0,0.690489,0.032479,0.060491,0.216541
WSJ_20130322_804,E21,E23,1,0.133603,0.407666,0.101228,0.357503
WSJ_20130322_804,E22,E25,1,0.129011,0.399827,0.099807,0.371355
WSJ_20130322_804,E22,E26,1,0.091556,0.429534,0.092076,0.386835
WSJ_20130322_804,E22,E30,0,0.882210,0.003477,0.022392,0.091920
WSJ_20130322_804,E23,E25,0,0.815253,0.012682,0.037793,0.134272
WSJ_20130322_804,E23,E26,0,0.658827,0.034094,0.060431,0.246648
WSJ_20130322_804,E23,E30,0,0.989117,0.000060,0.002248,0.008575
WSJ_20130322_804,E25,E33,0,0.932318,0.001447,0.015091,0.051144
WSJ_20130322_804,E26,E33,0,0.986029,0.000088,0.002907,0.010977
WSJ_20130322_804,E30,E33,3,0.325804,0.167106,0.094804,0.412286
WSJ_20130322_804,E33,E35,1,0.019405,0.740138,0.050305,0.190152
WSJ_20130318_731,E1,E2,1,0.175272,0.477496,0.097222,0.250010
WSJ_20130318_731,E1,E3,0,0.671929,0.046110,0.074263,0.207698
WSJ_20130318_731,E2,E3,3,0.295664,0.279763,0.103693,0.320879
WSJ_20130318_731,E11,E12,1,0.002374,0.924174,0.018915,0.054537
WSJ_20130318_731,E11,E13,3,0.299058,0.238513,0.105674,0.356755
WSJ_20130318_731,E12,E13,0,0.921346,0.002704,0.017396,0.058554
WSJ_20130318_731,E20,E21,0,0.995985,0.000014,0.000924,0.003078
WSJ_20130318_731,E20,E22,0,0.992583,0.000039,0.001727,0.005652
WSJ_20130318_731,E21,E22,0,0.759193,0.016329,0.047224,0.177254
WSJ_20130318_731,E9,E10,1,0.000991,0.952619,0.011649,0.034741
WSJ_20130318_731,E10,E11,0,0.993907,0.000042,0.001693,0.004359
WSJ_20130318_731,E10,E12,0,0.962912,0.001602,0.010621,0.024865
WSJ_20130318_731,E10,E13,0,0.996670,0.000012,0.000812,0.002505
WSJ_20130318_731,E11,E14,1,0.114972,0.451185,0.112465,0.321378
WSJ_20130318_731,E12,E14,0,0.598081,0.065777,0.079043,0.257099
WSJ_20130318_731,E13,E14,3,0.176964,0.349269,0.110204,0.363563
CNN_20130322_1003,E1,E2,1,0.000348,0.983600,0.005247,0.010804
CNN_20130322_1003,E1,E3,0,0.860569,0.027770,0.038953,0.072708
CNN_20130322_1003,E1,E5,0,0.925327,0.005208,0.022076,0.047389
CNN_20130322_1003,E2,E3,0,0.993138,0.000096,0.002239,0.004527
CNN_20130322_1003,E2,E5,0,0.993641,0.000043,0.001720,0.004596
CNN_20130322_1003,E3,E5,0,0.364955,0.303654,0.105090,0.226302
CNN_20130322_1003,E6,E7,1,0.009743,0.929453,0.023691,0.037113
CNN_20130322_1003,E9,E10,1,0.217427,0.502279,0.074392,0.205902
CNN_20130322_1003,E9,E11,1,0.000074,0.992214,0.002055,0.005657
CNN_20130322_1003,E9,E1000,1,0.000020,0.995751,0.001015,0.003214
CNN_20130322_1003,E10,E11,1,0.000581,0.980113,0.005483,0.013823
CNN_20130322_1003,E10,E1000,1,0.000057,0.993080,0.001814,0.005048
CNN_20130322_1003,E11,E1000,1,0.032899,0.831992,0.040310,0.094799
CNN_20130322_1003,E12,E13,0,0.663786,0.116728,0.069126,0.150360
CNN_20130322_1003,E12,E14,1,0.000136,0.989633,0.002895,0.007336
CNN_20130322_1003,E12,E15,1,0.000165,0.987973,0.003336,0.008526
CNN_20130322_1003,E13,E14,1,0.000071,0.992329,0.002040,0.005561
CNN_20130322_1003,E13,E15,1,0.000061,0.992671,0.001901,0.005367
CNN_20130322_1003,E14,E15,1,0.047097,0.800027,0.044241,0.108635
CNN_20130322_1003,E17,E19,1,0.010633,0.844439,0.037265,0.107663
CNN_20130322_1003,E17,E20,0,0.994862,0.000025,0.001302,0.003811
CNN_20130322_1003,E19,E20,0,0.997638,0.000008,0.000609,0.001745
CNN_20130322_1003,E23,E27,1,0.035191,0.744027,0.056313,0.164470
CNN_20130322_1003,E30,E31,1,0.008793,0.844676,0.034186,0.112345
CNN_20130322_1003,E30,E32,1,0.000059,0.990677,0.002104,0.007161
CNN_20130322_1003,E30,E33,1,0.000018,0.995349,0.001065,0.003568
CNN_20130322_1003,E31,E32,1,0.000066,0.990389,0.002214,0.007332
CNN_20130322_1003,E31,E33,1,0.000036,0.993630,0.001571,0.004763
CNN_20130322_1003,E32,E33,1,0.046170,0.776244,0.051066,0.126520
CNN_20130322_1003,E34,E36,1,0.000096,0.989693,0.002735,0.007477
CNN_20130322_1003,E40,E41,1,0.000845,0.970233,0.008179,0.020743
CNN_20130322_1003,E40,E42,1,0.000281,0.983746,0.005017,0.010956
CNN_20130322_1003,E41,E42,1,0.014222,0.889568,0.031165,0.065046
CNN_20130322_1003,E43,E44,0,0.889814,0.007464,0.025111,0.077610
CNN_20130322_1003,E45,E47,3,0.284913,0.261364,0.103072,0.350651
CNN_20130322_1003,E55,E57,0,0.950217,0.001490,0.011845,0.036448
CNN_20130322_1003,E1,E6,0,0.589768,0.183230,0.079790,0.147211
CNN_20130322_1003,E1,E7,1,0.117053,0.687051,0.075762,0.120134
CNN_20130322_1003,E2,E6,0,0.980677,0.000689,0.006675,0.011959
CNN_20130322_1003,E2,E7,0,0.913055,0.013446,0.028907,0.044593
CNN_20130322_1003,E3,E6,1,0.034730,0.832071,0.047199,0.086000
CNN_20130322_1003,E3,E7,1,0.002437,0.961043,0.013641,0.022879
CNN_20130322_1003,E5,E6,1,0.020437,0.864612,0.038010,0.076942
CNN_20130322_1003,E5,E7,1,0.001476,0.965625,0.011764,0.021135
CNN_20130322_1003,E6,E9,0,0.993005,0.000099,0.002151,0.004745
CNN_20130322_1003,E6,E10,0,0.986312,0.000373,0.003938,0.009378
CNN_20130322_1003,E6,E11,1,0.156159,0.623699,0.069904,0.150238
CNN_20130322_1003,E6,E1000,1,0.016017,0.891662,0.029267,0.063054
CNN_20130322_1003,E7,E9,0,0.997011,0.000018,0.000952,0.002020
CNN_20130322_1003,E7,E10,0,0.995689,0.000042,0.001425,0.002844
CNN_20130322_1003,E7,E11,0,0.605984,0.181498,0.080376,0.132142
CNN_20130322_1003,E7,E1000,1,0.149359,0.635290,0.081494,0.133857
CNN_20130322_1003,E9,E12,1,0.009068,0.913732,0.021859,0.055341
CNN_20130322_1003,E9,E13,1,0.056497,0.760537,0.051253,0.131713
CNN_20130322_1003,E9,E14,1,0.000012,0.996900,0.000735,0.002352
CNN_20130322_1003,E9,E15,1,0.000014,0.996634,0.000791,0.002561
CNN_20130322_1003,E10,E12,1,0.117999,0.668198,0.062410,0.151394
CNN_20130322_1003,E10,E13,0,0.417493,0.320483,0.082573,0.179450
CNN_20130322_1003,E10,E14,1,0.000040,0.994835,0.001379,0.003746
CNN_20130322_1003,E10,E15,1,0.000053,0.994201,0.001647,0.004099
CNN_20130322_1003,E11,E12,0,0.964188,0.002381,0.010289,0.023142
CNN_20130322_1003,E11,E13,0,0.986967,0.000334,0.004258,0.008441
CNN_20130322_1003,E11,E14,1,0.041517,0.831039,0.041649,0.085794
CNN_20130322_1003,E11,E15,1,0.047065,0.799838,0.045598,0.107498
CNN_20130322_1003,E1000,E12,0,0.993213,0.000092,0.002026,0.004668
CNN_20130322_1003,E1000,E13,0,0.996796,0.000022,0.000977,0.002205
CNN_20130322_1003,E1000,E14,0,0.472551,0.268832,0.080068,0.178548
CNN_20130322_1003,E1000,E15,0,0.484789,0.251228,0.081034,0.182949
CNN_20130322_1003,E12,E17,1,0.007066,0.906892,0.023880,0.062162
CNN_20130322_1003,E12,E19,1,0.003344,0.939000,0.015938,0.041719
CNN_20130322_1003,E12,E20,0,0.964890,0.001406,0.009552,0.024152
CNN_20130322_1003,E13,E17,1,0.007844,0.902268,0.025166,0.064723
CNN_20130322_1003,E13,E19,1,0.004957,0.927076,0.018857,0.049110
CNN_20130322_1003,E13,E20,0,0.971067,0.000927,0.007911,0.020096
CNN_20130322_1003,E14,E17,0,0.815441,0.028464,0.040373,0.115722
CNN_20130322_1003,E14,E19,0,0.752111,0.053903,0.049668,0.144318
CNN_20130322_1003,E14,E20,0,0.998881,0.000002,0.000271,0.000847
CNN_20130322_1003,E15,E17,0,0.847690,0.018462,0.034567,0.099282
CNN_20130322_1003,E15,E19,0,0.811250,0.030542,0.040485,0.117723
CNN_20130322_1003,E15,E20,0,0.998994,0.000002,0.000239,0.000766
CNN_20130322_1003,E17,E21,1,0.081169,0.596137,0.084845,0.237849
CNN_20130322_1003,E19,E21,0,0.913492,0.008387,0.025231,0.052890
CNN_20130322_1003,E20,E21,1,0.000650,0.967411,0.008689,0.023250
CNN_20130322_1003,E21,E23,0,0.509725,0.149655,0.105260,0.235359
CNN_20130322_1003,E21,E27,0,0.790402,0.027606,0.056732,0.125259
CNN_20130322_1003,E30,E34,0,0.751474,0.021458,0.051488,0.175581
CNN_20130322_1003,E30,E36,1,0.000223,0.980868,0.004668,0.014241
CNN_20130322_1003,E31,E34,0,0.971828,0.000366,0.006144,0.021662
CNN_20130322_1003,E31,E36,1,0.004526,0.919778,0.018884,0.056812
CNN_20130322_1003,E32,E34,0,0.999235,0.000001,0.000173,0.000591
CNN_20130322_1003,E32,E36,0,0.885833,0.012053,0.027792,0.074323
CNN_20130322_1003,E33,E34,0,0.999490,0.000000,0.000124,0.000385
CNN_20130322_1003,E33,E36,0,0.943775,0.006143,0.016823,0.033258
CNN_20130322_1003,E34,E38,0,0.680023,0.054261,0.063049,0.202666
CNN_20130322_1003,E36,E38,0,0.994981,0.000026,0.001300,0.003692
CNN_20130322_1003,E38,E40,1,0.245272,0.357601,0.097723,0.299404
CNN_20130322_1003,E38,E41,1,0.000415,0.977473,0.006220,0.015892
CNN_20130322_1003,E38,E42,1,0.000220,0.984656,0.004574,0.010549
CNN_20130322_1003,E40,E43,0,0.874662,0.008549,0.026714,0.090074
CNN_20130322_1003,E40,E44,0,0.969747,0.000692,0.007339,0.022221
CNN_20130322_1003,E41,E43,0,0.989910,0.000080,0.002368,0.007642
CNN_20130322_1003,E41,E44,0,0.997067,0.000010,0.000725,0.002199
CNN_20130322_1003,E42,E43,0,0.995514,0.000024,0.001289,0.003173
CNN_20130322_1003,E42,E44,0,0.998336,0.000004,0.000454,0.001206
CNN_20130322_1003,E43,E45,0,0.657842,0.038971,0.061770,0.241416
CNN_20130322_1003,E43,E47,3,0.292300,0.271613,0.103800,0.332287
CNN_20130322_1003,E44,E45,3,0.220215,0.314355,0.092324,0.373106
CNN_20130322_1003,E44,E47,1,0.027934,0.727405,0.051152,0.193508
CNN_20130322_1003,E45,E48,0,0.503559,0.091797,0.084781,0.319863
CNN_20130322_1003,E47,E48,0,0.617282,0.058682,0.068742,0.255295
CNN_20130322_1003,E48,E50,0,0.933946,0.002134,0.015591,0.048330
CNN_20130322_1003,E50,E51,1,0.006376,0.865252,0.027555,0.100817
CNN_20130322_1003,E51,E52,0,0.856962,0.006278,0.028499,0.108260
CNN_20130322_1003,E52,E53,0,0.983338,0.000134,0.003720,0.012808
CNN_20130322_1003,E53,E55,0,0.593408,0.059526,0.074833,0.272233
