WSJ_20130322_159,E5,E6,1,0.000866,0.963553,0.008857,0.026724
WSJ_20130322_159,E5,E10,1,0.223937,0.375371,0.091516,0.309176
WSJ_20130322_159,E5,E11,0,0.777733,0.029262,0.043731,0.149274
WSJ_20130322_159,E6,E10,0,0.846832,0.014266,0.032748,0.106155
WSJ_20130322_159,E6,E11,0,0.982181,0.000199,0.003820,0.013799
WSJ_20130322_159,E10,E11,0,0.769307,0.018841,0.042450,0.169402
WSJ_20130322_159,E12,E14,1,0.070512,0.620827,0.069261,0.239400
WSJ_20130322_159,E18,E19,0,0.421346,0.190611,0.093068,0.294975
WSJ_20130322_159,E20,E22,1,0.000041,0.992090,0.001662,0.006207
WSJ_20130322_159,E29,E31,0,0.475914,0.133494,0.076897,0.313695
WSJ_20130322_159,E29,E34,1,0.074825,0.633526,0.063635,0.228013
WSJ_20130322_159,E29,E37,0,0.935870,0.002648,0.012685,0.048797
WSJ_20130322_159,E31,E34,1,0.095934,0.583810,0.072046,0.248210
WSJ_20130322_159,E31,E37,0,0.942842,0.002057,0.011707,0.043393
WSJ_20130322_159,E34,E37,0,0.982155,0.000254,0.003863,0.013728
WSJ_20130322_159,E38,E39,1,0.000240,0.980060,0.004689,0.015011
WSJ_20130322_159,E38,E40,1,0.001176,0.942556,0.012750,0.043519
WSJ_20130322_159,E39,E40,0,0.410175,0.202379,0.094742,0.292704
WSJ_20130322_159,E42,E44,1,0.000043,0.990600,0.001802,0.007556
WSJ_20130322_159,E46,E47,1,0.000249,0.977971,0.004949,0.016831
WSJ_20130322_159,E46,E49,1,0.256590,0.332285,0.090535,0.320589
WSJ_20130322_159,E47,E49,0,0.466614,0.176617,0.079287,0.277482
WSJ_20130322_159,E1,E5,0,0.485870,0.159427,0.077659,0.277044
WSJ_20130322_159,E1,E6,1,0.001583,0.947856,0.011512,0.039050
WSJ_20130322_159,E1,E10,1,0.208161,0.356719,0.092552,0.342568
WSJ_20130322_159,E1,E11,0,0.727719,0.034547,0.050338,0.187396
WSJ_20130322_159,E5,E12,0,0.978815,0.000283,0.004608,0.016293
WSJ_20130322_159,E5,E14,0,0.589583,0.091479,0.073819,0.245118
WSJ_20130322_159,E6,E12,0,0.995337,0.000021,0.001018,0.003624
WSJ_20130322_159,E6,E14,0,0.941287,0.002264,0.013540,0.042908
WSJ_20130322_159,E10,E12,0,0.877839,0.005211,0.023250,0.093700
WSJ_20130322_159,E10,E14,1,0.182756,0.364758,0.099922,0.352564
WSJ_20130322_159,E11,E12,0,0.472509,0.120900,0.087922,0.318669
WSJ_20130322_159,E11,E14,1,0.009048,0.840373,0.034521,0.116057
WSJ_20130322_159,E12,E18,0,0.980502,0.000164,0.003715,0.015619
WSJ_20130322_159,E12,E19,0,0.691603,0.054701,0.055503,0.198193
WSJ_20130322_159,E14,E18,0,0.993132,0.000030,0.001339,0.005498
WSJ_20130322_159,E14,E19,0,0.958111,0.001253,0.009488,0.031148
WSJ_20130322_159,E18,E20,1,0.019596,0.769513,0.048271,0.162620
WSJ_20130322_159,E18,E22,1,0.000004,0.997482,0.000443,0.002070
WSJ_20130322_159,E19,E20,1,0.017448,0.798331,0.040888,0.143333
WSJ_20130322_159,E19,E22,1,0.000009,0.996719,0.000635,0.002637
WSJ_20130322_159,E20,E26,1,0.145985,0.475530,0.087806,0.290680
WSJ_20130322_159,E22,E26,0,0.971089,0.000770,0.006769,0.021372
WSJ_20130322_159,E26,E29,0,0.972460,0.000402,0.005790,0.021349
WSJ_20130322_159,E26,E31,0,0.975940,0.000298,0.005132,0.018630
WSJ_20130322_159,E26,E34,0,0.888395,0.007580,0.024921,0.079104
WSJ_20130322_159,E26,E37,0,0.991429,0.000059,0.001905,0.006606
WSJ_20130322_159,E29,E38,0,0.752667,0.030518,0.045935,0.170880
WSJ_20130322_159,E29,E39,1,0.000669,0.964051,0.007501,0.027779
WSJ_20130322_159,E29,E40,1,0.004315,0.893852,0.020700,0.081132
WSJ_20130322_159,E31,E38,0,0.747292,0.031235,0.048304,0.173169
WSJ_20130322_159,E31,E39,1,0.000688,0.963516,0.007851,0.027945
WSJ_20130322_159,E31,E40,1,0.003662,0.901381,0.019911,0.075046
WSJ_20130322_159,E34,E38,0,0.922325,0.003131,0.015412,0.059132
WSJ_20130322_159,E34,E39,1,0.007140,0.894800,0.022203,0.075857
WSJ_20130322_159,E34,E40,1,0.032686,0.736280,0.049708,0.181326
WSJ_20130322_159,E37,E38,1,0.124088,0.466068,0.075601,0.334243
WSJ_20130322_159,E37,E39,1,0.000030,0.992804,0.001392,0.005773
WSJ_20130322_159,E37,E40,1,0.000107,0.984019,0.003076,0.012798
WSJ_20130322_159,E38,E42,0,0.819085,0.010733,0.037455,0.132728
WSJ_20130322_159,E38,E44,1,0.005187,0.874718,0.025185,0.094909
WSJ_20130322_159,E39,E42,0,0.995402,0.000019,0.000973,0.003607
WSJ_20130322_159,E39,E44,0,0.459074,0.165632,0.088799,0.286494
WSJ_20130322_159,E40,E42,0,0.985785,0.000115,0.003004,0.011097
WSJ_20130322_159,E40,E44,1,0.158359,0.393369,0.091587,0.356685
WSJ_20130322_159,E42,E46,0,0.807691,0.012508,0.035139,0.144662
WSJ_20130322_159,E42,E47,1,0.063736,0.605810,0.068631,0.261823
WSJ_20130322_159,E42,E49,1,0.135481,0.464808,0.085847,0.313864
WSJ_20130322_159,E44,E46,0,0.997357,0.000007,0.000520,0.002116
WSJ_20130322_159,E44,E47,0,0.986755,0.000107,0.002767,0.010371
WSJ_20130322_159,E44,E49,0,0.991441,0.000063,0.001968,0.006528
WSJ_20130322_159,E46,E55,0,0.885910,0.007812,0.024429,0.081849
WSJ_20130322_159,E47,E55,0,0.960959,0.001539,0.008659,0.028843
WSJ_20130322_159,E49,E55,0,0.641858,0.098554,0.057136,0.202452
nyt_20130322_strange_computer,E8,E11,0,0.995628,0.000016,0.000881,0.003476
nyt_20130322_strange_computer,E14,E16,1,0.000184,0.982107,0.004084,0.013624
nyt_20130322_strange_computer,E19,E22,0,0.599561,0.067328,0.074887,0.258224
nyt_20130322_strange_computer,E19,E23,1,0.021250,0.760157,0.049649,0.168944
nyt_20130322_strange_computer,E22,E23,1,0.058050,0.597664,0.081107,0.263179
nyt_20130322_strange_computer,E6,E8,1,0.113949,0.531457,0.087752,0.266842
nyt_20130322_strange_computer,E6,E11,0,0.993799,0.000028,0.001265,0.004908
nyt_20130322_strange_computer,E8,E14,0,0.991516,0.000066,0.002034,0.006384
nyt_20130322_strange_computer,E8,E16,0,0.408572,0.207741,0.106110,0.277576
nyt_20130322_strange_computer,E11,E14,0,0.582319,0.082361,0.080362,0.254958
nyt_20130322_strange_computer,E11,E16,1,0.000334,0.971150,0.006173,0.022343
nyt_20130322_strange_computer,E14,E19,3,0.326879,0.243426,0.098054,0.331641
nyt_20130322_strange_computer,E14,E22,0,0.427607,0.175307,0.094685,0.302402
nyt_20130322_strange_computer,E14,E23,1,0.008858,0.840051,0.035535,0.115556
nyt_20130322_strange_computer,E16,E19,0,0.990864,0.000061,0.001986,0.007090
nyt_20130322_strange_computer,E16,E22,0,0.986208,0.000121,0.003066,0.010604
nyt_20130322_strange_computer,E16,E23,0,0.928243,0.002374,0.016632,0.052752
nyt_20130322_strange_computer,E19,E24,0,0.836868,0.014061,0.034906,0.114165
nyt_20130322_strange_computer,E22,E24,0,0.884859,0.006274,0.026270,0.082597
nyt_20130322_strange_computer,E23,E24,0,0.969477,0.000559,0.007347,0.022617
CNN_20130321_821,E4,E5,1,0.065121,0.623694,0.080837,0.230347
CNN_20130321_821,E5,E8,0,0.602335,0.078290,0.070018,0.249357
CNN_20130321_821,E8,E1000,0,0.941398,0.001372,0.012978,0.044252
CNN_20130321_821,E1002,E20,0,0.912849,0.002740,0.019762,0.064649
nyt_20130321_cyprus,E2,E5,1,0.142298,0.446192,0.101413,0.310098
nyt_20130321_cyprus,E7,E2009,1,0.059979,0.624688,0.066654,0.248678
nyt_20130321_cyprus,E13,E15,1,0.141650,0.428403,0.095706,0.334241
nyt_20130321_cyprus,E22,E23,1,0.156832,0.431075,0.082814,0.329280
nyt_20130321_cyprus,E22,E24,1,0.000024,0.993789,0.001212,0.004974
nyt_20130321_cyprus,E23,E24,1,0.000237,0.977996,0.004802,0.016965
nyt_20130321_cyprus,E33,E35,0,0.478200,0.156387,0.087675,0.277739
nyt_20130321_cyprus,E41,E42,1,0.000438,0.967984,0.007067,0.024511
nyt_20130321_cyprus,E46,E47,0,0.983136,0.000257,0.003804,0.012803
nyt_20130321_cyprus,E48,E51,0,0.991850,0.000059,0.001888,0.006203
nyt_20130321_cyprus,E2,E7,0,0.943212,0.001687,0.013861,0.041239
nyt_20130321_cyprus,E2,E2009,0,0.836089,0.010078,0.036660,0.117173
nyt_20130321_cyprus,E5,E7,0,0.986942,0.000141,0.003185,0.009731
nyt_20130321_cyprus,E5,E2009,0,0.960383,0.000820,0.009148,0.029649
nyt_20130321_cyprus,E7,E9,1,0.000224,0.977979,0.004696,0.017102
nyt_20130321_cyprus,E2009,E9,1,0.024182,0.757064,0.049352,0.169401
nyt_20130321_cyprus,E10,E13,0,0.992144,0.000049,0.001711,0.006095
nyt_20130321_cyprus,E10,E15,0,0.982587,0.000181,0.003873,0.013359
nyt_20130321_cyprus,E13,E21,0,0.610271,0.077531,0.073677,0.238521
nyt_20130321_cyprus,E15,E21,0,0.798988,0.016735,0.040059,0.144218
nyt_20130321_cyprus,E21,E22,0,0.923642,0.002599,0.014833,0.058926
nyt_20130321_cyprus,E21,E23,0,0.614381,0.063755,0.064585,0.257278
nyt_20130321_cyprus,E21,E24,1,0.000119,0.984898,0.003206,0.011776
nyt_20130321_cyprus,E22,E25,1,0.000198,0.979106,0.004411,0.016285
nyt_20130321_cyprus,E23,E25,1,0.007802,0.853168,0.030111,0.108919
nyt_20130321_cyprus,E24,E25,0,0.920596,0.003460,0.019305,0.056639
nyt_20130321_cyprus,E33,E36,3,0.311538,0.257189,0.102291,0.328982
nyt_20130321_cyprus,E35,E36,3,0.312367,0.218052,0.091351,0.378230
nyt_20130321_cyprus,E36,E41,0,0.956745,0.000783,0.008982,0.033490
nyt_20130321_cyprus,E36,E42,1,0.004949,0.888778,0.023268,0.083005
nyt_20130321_cyprus,E46,E48,0,0.556373,0.132998,0.072373,0.238255
nyt_20130321_cyprus,E46,E51,0,0.995912,0.000020,0.000945,0.003123
nyt_20130321_cyprus,E47,E48,1,0.008930,0.872043,0.026971,0.092056
nyt_20130321_cyprus,E47,E51,0,0.929698,0.003081,0.014706,0.052514
nyt_20130321_cyprus,E48,E57,1,0.000532,0.972059,0.006853,0.020555
nyt_20130321_cyprus,E51,E57,1,0.000010,0.996263,0.000718,0.003009
bbc_20130322_1353,E1,E5,1,0.000028,0.993285,0.001340,0.005346
bbc_20130322_1353,E8,E10,1,0.000065,0.990170,0.002241,0.007524
bbc_20130322_1353,E15,E16,1,0.000700,0.961571,0.008232,0.029497
bbc_20130322_1353,E19,E20,1,0.003400,0.949090,0.012927,0.034583
bbc_20130322_1353,E19,E21,1,0.022682,0.842806,0.033482,0.101029
bbc_20130322_1353,E20,E21,1,0.190143,0.548701,0.068160,0.192995
bbc_20130322_1353,E23,E25,1,0.241032,0.353328,0.083907,0.321734
bbc_20130322_1353,E23,E26,1,0.004485,0.910382,0.018653,0.066480
bbc_20130322_1353,E23,E27,1,0.000052,0.991504,0.001853,0.006592
bbc_20130322_1353,E25,E26,1,0.001855,0.941696,0.011479,0.044971
bbc_20130322_1353,E25,E27,1,0.000007,0.997023,0.000567,0.002402
bbc_20130322_1353,E26,E27,1,0.000060,0.990801,0.002012,0.007127
bbc_20130322_1353,E28,E29,1,0.000045,0.991890,0.001720,0.006346
bbc_20130322_1353,E28,E31,1,0.000027,0.993913,0.001269,0.004790
bbc_20130322_1353,E29,E31,1,0.104372,0.631310,0.061430,0.202888
bbc_20130322_1353,E33,E34,0,0.937853,0.002354,0.012602,0.047191
bbc_20130322_1353,E35,E36,0,0.626204,0.077205,0.070485,0.226107
bbc_20130322_1353,E35,E37,1,0.015371,0.831879,0.036934,0.115816
bbc_20130322_1353,E36,E37,1,0.000251,0.977229,0.004877,0.017644
bbc_20130322_1353,E1,E8,0,0.766722,0.030211,0.046787,0.156280
bbc_20130322_1353,E1,E10,1,0.000056,0.991410,0.001897,0.006637
bbc_20130322_1353,E5,E8,0,0.993781,0.000037,0.001434,0.004749
bbc_20130322_1353,E5,E10,1,0.105615,0.630212,0.064597,0.199575
bbc_20130322_1353,E8,E11,0,0.898175,0.004287,0.021040,0.076497
bbc_20130322_1353,E10,E11,0,0.996311,0.000015,0.000811,0.002863
bbc_20130322_1353,E11,E13,0,0.346767,0.219388,0.094372,0.339474
bbc_20130322_1353,E13,E15,0,0.925909,0.002790,0.016239,0.055062
bbc_20130322_1353,E13,E16,0,0.550842,0.093936,0.080959,0.274264
bbc_20130322_1353,E15,E17,1,0.078414,0.547967,0.074273,0.299347
bbc_20130322_1353,E16,E17,0,0.400994,0.161043,0.089014,0.348950
bbc_20130322_1353,E17,E19,1,0.044212,0.748415,0.049399,0.157974
bbc_20130322_1353,E17,E20,1,0.000315,0.980468,0.004760,0.014458
bbc_20130322_1353,E17,E21,1,0.001857,0.949529,0.011943,0.036671
bbc_20130322_1353,E19,E23,0,0.930901,0.004323,0.016047,0.048730
bbc_20130322_1353,E19,E25,0,0.863922,0.015588,0.028523,0.091967
bbc_20130322_1353,E19,E26,1,0.282027,0.359967,0.083726,0.274280
bbc_20130322_1353,E19,E27,1,0.003401,0.943504,0.014023,0.039072
bbc_20130322_1353,E20,E23,0,0.973356,0.000786,0.006070,0.019788
bbc_20130322_1353,E20,E25,0,0.985716,0.000278,0.003413,0.010592
bbc_20130322_1353,E20,E26,0,0.847597,0.023040,0.031336,0.098027
bbc_20130322_1353,E20,E27,1,0.026449,0.839344,0.032996,0.101211
bbc_20130322_1353,E21,E23,0,0.941848,0.003127,0.012988,0.042037
bbc_20130322_1353,E21,E25,0,0.965974,0.001113,0.007412,0.025501
bbc_20130322_1353,E21,E26,0,0.697261,0.074346,0.055610,0.172782
bbc_20130322_1353,E21,E27,1,0.006436,0.918339,0.018589,0.056636
bbc_20130322_1353,E23,E28,0,0.673647,0.075430,0.056959,0.193964
bbc_20130322_1353,E23,E29,1,0.002298,0.941073,0.012844,0.043784
bbc_20130322_1353,E23,E31,1,0.033392,0.782303,0.040895,0.143410
bbc_20130322_1353,E25,E28,0,0.529023,0.145569,0.068691,0.256717
bbc_20130322_1353,E25,E29,1,0.000934,0.961527,0.007832,0.029706
bbc_20130322_1353,E25,E31,1,0.006397,0.905539,0.018452,0.069612
bbc_20130322_1353,E26,E28,0,0.928549,0.004137,0.015450,0.051864
bbc_20130322_1353,E26,E29,1,0.063787,0.688714,0.055302,0.192196
bbc_20130322_1353,E26,E31,1,0.237775,0.415079,0.077625,0.269521
bbc_20130322_1353,E27,E28,0,0.996212,0.000018,0.000876,0.002894
bbc_20130322_1353,E27,E29,0,0.798452,0.035738,0.039175,0.126635
bbc_20130322_1353,E27,E31,0,0.939645,0.003855,0.013147,0.043354
bbc_20130322_1353,E28,E33,1,0.032022,0.742509,0.050170,0.175298
bbc_20130322_1353,E28,E34,0,0.329203,0.267644,0.081392,0.321761
bbc_20130322_1353,E29,E33,0,0.884645,0.009738,0.023333,0.082283
bbc_20130322_1353,E29,E34,0,0.981545,0.000268,0.003903,0.014284
bbc_20130322_1353,E31,E33,0,0.935811,0.003927,0.013811,0.046452
bbc_20130322_1353,E31,E34,0,0.987625,0.000153,0.002723,0.009500
bbc_20130322_1353,E33,E35,0,0.992156,0.000050,0.001765,0.006029
bbc_20130322_1353,E33,E36,0,0.997062,0.000009,0.000617,0.002312
bbc_20130322_1353,E33,E37,0,0.759040,0.036848,0.052560,0.151552
bbc_20130322_1353,E34,E35,0,0.981605,0.000190,0.003857,0.014348
bbc_20130322_1353,E34,E36,0,0.989872,0.000067,0.002080,0.007982
bbc_20130322_1353,E34,E37,0,0.449315,0.172925,0.082633,0.295128
nyt_20130321_women_senate,E1000009,E2,0,0.390026,0.237091,0.083174,0.289710
nyt_20130321_women_senate,E4,E5,1,0.002681,0.930174,0.016339,0.050806
nyt_20130321_women_senate,E4,E6,0,0.316022,0.293862,0.090929,0.299186
nyt_20130321_women_senate,E5,E6,0,0.922387,0.005235,0.017916,0.054462
nyt_20130321_women_senate,E9,E10,0,0.995358,0.000020,0.000993,0.003629
nyt_20130321_women_senate,E11,E12,0,0.951514,0.002006,0.012017,0.034464
nyt_20130321_women_senate,E14,E15,1,0.116163,0.519952,0.085726,0.278159
nyt_20130321_women_senate,E16,E17,1,0.080227,0.580203,0.069447,0.270123
nyt_20130321_women_senate,E19,E20,1,0.002213,0.932045,0.015194,0.050549
nyt_20130321_women_senate,E19,E21,1,0.009318,0.848579,0.032515,0.109588
nyt_20130321_women_senate,E20,E21,0,0.456966,0.160747,0.084654,0.297633
nyt_20130321_women_senate,E23,E24,0,0.921215,0.003374,0.017995,0.057417
nyt_20130321_women_senate,E26,E27,0,0.973595,0.000600,0.007824,0.017982
nyt_20130321_women_senate,E26,E1000014,0,0.939856,0.002603,0.015590,0.041951
nyt_20130321_women_senate,E27,E1000014,1,0.136818,0.514536,0.104330,0.244316
nyt_20130321_women_senate,E37,E1000015,0,0.357032,0.176812,0.109931,0.356226
nyt_20130321_women_senate,E40,E41,0,0.934874,0.002278,0.014327,0.048521
nyt_20130321_women_senate,E40,E42,0,0.497604,0.149329,0.084411,0.268656
nyt_20130321_women_senate,E41,E42,1,0.026639,0.769905,0.049385,0.154071
nyt_20130321_women_senate,E43,E47,0,0.992996,0.000036,0.001448,0.005520
nyt_20130321_women_senate,E43,E48,0,0.993924,0.000025,0.001189,0.004863
nyt_20130321_women_senate,E47,E48,0,0.753028,0.022335,0.048838,0.175799
nyt_20130321_women_senate,E49,E50,0,0.974865,0.000408,0.005710,0.019018
nyt_20130321_women_senate,E49,E53,0,0.706032,0.058828,0.058642,0.176498
nyt_20130321_women_senate,E50,E53,1,0.024375,0.768885,0.043478,0.163262
nyt_20130321_women_senate,E1000009,E4,1,0.243206,0.411245,0.087833,0.257716
nyt_20130321_women_senate,E1000009,E5,1,0.000055,0.991170,0.001930,0.006845
nyt_20130321_women_senate,E1000009,E6,1,0.018842,0.849129,0.033626,0.098403
nyt_20130321_women_senate,E2,E4,0,0.798535,0.023935,0.040084,0.137446
nyt_20130321_women_senate,E2,E5,1,0.003647,0.920610,0.017763,0.057980
nyt_20130321_women_senate,E2,E6,0,0.364071,0.258587,0.085051,0.292291
nyt_20130321_women_senate,E4,E7,0,0.965941,0.000758,0.008068,0.025233
nyt_20130321_women_senate,E5,E7,0,0.994941,0.000028,0.001187,0.003844
nyt_20130321_women_senate,E6,E7,0,0.983296,0.000230,0.004032,0.012442
nyt_20130321_women_senate,E7,E8,1,0.001121,0.949569,0.010989,0.038321
nyt_20130321_women_senate,E8,E9,0,0.919297,0.003847,0.017566,0.059290
nyt_20130321_women_senate,E8,E10,0,0.998323,0.000004,0.000345,0.001327
nyt_20130321_women_senate,E11,E1000012,0,0.857338,0.013806,0.031341,0.097514
nyt_20130321_women_senate,E12,E1000012,1,0.023523,0.797940,0.041428,0.137108
nyt_20130321_women_senate,E14,E16,0,0.931085,0.002676,0.015780,0.050459
nyt_20130321_women_senate,E14,E17,0,0.867114,0.008842,0.028610,0.095434
nyt_20130321_women_senate,E15,E16,0,0.844834,0.010253,0.030084,0.114829
nyt_20130321_women_senate,E15,E17,0,0.728068,0.033878,0.052180,0.185874
nyt_20130321_women_senate,E16,E19,1,0.161488,0.432551,0.085167,0.320793
nyt_20130321_women_senate,E16,E20,1,0.000439,0.968521,0.006476,0.024564
nyt_20130321_women_senate,E16,E21,1,0.001894,0.928972,0.014277,0.054858
nyt_20130321_women_senate,E17,E19,0,0.452500,0.164162,0.087300,0.296038
nyt_20130321_women_senate,E17,E20,1,0.002829,0.924495,0.016308,0.056368
nyt_20130321_women_senate,E17,E21,1,0.011282,0.836207,0.033795,0.118717
nyt_20130321_women_senate,E19,E22,1,0.175234,0.419976,0.089739,0.315051
nyt_20130321_women_senate,E20,E22,0,0.863154,0.010375,0.027232,0.099239
nyt_20130321_women_senate,E21,E22,0,0.881330,0.006905,0.024790,0.086974
nyt_20130321_women_senate,E22,E23,0,0.875911,0.007180,0.025021,0.091887
nyt_20130321_women_senate,E22,E24,0,0.991796,0.000051,0.001794,0.006358
nyt_20130321_women_senate,E23,E25,0,0.782890,0.018251,0.043679,0.155179
nyt_20130321_women_senate,E24,E25,3,0.273807,0.245154,0.096099,0.384940
nyt_20130321_women_senate,E25,E26,1,0.000508,0.965690,0.007739,0.026063
nyt_20130321_women_senate,E25,E27,1,0.122746,0.493660,0.101025,0.282568
nyt_20130321_women_senate,E25,E1000014,1,0.087112,0.540759,0.085916,0.286212
nyt_20130321_women_senate,E26,E29,0,0.904802,0.004376,0.021988,0.068834
nyt_20130321_women_senate,E27,E29,1,0.149348,0.455565,0.107152,0.287934
nyt_20130321_women_senate,E1000014,E29,1,0.201483,0.365220,0.104023,0.329274
nyt_20130321_women_senate,E29,E36,0,0.981730,0.000195,0.004097,0.013977
nyt_20130321_women_senate,E36,E37,0,0.775727,0.015729,0.041545,0.166999
nyt_20130321_women_senate,E36,E1000015,0,0.520407,0.086411,0.089968,0.303214
nyt_20130321_women_senate,E37,E40,1,0.000095,0.986406,0.002817,0.010682
nyt_20130321_women_senate,E37,E41,1,0.021364,0.763646,0.048499,0.166491
nyt_20130321_women_senate,E37,E42,1,0.000438,0.968848,0.007034,0.023680
nyt_20130321_women_senate,E1000015,E40,1,0.000845,0.956032,0.010705,0.032419
nyt_20130321_women_senate,E1000015,E41,3,0.324427,0.237055,0.108782,0.329737
nyt_20130321_women_senate,E1000015,E42,1,0.005659,0.885394,0.027760,0.081187
nyt_20130321_women_senate,E40,E43,0,0.714392,0.038953,0.053829,0.192827
nyt_20130321_women_senate,E40,E47,0,0.984532,0.000147,0.003369,0.011951
nyt_20130321_women_senate,E40,E48,0,0.986244,0.000116,0.002978,0.010662
nyt_20130321_women_senate,E41,E43,1,0.102403,0.532614,0.083174,0.281809
nyt_20130321_women_senate,E41,E47,0,0.876261,0.007438,0.026714,0.089587
nyt_20130321_women_senate,E41,E48,0,0.931222,0.001868,0.015468,0.051441
nyt_20130321_women_senate,E42,E43,0,0.609514,0.080543,0.072449,0.237494
nyt_20130321_women_senate,E42,E47,0,0.979153,0.000277,0.004838,0.015732
nyt_20130321_women_senate,E42,E48,0,0.982520,0.000181,0.003936,0.013363
nyt_20130321_women_senate,E43,E49,0,0.776022,0.026590,0.046393,0.150995
nyt_20130321_women_senate,E43,E50,0,0.985950,0.000118,0.002997,0.010934
nyt_20130321_women_senate,E43,E53,0,0.729616,0.036871,0.051246,0.182268
nyt_20130321_women_senate,E47,E49,1,0.003335,0.911267,0.019179,0.066219
nyt_20130321_women_senate,E47,E50,0,0.385337,0.193247,0.089418,0.331998
nyt_20130321_women_senate,E47,E53,1,0.001894,0.932900,0.013977,0.051229
nyt_20130321_women_senate,E48,E49,1,0.009292,0.841365,0.034192,0.115151
nyt_20130321_women_senate,E48,E50,0,0.535604,0.090778,0.080743,0.292875
nyt_20130321_women_senate,E48,E53,1,0.005365,0.878540,0.025376,0.090720
bbc_20130322_1150,E1,E2,0,0.976347,0.000718,0.006104,0.016831
bbc_20130322_1150,E6,E7,1,0.061113,0.578671,0.079261,0.280956
bbc_20130322_1150,E8,E10,1,0.001085,0.955047,0.011240,0.032629
bbc_20130322_1150,E8,E11,1,0.099301,0.578537,0.084992,0.237170
bbc_20130322_1150,E10,E11,0,0.450123,0.212117,0.091596,0.246165
bbc_20130322_1150,E14,E15,1,0.011045,0.832427,0.033182,0.123346
bbc_20130322_1150,E14,E17,1,0.162407,0.416791,0.085236,0.335566
bbc_20130322_1150,E15,E17,0,0.778898,0.022371,0.042581,0.156150
bbc_20130322_1150,E19,E20,1,0.039327,0.741952,0.058564,0.160157
bbc_20130322_1150,E19,E21,0,0.839794,0.013572,0.036168,0.110467
bbc_20130322_1150,E20,E21,0,0.859384,0.013184,0.032030,0.095402
bbc_20130322_1150,E23,E24,1,0.119606,0.493036,0.092052,0.295306
bbc_20130322_1150,E29,E30,0,0.987323,0.000158,0.003517,0.009003
bbc_20130322_1150,E53,E35,0,0.997317,0.000007,0.000531,0.002145
bbc_20130322_1150,E39,E40,0,0.981543,0.000222,0.004438,0.013798
bbc_20130322_1150,E41,E42,1,0.000808,0.961215,0.009768,0.028209
bbc_20130322_1150,E41,E43,0,0.337697,0.300781,0.100285,0.261238
bbc_20130322_1150,E42,E43,0,0.980576,0.000282,0.004854,0.014288
bbc_20130322_1150,E1,E3,0,0.991698,0.000070,0.001985,0.006247
bbc_20130322_1150,E2,E3,0,0.657450,0.085727,0.061233,0.195589
bbc_20130322_1150,E3,E4,1,0.002234,0.941796,0.014555,0.041415
bbc_20130322_1150,E4,E6,0,0.998147,0.000004,0.000347,0.001503
bbc_20130322_1150,E4,E7,0,0.986200,0.000140,0.003184,0.010476
bbc_20130322_1150,E6,E8,1,0.000592,0.961494,0.008547,0.029367
bbc_20130322_1150,E6,E10,1,0.000037,0.991941,0.001604,0.006418
bbc_20130322_1150,E6,E11,1,0.000448,0.968665,0.007149,0.023738
bbc_20130322_1150,E7,E8,1,0.027795,0.754628,0.053424,0.164153
bbc_20130322_1150,E7,E10,1,0.000480,0.970100,0.007219,0.022201
bbc_20130322_1150,E7,E11,1,0.018600,0.809356,0.044882,0.127163
bbc_20130322_1150,E8,E12,0,0.742884,0.037064,0.056397,0.163655
bbc_20130322_1150,E10,E12,0,0.863311,0.013238,0.032698,0.090753
bbc_20130322_1150,E11,E12,1,0.216719,0.400224,0.102099,0.280958
bbc_20130322_1150,E12,E14,0,0.956495,0.001184,0.011475,0.030846
bbc_20130322_1150,E12,E15,0,0.885315,0.007146,0.027055,0.080484
bbc_20130322_1150,E12,E17,0,0.955424,0.001020,0.010297,0.033259
bbc_20130322_1150,E18,E19,0,0.903591,0.004651,0.024980,0.066779
bbc_20130322_1150,E18,E20,0,0.505491,0.134649,0.108897,0.250963
bbc_20130322_1150,E18,E21,0,0.907504,0.003690,0.022831,0.065975
bbc_20130322_1150,E19,E23,0,0.961394,0.000810,0.009421,0.028375
bbc_20130322_1150,E19,E24,1,0.098687,0.538182,0.086290,0.276841
bbc_20130322_1150,E20,E23,0,0.935057,0.002093,0.014557,0.048294
bbc_20130322_1150,E20,E24,0,0.349448,0.252849,0.098611,0.299093
bbc_20130322_1150,E21,E23,0,0.702235,0.037049,0.056819,0.203898
bbc_20130322_1150,E21,E24,1,0.027450,0.750768,0.051626,0.170155
bbc_20130322_1150,E28,E29,1,0.000034,0.993166,0.001580,0.005221
bbc_20130322_1150,E28,E30,1,0.041665,0.696101,0.054793,0.207441
bbc_20130322_1150,E29,E34,0,0.998075,0.000005,0.000443,0.001477
bbc_20130322_1150,E30,E34,0,0.941446,0.002501,0.012600,0.043453
bbc_20130322_1150,E34,E53,1,0.000241,0.977716,0.004867,0.017176
bbc_20130322_1150,E34,E35,0,0.962873,0.000820,0.007810,0.028497
bbc_20130322_1150,E53,E36,0,0.980265,0.000266,0.004667,0.014802
bbc_20130322_1150,E35,E36,1,0.005005,0.891043,0.024055,0.079897
bbc_20130322_1150,E36,E39,1,0.000633,0.958589,0.008947,0.031831
bbc_20130322_1150,E36,E40,1,0.007704,0.842189,0.032981,0.117126
bbc_20130322_1150,E39,E41,0,0.994636,0.000025,0.001127,0.004212
bbc_20130322_1150,E39,E42,1,0.294611,0.327064,0.109800,0.268524
bbc_20130322_1150,E39,E43,0,0.982627,0.000265,0.004602,0.012505
bbc_20130322_1150,E40,E41,0,0.874116,0.006684,0.026814,0.092386
bbc_20130322_1150,E40,E42,1,0.000315,0.973428,0.005864,0.020393
bbc_20130322_1150,E40,E43,3,0.242702,0.315540,0.103844,0.337915
bbc_20130322_1150,E41,E44,0,0.938178,0.002802,0.016964,0.042055
bbc_20130322_1150,E42,E44,0,0.996421,0.000014,0.000761,0.002805
bbc_20130322_1150,E43,E44,0,0.826528,0.020128,0.039761,0.113583
bbc_20130322_332,E1,E2,3,0.277882,0.271036,0.101197,0.349885
bbc_20130322_332,E1,E3,1,0.085476,0.565608,0.076121,0.272794
bbc_20130322_332,E1,E4,1,0.000022,0.994597,0.001115,0.004266
bbc_20130322_332,E2,E3,1,0.148514,0.440662,0.102901,0.307923
bbc_20130322_332,E2,E4,1,0.000037,0.992275,0.001591,0.006097
bbc_20130322_332,E3,E4,1,0.000096,0.987613,0.002758,0.009533
bbc_20130322_332,E12,E13,1,0.022314,0.734891,0.053902,0.188893
bbc_20130322_332,E17,E18,1,0.088646,0.560777,0.086029,0.264548
bbc_20130322_332,E22,E23,0,0.995731,0.000017,0.000923,0.003328
bbc_20130322_332,E27,E28,0,0.351369,0.263398,0.094049,0.291184
bbc_20130322_332,E27,E29,0,0.991948,0.000052,0.001773,0.006227
bbc_20130322_332,E28,E29,0,0.989744,0.000079,0.002302,0.007876
bbc_20130322_332,E31,E33,0,0.340121,0.236378,0.102990,0.320511
bbc_20130322_332,E31,E34,0,0.377427,0.239706,0.092441,0.290426
bbc_20130322_332,E31,E35,1,0.016852,0.833001,0.045739,0.104407
bbc_20130322_332,E33,E34,0,0.686761,0.066884,0.058825,0.187529
bbc_20130322_332,E33,E35,1,0.306587,0.343746,0.097542,0.252126
bbc_20130322_332,E34,E35,1,0.305515,0.365697,0.089804,0.238985
bbc_20130322_332,E37,E38,0,0.585614,0.062645,0.067724,0.284017
bbc_20130322_332,E37,E40,0,0.510063,0.089687,0.079070,0.321180
bbc_20130322_332,E38,E40,0,0.520750,0.088560,0.077752,0.312938
bbc_20130322_332,E1,E5,0,0.728350,0.035896,0.049649,0.186105
bbc_20130322_332,E2,E5,0,0.518162,0.111293,0.089432,0.281113
bbc_20130322_332,E3,E5,0,0.818664,0.017273,0.040937,0.123125
bbc_20130322_332,E4,E5,0,0.993903,0.000040,0.001459,0.004598
bbc_20130322_332,E5,E9,1,0.000115,0.985949,0.003120,0.010815
bbc_20130322_332,E9,E11,1,0.111898,0.559981,0.096143,0.231978
bbc_20130322_332,E11,E12,0,0.979145,0.000320,0.005345,0.015191
bbc_20130322_332,E11,E13,0,0.944545,0.001544,0.013067,0.040844
bbc_20130322_332,E12,E17,1,0.001332,0.939990,0.013277,0.045400
bbc_20130322_332,E12,E18,1,0.001106,0.945084,0.012229,0.041581
bbc_20130322_332,E13,E17,1,0.024598,0.753476,0.052737,0.169189
bbc_20130322_332,E13,E18,1,0.022872,0.759286,0.051631,0.166211
bbc_20130322_332,E17,E19,0,0.956902,0.000883,0.009983,0.032232
bbc_20130322_332,E18,E19,0,0.954746,0.000930,0.010452,0.033871
bbc_20130322_332,E19,E22,1,0.000310,0.974287,0.005791,0.019611
bbc_20130322_332,E19,E23,0,0.605732,0.078121,0.077807,0.238340
bbc_20130322_332,E22,E24,1,0.206532,0.370740,0.102064,0.320664
bbc_20130322_332,E23,E24,1,0.000079,0.987065,0.002575,0.010281
bbc_20130322_332,E27,E30,0,0.933717,0.002801,0.014961,0.048522
bbc_20130322_332,E28,E30,0,0.876016,0.009046,0.027077,0.087861
bbc_20130322_332,E29,E30,1,0.014514,0.815518,0.037344,0.132623
bbc_20130322_332,E30,E31,1,0.149210,0.474602,0.085883,0.290305
bbc_20130322_332,E30,E33,1,0.109690,0.542072,0.080840,0.267399
bbc_20130322_332,E30,E34,1,0.303206,0.331511,0.091460,0.273823
bbc_20130322_332,E30,E35,1,0.052376,0.718075,0.061412,0.168138
bbc_20130322_332,E31,E36,1,0.043932,0.699771,0.063753,0.192544
bbc_20130322_332,E33,E36,0,0.849401,0.016986,0.034007,0.099605
bbc_20130322_332,E34,E36,0,0.897848,0.010111,0.023643,0.068398
bbc_20130322_332,E35,E36,0,0.964772,0.001482,0.010148,0.023597
bbc_20130322_332,E36,E37,0,0.995421,0.000021,0.001022,0.003536
bbc_20130322_332,E36,E38,0,0.993797,0.000029,0.001274,0.004900
bbc_20130322_332,E36,E40,0,0.980707,0.000227,0.004432,0.014634
bbc_20130322_1600,E2,E5,0,0.926066,0.003376,0.017622,0.052936
bbc_20130322_1600,E6,E7,1,0.064096,0.673076,0.071707,0.191122
bbc_20130322_1600,E6,E8,0,0.966223,0.001076,0.008615,0.024086
bbc_20130322_1600,E6,E9,0,0.892229,0.008844,0.024980,0.073947
bbc_20130322_1600,E7,E8,0,0.997050,0.000011,0.000656,0.002283
bbc_20130322_1600,E7,E9,0,0.991363,0.000091,0.002149,0.006398
bbc_20130322_1600,E8,E9,1,0.018611,0.836847,0.029299,0.115242
bbc_20130322_1600,E10,E11,0,0.711370,0.045959,0.057489,0.185183
bbc_20130322_1600,E10,E12,0,0.921104,0.003424,0.016937,0.058536
bbc_20130322_1600,E11,E12,0,0.853666,0.010934,0.030732,0.104668
bbc_20130322_1600,E16,E20,1,0.162580,0.434462,0.095749,0.307209
bbc_20130322_1600,E21,E22,0,0.914845,0.004419,0.018626,0.062110
bbc_20130322_1600,E2,E6,0,0.812164,0.022106,0.041119,0.124611
bbc_20130322_1600,E2,E7,1,0.081940,0.631721,0.073251,0.213088
bbc_20130322_1600,E2,E8,0,0.975038,0.000490,0.006260,0.018213
bbc_20130322_1600,E2,E9,0,0.930872,0.003933,0.015545,0.049650
bbc_20130322_1600,E5,E6,1,0.169654,0.464387,0.085999,0.279960
bbc_20130322_1600,E5,E7,1,0.001404,0.951035,0.011453,0.036109
bbc_20130322_1600,E5,E8,0,0.822303,0.024168,0.037030,0.116499
bbc_20130322_1600,E5,E9,0,0.480090,0.187519,0.076691,0.255699
bbc_20130322_1600,E6,E10,0,0.457659,0.164661,0.099841,0.277839
bbc_20130322_1600,E6,E11,0,0.515845,0.128016,0.084985,0.271155
bbc_20130322_1600,E6,E12,0,0.806897,0.019060,0.041177,0.132867
bbc_20130322_1600,E7,E10,0,0.898555,0.006503,0.022989,0.071952
bbc_20130322_1600,E7,E11,0,0.979723,0.000328,0.005133,0.014816
bbc_20130322_1600,E7,E12,0,0.992987,0.000050,0.001670,0.005294
bbc_20130322_1600,E8,E10,1,0.000952,0.958011,0.008928,0.032109
bbc_20130322_1600,E8,E11,1,0.031427,0.759603,0.044657,0.164313
bbc_20130322_1600,E8,E12,1,0.172208,0.457317,0.077287,0.293188
bbc_20130322_1600,E9,E10,1,0.023787,0.813963,0.039000,0.123250
bbc_20130322_1600,E9,E11,0,0.346840,0.287086,0.086509,0.279565
bbc_20130322_1600,E9,E12,0,0.688634,0.059706,0.053248,0.198412
bbc_20130322_1600,E10,E13,0,0.932723,0.002585,0.015094,0.049597
bbc_20130322_1600,E11,E13,0,0.785717,0.022332,0.044570,0.147381
bbc_20130322_1600,E12,E13,0,0.623639,0.067647,0.068906,0.239809
bbc_20130322_1600,E13,E30,1,0.079991,0.578303,0.078999,0.262707
bbc_20130322_1600,E30,E14,0,0.565515,0.090023,0.082853,0.261608
bbc_20130322_1600,E14,E16,0,0.981084,0.000321,0.005048,0.013546
bbc_20130322_1600,E14,E20,0,0.900300,0.005200,0.025234,0.069265
bbc_20130322_1600,E16,E21,0,0.508307,0.125620,0.078741,0.287332
bbc_20130322_1600,E16,E22,0,0.973385,0.000407,0.005509,0.020699
bbc_20130322_1600,E20,E21,0,0.608685,0.069945,0.073366,0.248004
bbc_20130322_1600,E20,E22,0,0.960266,0.000922,0.009390,0.029423
bbc_20130322_1600,E21,E25,0,0.980780,0.000192,0.003875,0.015152
bbc_20130322_1600,E22,E25,0,0.933758,0.002008,0.012486,0.051749
WSJ_20130322_804,E1,E2002,0,0.954189,0.000855,0.009534,0.035422
WSJ_20130322_804,E11,E13,0,0.656287,0.043070,0.060392,0.240251
WSJ_20130322_804,E11,E14,1,0.032873,0.702271,0.055086,0.209770
WSJ_20130322_804,E13,E14,1,0.010308,0.824899,0.035396,0.129397
WSJ_20130322_804,E22,E23,1,0.178909,0.369431,0.102946,0.348714
WSJ_20130322_804,E25,E26,0,0.916764,0.004051,0.020651,0.058535
WSJ_20130322_804,E25,E30,0,0.907857,0.003137,0.021133,0.067872
WSJ_20130322_804,E26,E30,0,0.951283,0.000954,0.010182,0.037581
WSJ_20130322_804,E9,E11,3,0.326361,0.224861,0.096155,0.352623
WSJ_20130322_804,E9,E13,0,0.852504,0.007692,0.027310,0.112494
WSJ_20130322_804,E9,E14,1,0.104382,0.504153,0.078778,0.312687
WSJ_20130322_804,E11,E16,1,0.170698,0.375885,0.091754,0.361663
WSJ_20130322_804,E13,E16,1,0.055271,0.600689,0.071676,0.272364
WSJ_20130322_804,E14,E16,3,0.283798,0.240585,0.092521,0.383096
WSJ_20130322_804,E16,E17,0,0.991208,0.000051,0.001802,0.006940
WSJ_20130322_804,E17,E18,1,0.000113,0.985913,0.003120,0.010854
WSJ_20130322_804,E21,E22,0,0.863615,0.006689,0.028498,0.101198
WSJ_20130322_804,E21,E23,3,0.333590,0.204446,0.102572,0.359391
WSJ_20130322_804,E22,E25,3,0.243826,0.278403,0.104760,0.373011
WSJ_20130322_804,E22,E26,0,0.587498,0.060046,0.074810,0.277646
WSJ_20130322_804,E22,E30,0,0.854708,0.007132,0.029852,0.108307
WSJ_20130322_804,E23,E25,0,0.638745,0.051248,0.065180,0.244827
WSJ_20130322_804,E23,E26,0,0.864504,0.006545,0.026441,0.102510
WSJ_20130322_804,E23,E30,0,0.945766,0.001173,0.011722,0.041338
WSJ_20130322_804,E25,E33,0,0.974673,0.000321,0.005645,0.019361
WSJ_20130322_804,E26,E33,0,0.957385,0.000693,0.008669,0.033252
WSJ_20130322_804,E30,E33,0,0.717809,0.024388,0.052065,0.205737
WSJ_20130322_804,E33,E35,1,0.030432,0.677452,0.061542,0.230575
WSJ_20130318_731,E1,E2,1,0.002069,0.942288,0.014495,0.041148
WSJ_20130318_731,E1,E3,1,0.127656,0.478996,0.094169,0.299178
WSJ_20130318_731,E2,E3,0,0.692907,0.060007,0.060801,0.186284
WSJ_20130318_731,E11,E12,1,0.001245,0.946365,0.012219,0.040171
WSJ_20130318_731,E11,E13,1,0.065862,0.628622,0.071289,0.234228
WSJ_20130318_731,E12,E13,0,0.355128,0.248004,0.097695,0.299172
WSJ_20130318_731,E20,E21,0,0.991629,0.000046,0.001719,0.006606
WSJ_20130318_731,E20,E22,0,0.992486,0.000039,0.001547,0.005928
WSJ_20130318_731,E21,E22,0,0.778591,0.016505,0.044830,0.160074
WSJ_20130318_731,E9,E10,1,0.004765,0.886753,0.024999,0.083484
WSJ_20130318_731,E10,E11,0,0.997245,0.000009,0.000599,0.002146
WSJ_20130318_731,E10,E12,0,0.985269,0.000154,0.003399,0.011178
WSJ_20130318_731,E10,E13,0,0.977154,0.000347,0.005447,0.017051
WSJ_20130318_731,E11,E14,1,0.055055,0.618285,0.077370,0.249291
WSJ_20130318_731,E12,E14,1,0.201452,0.383494,0.102590,0.312463
WSJ_20130318_731,E13,E14,0,0.537754,0.104311,0.089610,0.268325
CNN_20130322_1003,E1,E2,1,0.000266,0.983483,0.004592,0.011659
CNN_20130322_1003,E1,E3,1,0.307581,0.388152,0.086520,0.217747
CNN_20130322_1003,E1,E5,0,0.968282,0.001224,0.008051,0.022444
CNN_20130322_1003,E2,E3,0,0.963096,0.001795,0.009505,0.025604
CNN_20130322_1003,E2,E5,0,0.997104,0.000012,0.000646,0.002238
CNN_20130322_1003,E3,E5,0,0.931107,0.006091,0.016622,0.046180
CNN_20130322_1003,E6,E7,1,0.001149,0.972429,0.008405,0.018017
CNN_20130322_1003,E9,E10,0,0.518027,0.181765,0.065959,0.234249
CNN_20130322_1003,E9,E11,1,0.000580,0.972476,0.006159,0.020786
CNN_20130322_1003,E9,E1000,1,0.000009,0.997089,0.000605,0.002297
CNN_20130322_1003,E10,E11,1,0.004295,0.925775,0.016072,0.053858
CNN_20130322_1003,E10,E1000,1,0.000024,0.994976,0.001107,0.003893
CNN_20130322_1003,E11,E1000,1,0.003124,0.940440,0.014227,0.042209
CNN_20130322_1003,E12,E13,1,0.002504,0.944519,0.014582,0.038395
CNN_20130322_1003,E12,E14,1,0.000019,0.995340,0.001005,0.003636
CNN_20130322_1003,E12,E15,1,0.000013,0.996065,0.000811,0.003110
CNN_20130322_1003,E13,E14,1,0.000568,0.979171,0.005475,0.014785
CNN_20130322_1003,E13,E15,1,0.000248,0.985192,0.003874,0.010686
CNN_20130322_1003,E14,E15,1,0.022042,0.868848,0.030252,0.078857
CNN_20130322_1003,E17,E19,1,0.002642,0.926872,0.018950,0.051536
CNN_20130322_1003,E17,E20,0,0.964462,0.000954,0.009836,0.024747
CNN_20130322_1003,E19,E20,0,0.996090,0.000018,0.000903,0.002989
CNN_20130322_1003,E23,E27,0,0.833453,0.023690,0.037572,0.105285
CNN_20130322_1003,E30,E31,1,0.005645,0.893875,0.024400,0.076080
CNN_20130322_1003,E30,E32,1,0.000010,0.996436,0.000704,0.002851
CNN_20130322_1003,E30,E33,1,0.000015,0.995876,0.000864,0.003246
CNN_20130322_1003,E31,E32,1,0.000034,0.993460,0.001433,0.005072
CNN_20130322_1003,E31,E33,1,0.000053,0.992377,0.001780,0.005789
CNN_20130322_1003,E32,E33,1,0.141179,0.599965,0.070010,0.188846
CNN_20130322_1003,E34,E36,1,0.000019,0.995123,0.001053,0.003805
CNN_20130322_1003,E40,E41,1,0.000139,0.988530,0.003019,0.008313
CNN_20130322_1003,E40,E42,1,0.000141,0.988549,0.003243,0.008067
CNN_20130322_1003,E41,E42,1,0.007203,0.931346,0.019050,0.042402
CNN_20130322_1003,E43,E44,0,0.692710,0.055323,0.059403,0.192563
CNN_20130322_1003,E45,E47,0,0.575585,0.086601,0.080724,0.257089
CNN_20130322_1003,E55,E57,0,0.986848,0.000133,0.003158,0.009861
CNN_20130322_1003,E1,E6,0,0.799255,0.048482,0.047190,0.105073
CNN_20130322_1003,E1,E7,1,0.107613,0.679241,0.071621,0.141525
CNN_20130322_1003,E2,E6,0,0.987054,0.000253,0.003827,0.008866
CNN_20130322_1003,E2,E7,0,0.923159,0.008971,0.023185,0.044685
CNN_20130322_1003,E3,E6,0,0.588010,0.163647,0.074838,0.173504
CNN_20130322_1003,E3,E7,1,0.057268,0.778699,0.052536,0.111497
CNN_20130322_1003,E5,E6,1,0.017093,0.874476,0.030918,0.077513
CNN_20130322_1003,E5,E7,1,0.000517,0.979389,0.006223,0.013871
CNN_20130322_1003,E6,E9,0,0.996406,0.000021,0.000881,0.002692
CNN_20130322_1003,E6,E10,0,0.995769,0.000025,0.000978,0.003228
CNN_20130322_1003,E6,E11,0,0.574735,0.151091,0.074347,0.199826
CNN_20130322_1003,E6,E1000,1,0.006512,0.925031,0.018343,0.050114
CNN_20130322_1003,E7,E9,0,0.998049,0.000007,0.000488,0.001456
CNN_20130322_1003,E7,E10,0,0.997995,0.000007,0.000501,0.001497
CNN_20130322_1003,E7,E11,0,0.857750,0.022985,0.035533,0.083731
CNN_20130322_1003,E7,E1000,1,0.055185,0.778399,0.051679,0.114737
CNN_20130322_1003,E9,E12,1,0.098360,0.633782,0.064049,0.203809
CNN_20130322_1003,E9,E13,1,0.000341,0.980631,0.004631,0.014397
CNN_20130322_1003,E9,E14,1,0.000003,0.998434,0.000309,0.001255
CNN_20130322_1003,E9,E15,1,0.000003,0.998492,0.000290,0.001216
CNN_20130322_1003,E10,E12,0,0.503977,0.186721,0.075615,0.233687
CNN_20130322_1003,E10,E13,1,0.005285,0.931766,0.017008,0.045941
CNN_20130322_1003,E10,E14,1,0.000012,0.996687,0.000718,0.002583
CNN_20130322_1003,E10,E15,1,0.000011,0.997071,0.000665,0.002254
CNN_20130322_1003,E11,E12,0,0.968684,0.000987,0.007997,0.022332
CNN_20130322_1003,E11,E13,0,0.495103,0.211979,0.087409,0.205510
CNN_20130322_1003,E11,E14,1,0.001069,0.968777,0.007991,0.022162
CNN_20130322_1003,E11,E15,1,0.000538,0.976310,0.006097,0.017054
CNN_20130322_1003,E1000,E12,0,0.995614,0.000026,0.001043,0.003317
CNN_20130322_1003,E1000,E13,0,0.959756,0.002597,0.011362,0.026284
CNN_20130322_1003,E1000,E14,1,0.121739,0.651371,0.062823,0.164067
CNN_20130322_1003,E1000,E15,1,0.069210,0.735122,0.053886,0.141782
CNN_20130322_1003,E12,E17,1,0.000501,0.972697,0.007208,0.019593
CNN_20130322_1003,E12,E19,1,0.000076,0.989171,0.002395,0.008358
CNN_20130322_1003,E12,E20,0,0.358027,0.278961,0.095575,0.267437
CNN_20130322_1003,E13,E17,1,0.221429,0.466674,0.089987,0.221910
CNN_20130322_1003,E13,E19,1,0.007490,0.908302,0.022874,0.061334
CNN_20130322_1003,E13,E20,0,0.976199,0.000726,0.006390,0.016684
CNN_20130322_1003,E14,E17,0,0.835475,0.026685,0.037330,0.100510
CNN_20130322_1003,E14,E19,1,0.231993,0.452040,0.080441,0.235526
CNN_20130322_1003,E14,E20,0,0.995934,0.000025,0.000997,0.003044
CNN_20130322_1003,E15,E17,0,0.895249,0.010274,0.025514,0.068963
CNN_20130322_1003,E15,E19,0,0.393005,0.268778,0.085881,0.252337
CNN_20130322_1003,E15,E20,0,0.996520,0.000017,0.000826,0.002638
CNN_20130322_1003,E17,E21,1,0.207352,0.450380,0.095674,0.246594
CNN_20130322_1003,E19,E21,0,0.980745,0.000410,0.005048,0.013798
CNN_20130322_1003,E20,E21,1,0.005840,0.911532,0.021592,0.061037
CNN_20130322_1003,E21,E23,1,0.061447,0.733316,0.059807,0.145431
CNN_20130322_1003,E21,E27,0,0.974342,0.000735,0.006688,0.018236
CNN_20130322_1003,E30,E34,0,0.696130,0.049588,0.065206,0.189077
CNN_20130322_1003,E30,E36,1,0.000107,0.987677,0.002851,0.009364
CNN_20130322_1003,E31,E34,0,0.944575,0.001959,0.012364,0.041102
CNN_20130322_1003,E31,E36,1,0.002719,0.946829,0.012673,0.037779
CNN_20130322_1003,E32,E34,0,0.997931,0.000006,0.000456,0.001608
CNN_20130322_1003,E32,E36,0,0.839255,0.027886,0.035226,0.097633
CNN_20130322_1003,E33,E34,0,0.997543,0.000009,0.000570,0.001878
CNN_20130322_1003,E33,E36,0,0.607314,0.172968,0.063337,0.156381
CNN_20130322_1003,E34,E38,1,0.108557,0.491534,0.084263,0.315646
CNN_20130322_1003,E36,E38,0,0.991832,0.000073,0.002037,0.006057
CNN_20130322_1003,E38,E40,1,0.224232,0.382322,0.098884,0.294561
CNN_20130322_1003,E38,E41,1,0.000184,0.985169,0.003788,0.010859
CNN_20130322_1003,E38,E42,1,0.000214,0.984161,0.004387,0.011239
CNN_20130322_1003,E40,E43,0,0.910263,0.004467,0.020378,0.064892
CNN_20130322_1003,E40,E44,0,0.962985,0.001379,0.009731,0.025904
CNN_20130322_1003,E41,E43,0,0.989157,0.000104,0.002545,0.008195
CNN_20130322_1003,E41,E44,0,0.994792,0.000041,0.001330,0.003837
CNN_20130322_1003,E42,E43,0,0.989621,0.000120,0.002846,0.007412
CNN_20130322_1003,E42,E44,0,0.994821,0.000043,0.001427,0.003709
CNN_20130322_1003,E43,E45,0,0.418872,0.133302,0.099865,0.347960
CNN_20130322_1003,E43,E47,0,0.396800,0.181995,0.096532,0.324673
CNN_20130322_1003,E44,E45,1,0.025108,0.750445,0.052467,0.171980
CNN_20130322_1003,E44,E47,1,0.041623,0.700675,0.055785,0.201917
CNN_20130322_1003,E45,E48,0,0.657737,0.044936,0.075791,0.221536
CNN_20130322_1003,E47,E48,0,0.614900,0.067907,0.071635,0.245558
CNN_20130322_1003,E48,E50,0,0.971766,0.000401,0.006234,0.021599
CNN_20130322_1003,E50,E51,1,0.002660,0.916948,0.017626,0.062766
CNN_20130322_1003,E51,E52,0,0.935946,0.002028,0.014960,0.047067
CNN_20130322_1003,E52,E53,0,0.982507,0.000157,0.003728,0.013609
CNN_20130322_1003,E53,E55,1,0.074674,0.569632,0.094395,0.261299
