WSJ_20130322_159,E5,E6,1,0.013403,0.878398,0.027678,0.080521
WSJ_20130322_159,E5,E10,0,0.862627,0.014968,0.029294,0.093110
WSJ_20130322_159,E5,E11,0,0.945219,0.002161,0.011130,0.041490
WSJ_20130322_159,E6,E10,0,0.890486,0.007011,0.022651,0.079851
WSJ_20130322_159,E6,E11,0,0.966621,0.000782,0.007014,0.025583
WSJ_20130322_159,E10,E11,0,0.469584,0.155194,0.081555,0.293667
WSJ_20130322_159,E12,E14,1,0.226999,0.367441,0.092809,0.312751
WSJ_20130322_159,E18,E19,0,0.780947,0.024626,0.046104,0.148323
WSJ_20130322_159,E20,E22,1,0.000248,0.984717,0.003691,0.011344
WSJ_20130322_159,E29,E31,0,0.933750,0.002443,0.012292,0.051515
WSJ_20130322_159,E29,E34,1,0.138855,0.518321,0.075990,0.266833
WSJ_20130322_159,E29,E37,0,0.965447,0.000856,0.007134,0.026562
WSJ_20130322_159,E31,E34,1,0.006653,0.887982,0.024871,0.080494
WSJ_20130322_159,E31,E37,0,0.773161,0.027001,0.044381,0.155457
WSJ_20130322_159,E34,E37,0,0.990652,0.000092,0.001915,0.007340
WSJ_20130322_159,E38,E39,1,0.002428,0.941709,0.014848,0.041015
WSJ_20130322_159,E38,E40,1,0.078980,0.579826,0.079715,0.261478
WSJ_20130322_159,E39,E40,0,0.623905,0.082106,0.069641,0.224348
WSJ_20130322_159,E42,E44,1,0.000293,0.980458,0.004238,0.015010
WSJ_20130322_159,E46,E47,1,0.002410,0.938819,0.014411,0.044361
WSJ_20130322_159,E46,E49,1,0.020842,0.775030,0.043597,0.160531
WSJ_20130322_159,E47,E49,0,0.703094,0.054760,0.052274,0.189872
WSJ_20130322_159,E1,E5,1,0.043003,0.757165,0.049842,0.149989
WSJ_20130322_159,E1,E6,1,0.004174,0.919918,0.019552,0.056356
WSJ_20130322_159,E1,E10,3,0.307299,0.262718,0.097493,0.332490
WSJ_20130322_159,E1,E11,0,0.725995,0.037564,0.052879,0.183563
WSJ_20130322_159,E5,E12,0,0.992479,0.000070,0.001554,0.005897
WSJ_20130322_159,E5,E14,0,0.878158,0.010302,0.025058,0.086481
WSJ_20130322_159,E6,E12,0,0.991289,0.000090,0.001833,0.006788
WSJ_20130322_159,E6,E14,0,0.899909,0.006290,0.021813,0.071988
WSJ_20130322_159,E10,E12,0,0.854493,0.010276,0.027553,0.107678
WSJ_20130322_159,E10,E14,1,0.117927,0.518797,0.083309,0.279966
WSJ_20130322_159,E11,E12,0,0.843512,0.012794,0.031799,0.111895
WSJ_20130322_159,E11,E14,1,0.094016,0.560992,0.078978,0.266014
WSJ_20130322_159,E12,E18,0,0.930740,0.002178,0.013400,0.053682
WSJ_20130322_159,E12,E19,0,0.756704,0.030329,0.047994,0.164973
WSJ_20130322_159,E14,E18,0,0.984849,0.000167,0.002774,0.012210
WSJ_20130322_159,E14,E19,0,0.965482,0.000830,0.007414,0.026275
WSJ_20130322_159,E18,E20,1,0.003774,0.909095,0.020731,0.066399
WSJ_20130322_159,E18,E22,1,0.000032,0.995286,0.001007,0.003676
WSJ_20130322_159,E19,E20,1,0.001737,0.944587,0.012725,0.040950
WSJ_20130322_159,E19,E22,1,0.000016,0.996998,0.000630,0.002357
WSJ_20130322_159,E20,E26,1,0.065903,0.698749,0.060889,0.174459
WSJ_20130322_159,E22,E26,0,0.962953,0.001851,0.008813,0.026382
WSJ_20130322_159,E26,E29,0,0.961309,0.001089,0.007786,0.029816
WSJ_20130322_159,E26,E31,0,0.990159,0.000095,0.001917,0.007829
WSJ_20130322_159,E26,E34,0,0.794263,0.027487,0.041107,0.137144
WSJ_20130322_159,E26,E37,0,0.992414,0.000072,0.001587,0.005927
WSJ_20130322_159,E29,E38,0,0.725331,0.039426,0.051617,0.183627
WSJ_20130322_159,E29,E39,1,0.005071,0.913874,0.019081,0.061974
WSJ_20130322_159,E29,E40,1,0.113055,0.543909,0.072349,0.270687
WSJ_20130322_159,E31,E38,1,0.135067,0.467035,0.092724,0.305174
WSJ_20130322_159,E31,E39,1,0.000427,0.976979,0.005325,0.017269
WSJ_20130322_159,E31,E40,1,0.004083,0.908799,0.019810,0.067308
WSJ_20130322_159,E34,E38,0,0.939229,0.001865,0.012130,0.046776
WSJ_20130322_159,E34,E39,1,0.102821,0.602211,0.070351,0.224617
WSJ_20130322_159,E34,E40,0,0.589332,0.093989,0.073957,0.242722
WSJ_20130322_159,E37,E38,1,0.092127,0.530461,0.079569,0.297842
WSJ_20130322_159,E37,E39,1,0.000354,0.979240,0.004689,0.015718
WSJ_20130322_159,E37,E40,1,0.003142,0.920766,0.017029,0.059063
WSJ_20130322_159,E38,E42,0,0.981668,0.000260,0.003797,0.014275
WSJ_20130322_159,E38,E44,1,0.006231,0.887306,0.024608,0.081855
WSJ_20130322_159,E39,E42,0,0.986023,0.000172,0.002868,0.010938
WSJ_20130322_159,E39,E44,1,0.158926,0.488057,0.084395,0.268623
WSJ_20130322_159,E40,E42,0,0.976454,0.000393,0.004823,0.018330
WSJ_20130322_159,E40,E44,1,0.047295,0.694826,0.055859,0.202019
WSJ_20130322_159,E42,E46,0,0.629932,0.048340,0.063419,0.258309
WSJ_20130322_159,E42,E47,1,0.068060,0.599185,0.069404,0.263351
WSJ_20130322_159,E42,E49,1,0.073291,0.602665,0.065448,0.258596
WSJ_20130322_159,E44,E46,0,0.984148,0.000196,0.003150,0.012505
WSJ_20130322_159,E44,E47,0,0.876242,0.007404,0.022859,0.093495
WSJ_20130322_159,E44,E49,0,0.883665,0.007872,0.022852,0.085611
WSJ_20130322_159,E46,E55,0,0.876393,0.007373,0.024079,0.092154
WSJ_20130322_159,E47,E55,0,0.981282,0.000306,0.003939,0.014473
WSJ_20130322_159,E49,E55,0,0.955233,0.001480,0.009140,0.034146
nyt_20130322_strange_computer,E8,E11,0,0.996229,0.000022,0.000717,0.003032
nyt_20130322_strange_computer,E14,E16,1,0.002791,0.934674,0.016769,0.045767
nyt_20130322_strange_computer,E19,E22,0,0.673809,0.060334,0.063167,0.202691
nyt_20130322_strange_computer,E19,E23,1,0.073608,0.672576,0.065679,0.188136
nyt_20130322_strange_computer,E22,E23,1,0.216095,0.431747,0.092490,0.259668
nyt_20130322_strange_computer,E6,E8,1,0.124791,0.604620,0.068873,0.201716
nyt_20130322_strange_computer,E6,E11,0,0.991806,0.000077,0.001642,0.006474
nyt_20130322_strange_computer,E8,E14,0,0.995359,0.000033,0.000961,0.003647
nyt_20130322_strange_computer,E8,E16,0,0.912712,0.006719,0.020085,0.060484
nyt_20130322_strange_computer,E11,E14,0,0.756695,0.034357,0.050966,0.157982
nyt_20130322_strange_computer,E11,E16,1,0.005472,0.907000,0.022776,0.064752
nyt_20130322_strange_computer,E14,E19,1,0.212292,0.381479,0.099372,0.306858
nyt_20130322_strange_computer,E14,E22,0,0.342023,0.223786,0.104274,0.329918
nyt_20130322_strange_computer,E14,E23,1,0.021555,0.815301,0.041310,0.121833
nyt_20130322_strange_computer,E16,E19,0,0.952872,0.001388,0.010280,0.035459
nyt_20130322_strange_computer,E16,E22,0,0.964907,0.000848,0.007706,0.026539
nyt_20130322_strange_computer,E16,E23,0,0.819244,0.023344,0.038894,0.118518
nyt_20130322_strange_computer,E19,E24,0,0.867991,0.014412,0.029092,0.088505
nyt_20130322_strange_computer,E22,E24,0,0.918168,0.005458,0.019165,0.057209
nyt_20130322_strange_computer,E23,E24,0,0.968222,0.001102,0.007602,0.023075
CNN_20130321_821,E4,E5,0,0.353018,0.258316,0.108396,0.280270
CNN_20130321_821,E5,E8,0,0.943724,0.001679,0.011517,0.043081
CNN_20130321_821,E8,E1000,0,0.683104,0.042131,0.060525,0.214240
CNN_20130321_821,E1002,E20,0,0.748445,0.023702,0.053613,0.174240
nyt_20130321_cyprus,E2,E5,1,0.262117,0.339886,0.105361,0.292636
nyt_20130321_cyprus,E7,E2009,1,0.031444,0.727290,0.053453,0.187813
nyt_20130321_cyprus,E13,E15,3,0.294599,0.241779,0.104834,0.358787
nyt_20130321_cyprus,E22,E23,1,0.232764,0.375064,0.081794,0.310377
nyt_20130321_cyprus,E22,E24,1,0.000122,0.988872,0.002387,0.008620
nyt_20130321_cyprus,E23,E24,1,0.001738,0.949765,0.010585,0.037912
nyt_20130321_cyprus,E33,E35,0,0.370460,0.275509,0.088509,0.265523
nyt_20130321_cyprus,E41,E42,1,0.002132,0.939355,0.014381,0.044133
nyt_20130321_cyprus,E46,E47,0,0.900536,0.009132,0.021092,0.069240
nyt_20130321_cyprus,E48,E51,0,0.963063,0.001077,0.008874,0.026986
nyt_20130321_cyprus,E2,E7,0,0.926543,0.003190,0.017311,0.052956
nyt_20130321_cyprus,E2,E2009,0,0.691512,0.043449,0.063724,0.201315
nyt_20130321_cyprus,E5,E7,0,0.960478,0.001149,0.009205,0.029168
nyt_20130321_cyprus,E5,E2009,0,0.837274,0.013044,0.034969,0.114713
nyt_20130321_cyprus,E7,E9,1,0.000275,0.983191,0.003952,0.012582
nyt_20130321_cyprus,E2009,E9,1,0.022647,0.822415,0.041325,0.113614
nyt_20130321_cyprus,E10,E13,0,0.965698,0.000879,0.007849,0.025574
nyt_20130321_cyprus,E10,E15,0,0.969047,0.000654,0.006394,0.023905
nyt_20130321_cyprus,E13,E21,0,0.539295,0.121900,0.085669,0.253135
nyt_20130321_cyprus,E15,E21,0,0.853093,0.014877,0.030119,0.101911
nyt_20130321_cyprus,E21,E22,0,0.800933,0.023677,0.034764,0.140626
nyt_20130321_cyprus,E21,E23,0,0.440573,0.182500,0.080942,0.295984
nyt_20130321_cyprus,E21,E24,1,0.000202,0.985336,0.003260,0.011203
nyt_20130321_cyprus,E22,E25,1,0.000973,0.960914,0.008688,0.029425
nyt_20130321_cyprus,E23,E25,1,0.032471,0.759113,0.045523,0.162892
nyt_20130321_cyprus,E24,E25,0,0.905755,0.005676,0.019435,0.069134
nyt_20130321_cyprus,E33,E36,0,0.345519,0.242745,0.093382,0.318355
nyt_20130321_cyprus,E35,E36,0,0.553605,0.103983,0.071259,0.271154
nyt_20130321_cyprus,E36,E41,0,0.943279,0.001568,0.011076,0.044077
nyt_20130321_cyprus,E36,E42,1,0.050250,0.692246,0.058670,0.198833
nyt_20130321_cyprus,E46,E48,1,0.076687,0.659448,0.069821,0.194045
nyt_20130321_cyprus,E46,E51,0,0.951882,0.002016,0.011064,0.035038
nyt_20130321_cyprus,E47,E48,1,0.001053,0.965921,0.008959,0.024067
nyt_20130321_cyprus,E47,E51,0,0.577276,0.129110,0.067141,0.226474
nyt_20130321_cyprus,E48,E57,1,0.016688,0.853164,0.035264,0.094884
nyt_20130321_cyprus,E51,E57,1,0.000116,0.990105,0.002274,0.007505
bbc_20130322_1353,E1,E5,1,0.000238,0.984567,0.003628,0.011567
bbc_20130322_1353,E8,E10,1,0.000322,0.982506,0.004519,0.012653
bbc_20130322_1353,E15,E16,1,0.012717,0.851105,0.031482,0.104696
bbc_20130322_1353,E19,E20,1,0.002631,0.963090,0.010300,0.023979
bbc_20130322_1353,E19,E21,1,0.028757,0.842750,0.038166,0.090327
bbc_20130322_1353,E20,E21,0,0.569158,0.209370,0.059403,0.162069
bbc_20130322_1353,E23,E25,1,0.238359,0.440665,0.076319,0.244657
bbc_20130322_1353,E23,E26,1,0.000903,0.967658,0.008119,0.023319
bbc_20130322_1353,E23,E27,1,0.000093,0.991858,0.001923,0.006126
bbc_20130322_1353,E25,E26,1,0.000472,0.979345,0.005128,0.015056
bbc_20130322_1353,E25,E27,1,0.000052,0.994185,0.001330,0.004433
bbc_20130322_1353,E26,E27,1,0.001527,0.959323,0.010512,0.028638
bbc_20130322_1353,E28,E29,1,0.000240,0.985386,0.003517,0.010857
bbc_20130322_1353,E28,E31,1,0.000236,0.986574,0.003321,0.009870
bbc_20130322_1353,E29,E31,1,0.158704,0.575646,0.067802,0.197848
bbc_20130322_1353,E33,E34,0,0.880740,0.009405,0.023797,0.086058
bbc_20130322_1353,E35,E36,0,0.384481,0.235164,0.090889,0.289466
bbc_20130322_1353,E35,E37,1,0.002805,0.928174,0.017442,0.051579
bbc_20130322_1353,E36,E37,1,0.004164,0.914219,0.019056,0.062560
bbc_20130322_1353,E1,E8,1,0.174773,0.407968,0.105899,0.311359
bbc_20130322_1353,E1,E10,1,0.000254,0.984672,0.003711,0.011363
bbc_20130322_1353,E5,E8,0,0.984922,0.000240,0.003406,0.011432
bbc_20130322_1353,E5,E10,1,0.303211,0.408936,0.076517,0.211336
bbc_20130322_1353,E8,E11,0,0.541953,0.098822,0.074603,0.284622
bbc_20130322_1353,E10,E11,0,0.983071,0.000299,0.003917,0.012713
bbc_20130322_1353,E11,E13,0,0.441441,0.180586,0.083552,0.294422
bbc_20130322_1353,E13,E15,0,0.941485,0.002401,0.014120,0.041994
bbc_20130322_1353,E13,E16,0,0.711411,0.064325,0.055667,0.168597
bbc_20130322_1353,E15,E17,1,0.010128,0.851007,0.031644,0.107221
bbc_20130322_1353,E16,E17,1,0.063852,0.620735,0.067255,0.248159
bbc_20130322_1353,E17,E19,1,0.228790,0.436409,0.081694,0.253107
bbc_20130322_1353,E17,E20,1,0.002896,0.949527,0.012282,0.035295
bbc_20130322_1353,E17,E21,1,0.035102,0.795802,0.043338,0.125758
bbc_20130322_1353,E19,E23,0,0.828324,0.025862,0.038352,0.107462
bbc_20130322_1353,E19,E25,0,0.797853,0.042036,0.041963,0.118149
bbc_20130322_1353,E19,E26,1,0.056918,0.747107,0.055465,0.140509
bbc_20130322_1353,E19,E27,1,0.001232,0.964807,0.009244,0.024717
bbc_20130322_1353,E20,E23,0,0.960469,0.002572,0.009538,0.027421
bbc_20130322_1353,E20,E25,0,0.973196,0.001546,0.006378,0.018880
bbc_20130322_1353,E20,E26,0,0.615398,0.160399,0.061944,0.162259
bbc_20130322_1353,E20,E27,1,0.030509,0.851547,0.031407,0.086537
bbc_20130322_1353,E21,E23,0,0.845391,0.029742,0.034311,0.090555
bbc_20130322_1353,E21,E25,0,0.888785,0.017293,0.023041,0.070881
bbc_20130322_1353,E21,E26,1,0.175479,0.563769,0.070033,0.190719
bbc_20130322_1353,E21,E27,1,0.002761,0.957201,0.011269,0.028770
bbc_20130322_1353,E23,E28,1,0.254194,0.420067,0.085140,0.240598
bbc_20130322_1353,E23,E29,1,0.012447,0.890563,0.026080,0.070910
bbc_20130322_1353,E23,E31,1,0.019496,0.864181,0.030658,0.085665
bbc_20130322_1353,E25,E28,1,0.219277,0.489346,0.073174,0.218204
bbc_20130322_1353,E25,E29,1,0.002058,0.960179,0.009674,0.028089
bbc_20130322_1353,E25,E31,1,0.010915,0.910503,0.020037,0.058545
bbc_20130322_1353,E26,E28,0,0.922139,0.005853,0.018075,0.053933
bbc_20130322_1353,E26,E29,1,0.313912,0.361497,0.082248,0.242343
bbc_20130322_1353,E26,E31,0,0.598765,0.140477,0.065614,0.195144
bbc_20130322_1353,E27,E28,0,0.987521,0.000210,0.002990,0.009278
bbc_20130322_1353,E27,E29,0,0.861175,0.021583,0.029538,0.087704
bbc_20130322_1353,E27,E31,0,0.941523,0.004753,0.013432,0.040291
bbc_20130322_1353,E28,E33,1,0.024836,0.804798,0.041873,0.128493
bbc_20130322_1353,E28,E34,0,0.600211,0.101727,0.061776,0.236287
bbc_20130322_1353,E29,E33,0,0.873977,0.013207,0.025848,0.086968
bbc_20130322_1353,E29,E34,0,0.979348,0.000325,0.004095,0.016231
bbc_20130322_1353,E31,E33,0,0.938029,0.004608,0.013508,0.043855
bbc_20130322_1353,E31,E34,0,0.988892,0.000131,0.002234,0.008742
bbc_20130322_1353,E33,E35,0,0.985509,0.000167,0.002845,0.011479
bbc_20130322_1353,E33,E36,0,0.981539,0.000321,0.004162,0.013978
bbc_20130322_1353,E33,E37,0,0.511020,0.145969,0.092044,0.250967
bbc_20130322_1353,E34,E35,0,0.980351,0.000267,0.003812,0.015570
bbc_20130322_1353,E34,E36,0,0.898001,0.005589,0.019507,0.076903
bbc_20130322_1353,E34,E37,1,0.266348,0.338722,0.090445,0.304485
nyt_20130321_women_senate,E1000009,E2,0,0.450084,0.225117,0.076728,0.248071
nyt_20130321_women_senate,E4,E5,1,0.000625,0.975510,0.006277,0.017589
nyt_20130321_women_senate,E4,E6,0,0.432579,0.260845,0.079355,0.227222
nyt_20130321_women_senate,E5,E6,0,0.972392,0.000902,0.006857,0.019849
nyt_20130321_women_senate,E9,E10,0,0.990129,0.000125,0.002188,0.007558
nyt_20130321_women_senate,E11,E12,0,0.880603,0.012333,0.026695,0.080369
nyt_20130321_women_senate,E14,E15,1,0.125282,0.591501,0.075646,0.207571
nyt_20130321_women_senate,E16,E17,1,0.063102,0.672433,0.059586,0.204880
nyt_20130321_women_senate,E19,E20,1,0.001438,0.962909,0.009775,0.025879
nyt_20130321_women_senate,E19,E21,1,0.242879,0.377019,0.097914,0.282188
nyt_20130321_women_senate,E20,E21,0,0.882254,0.011976,0.026384,0.079386
nyt_20130321_women_senate,E23,E24,0,0.795959,0.027519,0.041818,0.134705
nyt_20130321_women_senate,E26,E27,0,0.920737,0.006407,0.022167,0.050688
nyt_20130321_women_senate,E26,E1000014,0,0.839340,0.020476,0.037619,0.102565
nyt_20130321_women_senate,E27,E1000014,1,0.163557,0.521090,0.097315,0.218038
nyt_20130321_women_senate,E37,E1000015,0,0.453559,0.158580,0.095175,0.292686
nyt_20130321_women_senate,E40,E41,0,0.973286,0.000519,0.005661,0.020533
nyt_20130321_women_senate,E40,E42,0,0.640884,0.077012,0.066333,0.215771
nyt_20130321_women_senate,E41,E42,1,0.039993,0.707465,0.060552,0.191990
nyt_20130321_women_senate,E43,E47,0,0.979589,0.000343,0.004353,0.015716
nyt_20130321_women_senate,E43,E48,0,0.987142,0.000152,0.002608,0.010098
nyt_20130321_women_senate,E47,E48,0,0.828835,0.015454,0.035223,0.120488
nyt_20130321_women_senate,E49,E50,0,0.938170,0.002652,0.013420,0.045758
nyt_20130321_women_senate,E49,E53,1,0.009442,0.908906,0.021912,0.059741
nyt_20130321_women_senate,E50,E53,1,0.000250,0.986220,0.003465,0.010065
nyt_20130321_women_senate,E1000009,E4,1,0.255341,0.419478,0.078862,0.246319
nyt_20130321_women_senate,E1000009,E5,1,0.000217,0.986324,0.003324,0.010135
nyt_20130321_women_senate,E1000009,E6,1,0.121561,0.639589,0.069399,0.169451
nyt_20130321_women_senate,E2,E4,0,0.750192,0.049631,0.046371,0.153806
nyt_20130321_women_senate,E2,E5,1,0.001101,0.964334,0.009198,0.025366
nyt_20130321_women_senate,E2,E6,0,0.553282,0.153992,0.074486,0.218240
nyt_20130321_women_senate,E4,E7,0,0.902708,0.009967,0.021863,0.065462
nyt_20130321_women_senate,E5,E7,0,0.992630,0.000084,0.001683,0.005603
nyt_20130321_women_senate,E6,E7,0,0.933282,0.004748,0.016001,0.045970
nyt_20130321_women_senate,E7,E8,1,0.000647,0.974124,0.006496,0.018733
nyt_20130321_women_senate,E8,E9,0,0.982944,0.000406,0.003897,0.012752
nyt_20130321_women_senate,E8,E10,0,0.998453,0.000005,0.000293,0.001248
nyt_20130321_women_senate,E11,E1000012,0,0.957858,0.001418,0.009389,0.031336
nyt_20130321_women_senate,E12,E1000012,0,0.720439,0.055429,0.052417,0.171715
nyt_20130321_women_senate,E14,E16,0,0.975285,0.000576,0.005473,0.018666
nyt_20130321_women_senate,E14,E17,0,0.932078,0.003468,0.014675,0.049779
nyt_20130321_women_senate,E15,E16,0,0.945894,0.002365,0.011773,0.039968
nyt_20130321_women_senate,E15,E17,0,0.855673,0.013475,0.029896,0.100957
nyt_20130321_women_senate,E16,E19,1,0.002172,0.945667,0.013233,0.038928
nyt_20130321_women_senate,E16,E20,1,0.000061,0.993220,0.001527,0.005192
nyt_20130321_women_senate,E16,E21,1,0.004147,0.913184,0.020406,0.062264
nyt_20130321_women_senate,E17,E19,1,0.051793,0.720649,0.057442,0.170117
nyt_20130321_women_senate,E17,E20,1,0.000381,0.980441,0.004797,0.014381
nyt_20130321_women_senate,E17,E21,1,0.082080,0.606494,0.076342,0.235084
nyt_20130321_women_senate,E19,E22,0,0.746629,0.040850,0.052643,0.159878
nyt_20130321_women_senate,E20,E22,0,0.976131,0.000549,0.005503,0.017816
nyt_20130321_women_senate,E21,E22,0,0.797162,0.022349,0.044120,0.136368
nyt_20130321_women_senate,E22,E23,0,0.778038,0.026804,0.043990,0.151168
nyt_20130321_women_senate,E22,E24,0,0.948208,0.002276,0.012057,0.037459
nyt_20130321_women_senate,E23,E25,0,0.930316,0.002454,0.014528,0.052703
nyt_20130321_women_senate,E24,E25,0,0.532226,0.111374,0.074737,0.281663
nyt_20130321_women_senate,E25,E26,1,0.000997,0.962823,0.009061,0.027120
nyt_20130321_women_senate,E25,E27,1,0.045336,0.721817,0.067203,0.165644
nyt_20130321_women_senate,E25,E1000014,1,0.014877,0.827906,0.039618,0.117600
nyt_20130321_women_senate,E26,E29,0,0.937581,0.002616,0.014837,0.044966
nyt_20130321_women_senate,E27,E29,1,0.243444,0.359678,0.115420,0.281458
nyt_20130321_women_senate,E1000014,E29,3,0.299834,0.285486,0.105337,0.309343
nyt_20130321_women_senate,E29,E36,0,0.977961,0.000425,0.005021,0.016593
nyt_20130321_women_senate,E36,E37,0,0.704632,0.042525,0.051778,0.201065
nyt_20130321_women_senate,E36,E1000015,0,0.763903,0.028603,0.050439,0.157055
nyt_20130321_women_senate,E37,E40,1,0.000758,0.967660,0.007606,0.023976
nyt_20130321_women_senate,E37,E41,0,0.431646,0.178685,0.092829,0.296839
nyt_20130321_women_senate,E37,E42,1,0.001660,0.946971,0.012550,0.038819
nyt_20130321_women_senate,E1000015,E40,1,0.008560,0.881274,0.030507,0.079659
nyt_20130321_women_senate,E1000015,E41,0,0.762062,0.030577,0.052915,0.154446
nyt_20130321_women_senate,E1000015,E42,1,0.028632,0.766044,0.056595,0.148729
nyt_20130321_women_senate,E40,E43,0,0.528866,0.134407,0.076868,0.259859
nyt_20130321_women_senate,E40,E47,0,0.959146,0.001056,0.008631,0.031167
nyt_20130321_women_senate,E40,E48,0,0.975941,0.000414,0.005021,0.018624
nyt_20130321_women_senate,E41,E43,1,0.021687,0.784016,0.045277,0.149019
nyt_20130321_women_senate,E41,E47,0,0.574712,0.083384,0.074951,0.266953
nyt_20130321_women_senate,E41,E48,0,0.789764,0.018135,0.042231,0.149870
nyt_20130321_women_senate,E42,E43,0,0.466101,0.171468,0.085460,0.276970
nyt_20130321_women_senate,E42,E47,0,0.952243,0.001406,0.010400,0.035951
nyt_20130321_women_senate,E42,E48,0,0.970498,0.000600,0.006322,0.022581
nyt_20130321_women_senate,E43,E49,0,0.805107,0.026615,0.039346,0.128932
nyt_20130321_women_senate,E43,E50,0,0.983611,0.000240,0.003437,0.012712
nyt_20130321_women_senate,E43,E53,1,0.037944,0.814965,0.038803,0.108288
nyt_20130321_women_senate,E47,E49,1,0.049353,0.711370,0.057162,0.182115
nyt_20130321_women_senate,E47,E50,0,0.720165,0.047650,0.051318,0.180867
nyt_20130321_women_senate,E47,E53,1,0.000225,0.986903,0.003254,0.009618
nyt_20130321_women_senate,E48,E49,1,0.037529,0.729608,0.055285,0.177578
nyt_20130321_women_senate,E48,E50,0,0.665787,0.059407,0.060343,0.214463
nyt_20130321_women_senate,E48,E53,1,0.000240,0.985590,0.003509,0.010661
bbc_20130322_1150,E1,E2,0,0.948641,0.003533,0.012898,0.034928
bbc_20130322_1150,E6,E7,1,0.009404,0.862159,0.029562,0.098874
bbc_20130322_1150,E8,E10,1,0.083697,0.669008,0.069721,0.177574
bbc_20130322_1150,E8,E11,0,0.786107,0.036196,0.049967,0.127729
bbc_20130322_1150,E10,E11,0,0.666902,0.097673,0.066642,0.168783
bbc_20130322_1150,E14,E15,1,0.108954,0.588101,0.068675,0.234270
bbc_20130322_1150,E14,E17,0,0.505327,0.155204,0.074438,0.265031
bbc_20130322_1150,E15,E17,0,0.789576,0.029734,0.039094,0.141596
bbc_20130322_1150,E19,E20,1,0.122159,0.569777,0.078386,0.229678
bbc_20130322_1150,E19,E21,0,0.842636,0.017627,0.031140,0.108598
bbc_20130322_1150,E20,E21,0,0.879558,0.011220,0.025238,0.083984
bbc_20130322_1150,E23,E24,0,0.387207,0.222369,0.099703,0.290722
bbc_20130322_1150,E29,E30,0,0.987775,0.000231,0.003252,0.008742
bbc_20130322_1150,E53,E35,0,0.997933,0.000008,0.000375,0.001684
bbc_20130322_1150,E39,E40,0,0.966008,0.001003,0.008108,0.024882
bbc_20130322_1150,E41,E42,1,0.000577,0.974504,0.006262,0.018657
bbc_20130322_1150,E41,E43,1,0.160360,0.537182,0.076247,0.226212
bbc_20130322_1150,E42,E43,0,0.989978,0.000116,0.002110,0.007796
bbc_20130322_1150,E1,E3,0,0.985905,0.000275,0.003355,0.010465
bbc_20130322_1150,E2,E3,0,0.567897,0.156139,0.069414,0.206549
bbc_20130322_1150,E3,E4,1,0.001309,0.964603,0.009936,0.024152
bbc_20130322_1150,E4,E6,0,0.998744,0.000003,0.000204,0.001049
bbc_20130322_1150,E4,E7,0,0.983603,0.000247,0.003483,0.012666
bbc_20130322_1150,E6,E8,1,0.000232,0.984488,0.003576,0.011704
bbc_20130322_1150,E6,E10,1,0.000133,0.989339,0.002480,0.008047
bbc_20130322_1150,E6,E11,1,0.000749,0.970210,0.007415,0.021625
bbc_20130322_1150,E7,E8,1,0.013469,0.853179,0.034769,0.098583
bbc_20130322_1150,E7,E10,1,0.006460,0.911623,0.022107,0.059809
bbc_20130322_1150,E7,E11,1,0.090392,0.635024,0.075344,0.199240
bbc_20130322_1150,E8,E12,0,0.796349,0.026183,0.044546,0.132923
bbc_20130322_1150,E10,E12,0,0.906959,0.007885,0.021464,0.063692
bbc_20130322_1150,E11,E12,0,0.444874,0.212366,0.091132,0.251628
bbc_20130322_1150,E12,E14,0,0.949802,0.001918,0.012764,0.035515
bbc_20130322_1150,E12,E15,0,0.871969,0.011185,0.029608,0.087238
bbc_20130322_1150,E12,E17,0,0.951866,0.001429,0.010302,0.036403
bbc_20130322_1150,E18,E19,0,0.746787,0.033474,0.060223,0.159516
bbc_20130322_1150,E18,E20,0,0.579365,0.116023,0.093646,0.210967
bbc_20130322_1150,E18,E21,0,0.942107,0.002251,0.015013,0.040628
bbc_20130322_1150,E19,E23,0,0.735773,0.042405,0.051323,0.170500
bbc_20130322_1150,E19,E24,1,0.202880,0.435518,0.088691,0.272912
bbc_20130322_1150,E20,E23,0,0.698947,0.052838,0.054663,0.193551
bbc_20130322_1150,E20,E24,1,0.240174,0.413653,0.097006,0.249166
bbc_20130322_1150,E21,E23,0,0.426206,0.201318,0.078867,0.293609
bbc_20130322_1150,E21,E24,1,0.053339,0.730233,0.053627,0.162801
bbc_20130322_1150,E28,E29,1,0.000101,0.991414,0.002227,0.006258
bbc_20130322_1150,E28,E30,1,0.029585,0.789475,0.040318,0.140622
bbc_20130322_1150,E29,E34,0,0.998258,0.000007,0.000366,0.001369
bbc_20130322_1150,E30,E34,0,0.978642,0.000515,0.004651,0.016192
bbc_20130322_1150,E34,E53,1,0.001041,0.964924,0.008343,0.025692
bbc_20130322_1150,E34,E35,0,0.983705,0.000247,0.003306,0.012742
bbc_20130322_1150,E53,E36,0,0.990568,0.000115,0.002104,0.007213
bbc_20130322_1150,E35,E36,1,0.018305,0.807691,0.044755,0.129248
bbc_20130322_1150,E36,E39,1,0.003185,0.929170,0.018006,0.049639
bbc_20130322_1150,E36,E40,1,0.023852,0.788108,0.044550,0.143490
bbc_20130322_1150,E39,E41,0,0.990126,0.000102,0.001994,0.007778
bbc_20130322_1150,E39,E42,1,0.073610,0.684016,0.066153,0.176221
bbc_20130322_1150,E39,E43,0,0.937052,0.003712,0.014601,0.044635
bbc_20130322_1150,E40,E41,0,0.937271,0.002855,0.014593,0.045282
bbc_20130322_1150,E40,E42,1,0.001319,0.955574,0.010797,0.032310
bbc_20130322_1150,E40,E43,0,0.587256,0.108876,0.068837,0.235030
bbc_20130322_1150,E41,E44,1,0.104798,0.631776,0.069015,0.194411
bbc_20130322_1150,E42,E44,0,0.992132,0.000089,0.001718,0.006061
bbc_20130322_1150,E43,E44,0,0.414894,0.269485,0.079489,0.236132
bbc_20130322_332,E1,E2,0,0.708025,0.052768,0.059257,0.179949
bbc_20130322_332,E1,E3,1,0.067439,0.662666,0.067971,0.201925
bbc_20130322_332,E1,E4,1,0.000130,0.989562,0.002435,0.007873
bbc_20130322_332,E2,E3,1,0.031924,0.762719,0.057760,0.147598
bbc_20130322_332,E2,E4,1,0.000090,0.991226,0.001963,0.006721
bbc_20130322_332,E3,E4,1,0.000464,0.977845,0.005457,0.016234
bbc_20130322_332,E12,E13,1,0.078869,0.561203,0.082412,0.277516
bbc_20130322_332,E17,E18,3,0.299970,0.218312,0.113314,0.368404
bbc_20130322_332,E22,E23,0,0.992521,0.000074,0.001618,0.005788
bbc_20130322_332,E27,E28,1,0.271424,0.360497,0.099457,0.268623
bbc_20130322_332,E27,E29,0,0.978211,0.000546,0.005220,0.016023
bbc_20130322_332,E28,E29,0,0.967728,0.001095,0.007951,0.023226
bbc_20130322_332,E31,E33,1,0.098490,0.645814,0.069010,0.186686
bbc_20130322_332,E31,E34,1,0.177366,0.509276,0.080933,0.232425
bbc_20130322_332,E31,E35,1,0.115473,0.592680,0.089877,0.201970
bbc_20130322_332,E33,E34,0,0.590036,0.157237,0.063950,0.188777
bbc_20130322_332,E33,E35,0,0.789093,0.048747,0.047502,0.114657
bbc_20130322_332,E34,E35,0,0.788592,0.056318,0.044967,0.110123
bbc_20130322_332,E37,E38,0,0.666198,0.053688,0.061787,0.218328
bbc_20130322_332,E37,E40,0,0.762145,0.027044,0.046738,0.164072
bbc_20130322_332,E38,E40,0,0.687230,0.055986,0.058742,0.198043
bbc_20130322_332,E1,E5,0,0.804041,0.017877,0.038286,0.139796
bbc_20130322_332,E2,E5,0,0.779350,0.024918,0.047901,0.147831
bbc_20130322_332,E3,E5,0,0.955617,0.001392,0.010382,0.032609
bbc_20130322_332,E4,E5,0,0.996492,0.000020,0.000695,0.002794
bbc_20130322_332,E5,E9,1,0.005903,0.894505,0.024161,0.075431
bbc_20130322_332,E9,E11,1,0.179985,0.416796,0.116449,0.286770
bbc_20130322_332,E11,E12,0,0.955933,0.001372,0.010618,0.032078
bbc_20130322_332,E11,E13,0,0.960777,0.000929,0.008491,0.029803
bbc_20130322_332,E12,E17,1,0.016067,0.795000,0.046193,0.142740
bbc_20130322_332,E12,E18,1,0.008139,0.864130,0.031277,0.096455
bbc_20130322_332,E13,E17,1,0.129844,0.426163,0.103842,0.340150
bbc_20130322_332,E13,E18,1,0.098321,0.504884,0.093633,0.303161
bbc_20130322_332,E17,E19,0,0.888903,0.004706,0.022962,0.083429
bbc_20130322_332,E18,E19,0,0.889260,0.004877,0.023248,0.082615
bbc_20130322_332,E19,E22,1,0.009276,0.861602,0.034494,0.094627
bbc_20130322_332,E19,E23,0,0.771699,0.026042,0.051673,0.150586
bbc_20130322_332,E22,E24,1,0.253548,0.373845,0.091105,0.281502
bbc_20130322_332,E23,E24,1,0.000361,0.979704,0.004746,0.015189
bbc_20130322_332,E27,E30,0,0.951640,0.001676,0.011500,0.035184
bbc_20130322_332,E28,E30,0,0.937942,0.002633,0.015097,0.044328
bbc_20130322_332,E29,E30,1,0.177508,0.492042,0.086012,0.244438
bbc_20130322_332,E30,E31,1,0.090025,0.578859,0.083063,0.248053
bbc_20130322_332,E30,E33,1,0.103539,0.604315,0.078126,0.214021
bbc_20130322_332,E30,E34,1,0.187086,0.489589,0.083938,0.239386
bbc_20130322_332,E30,E35,0,0.423705,0.236771,0.101400,0.238124
bbc_20130322_332,E31,E36,1,0.174914,0.491875,0.079819,0.253392
bbc_20130322_332,E33,E36,0,0.630705,0.113579,0.061454,0.194261
bbc_20130322_332,E34,E36,0,0.665200,0.121298,0.056117,0.157386
bbc_20130322_332,E35,E36,0,0.667455,0.108113,0.063333,0.161100
bbc_20130322_332,E36,E37,0,0.980723,0.000360,0.004477,0.014439
bbc_20130322_332,E36,E38,0,0.984530,0.000216,0.003235,0.012019
bbc_20130322_332,E36,E40,0,0.981175,0.000293,0.003948,0.014584
bbc_20130322_1600,E2,E5,0,0.622408,0.100872,0.068453,0.208266
bbc_20130322_1600,E6,E7,1,0.065993,0.749781,0.052650,0.131577
bbc_20130322_1600,E6,E8,0,0.963760,0.001543,0.009141,0.025556
bbc_20130322_1600,E6,E9,0,0.649121,0.092027,0.061650,0.197202
bbc_20130322_1600,E7,E8,0,0.989869,0.000179,0.002463,0.007489
bbc_20130322_1600,E7,E9,0,0.989503,0.000165,0.002331,0.008001
bbc_20130322_1600,E8,E9,1,0.200625,0.499397,0.067678,0.232300
bbc_20130322_1600,E10,E11,0,0.588362,0.127830,0.072904,0.210904
bbc_20130322_1600,E10,E12,0,0.963941,0.001296,0.008578,0.026185
bbc_20130322_1600,E11,E12,0,0.897532,0.008700,0.023556,0.070211
bbc_20130322_1600,E16,E20,0,0.422977,0.211625,0.090921,0.274477
bbc_20130322_1600,E21,E22,0,0.667956,0.092524,0.061828,0.177692
bbc_20130322_1600,E2,E6,0,0.844212,0.022610,0.035219,0.097959
bbc_20130322_1600,E2,E7,1,0.260498,0.429716,0.081279,0.228507
bbc_20130322_1600,E2,E8,0,0.972472,0.000806,0.006782,0.019940
bbc_20130322_1600,E2,E9,0,0.963391,0.001285,0.008137,0.027186
bbc_20130322_1600,E5,E6,0,0.774707,0.041572,0.044033,0.139688
bbc_20130322_1600,E5,E7,1,0.262807,0.446052,0.075935,0.215205
bbc_20130322_1600,E5,E8,0,0.978526,0.000569,0.005211,0.015694
bbc_20130322_1600,E5,E9,0,0.958111,0.001820,0.009015,0.031055
bbc_20130322_1600,E6,E10,1,0.002324,0.946429,0.014339,0.036908
bbc_20130322_1600,E6,E11,1,0.056715,0.723677,0.059591,0.160017
bbc_20130322_1600,E6,E12,0,0.910717,0.008607,0.020917,0.059759
bbc_20130322_1600,E7,E10,1,0.250342,0.487270,0.075342,0.187047
bbc_20130322_1600,E7,E11,0,0.868972,0.023946,0.030251,0.076831
bbc_20130322_1600,E7,E12,0,0.952210,0.003644,0.012144,0.032002
bbc_20130322_1600,E8,E10,1,0.000258,0.985605,0.003543,0.010594
bbc_20130322_1600,E8,E11,1,0.003965,0.938677,0.014587,0.042771
bbc_20130322_1600,E8,E12,1,0.084356,0.695966,0.054125,0.165553
bbc_20130322_1600,E9,E10,1,0.001872,0.958979,0.009751,0.029398
bbc_20130322_1600,E9,E11,1,0.042989,0.797920,0.042252,0.116839
bbc_20130322_1600,E9,E12,0,0.427348,0.265413,0.071969,0.235270
bbc_20130322_1600,E10,E13,0,0.989964,0.000155,0.002281,0.007600
bbc_20130322_1600,E11,E13,0,0.962699,0.001666,0.009055,0.026579
bbc_20130322_1600,E12,E13,0,0.939366,0.004358,0.014340,0.041935
bbc_20130322_1600,E13,E30,1,0.009792,0.871081,0.032036,0.087091
bbc_20130322_1600,E30,E14,0,0.791778,0.026918,0.048752,0.132551
bbc_20130322_1600,E14,E16,0,0.900674,0.007263,0.023293,0.068770
bbc_20130322_1600,E14,E20,0,0.767942,0.034076,0.051128,0.146855
bbc_20130322_1600,E16,E21,1,0.220803,0.459363,0.077915,0.241919
bbc_20130322_1600,E16,E22,0,0.693717,0.064139,0.053117,0.189027
bbc_20130322_1600,E20,E21,0,0.643839,0.096668,0.068691,0.190802
bbc_20130322_1600,E20,E22,0,0.905995,0.008168,0.022951,0.062886
bbc_20130322_1600,E21,E25,0,0.971373,0.000812,0.006784,0.021031
bbc_20130322_1600,E22,E25,0,0.922959,0.004514,0.015603,0.056924
WSJ_20130322_804,E1,E2002,0,0.860353,0.009042,0.027134,0.103471
WSJ_20130322_804,E11,E13,0,0.910017,0.003796,0.017687,0.068499
WSJ_20130322_804,E11,E14,1,0.064735,0.650142,0.066606,0.218516
WSJ_20130322_804,E13,E14,1,0.005384,0.901939,0.022641,0.070036
WSJ_20130322_804,E22,E23,0,0.493181,0.116186,0.089337,0.301297
WSJ_20130322_804,E25,E26,0,0.743787,0.026668,0.062803,0.166743
WSJ_20130322_804,E25,E30,0,0.981928,0.000274,0.003811,0.013986
WSJ_20130322_804,E26,E30,0,0.944574,0.001646,0.011852,0.041928
WSJ_20130322_804,E9,E11,3,0.269758,0.281198,0.102648,0.346396
WSJ_20130322_804,E9,E13,0,0.945809,0.001425,0.010402,0.042364
WSJ_20130322_804,E9,E14,1,0.144252,0.460519,0.088697,0.306532
WSJ_20130322_804,E11,E16,1,0.202019,0.375071,0.093925,0.328984
WSJ_20130322_804,E13,E16,1,0.017905,0.803207,0.042263,0.136625
WSJ_20130322_804,E14,E16,1,0.234967,0.356845,0.089770,0.318418
WSJ_20130322_804,E16,E17,0,0.976793,0.000428,0.005175,0.017604
WSJ_20130322_804,E17,E18,1,0.000526,0.975427,0.006089,0.017958
WSJ_20130322_804,E21,E22,0,0.492248,0.122414,0.084742,0.300596
WSJ_20130322_804,E21,E23,0,0.785301,0.020731,0.044314,0.149654
WSJ_20130322_804,E22,E25,3,0.323804,0.199913,0.110161,0.366122
WSJ_20130322_804,E22,E26,0,0.497977,0.108456,0.090124,0.303443
WSJ_20130322_804,E22,E30,0,0.929752,0.002290,0.014497,0.053460
WSJ_20130322_804,E23,E25,0,0.414296,0.151173,0.097017,0.337514
WSJ_20130322_804,E23,E26,0,0.509461,0.109348,0.084627,0.296564
WSJ_20130322_804,E23,E30,0,0.931316,0.002294,0.013863,0.052526
WSJ_20130322_804,E25,E33,0,0.957259,0.001045,0.009219,0.032477
WSJ_20130322_804,E26,E33,0,0.961349,0.000850,0.008011,0.029789
WSJ_20130322_804,E30,E33,0,0.390169,0.163891,0.096617,0.349323
WSJ_20130322_804,E33,E35,0,0.389532,0.173966,0.102188,0.334314
WSJ_20130318_731,E1,E2,1,0.115624,0.579409,0.085260,0.219707
WSJ_20130318_731,E1,E3,1,0.232720,0.378495,0.105141,0.283643
WSJ_20130318_731,E2,E3,0,0.506952,0.192201,0.079088,0.221759
WSJ_20130318_731,E11,E12,1,0.004827,0.914963,0.019765,0.060445
WSJ_20130318_731,E11,E13,1,0.078071,0.623014,0.074359,0.224556
WSJ_20130318_731,E12,E13,0,0.923875,0.004485,0.017436,0.054205
WSJ_20130318_731,E20,E21,0,0.991278,0.000077,0.001669,0.006977
WSJ_20130318_731,E20,E22,0,0.960690,0.001046,0.008283,0.029980
WSJ_20130318_731,E21,E22,0,0.546487,0.092032,0.079073,0.282407
WSJ_20130318_731,E9,E10,1,0.001581,0.954640,0.011655,0.032123
WSJ_20130318_731,E10,E11,0,0.995302,0.000036,0.000994,0.003668
WSJ_20130318_731,E10,E12,0,0.962359,0.001603,0.008253,0.027785
WSJ_20130318_731,E10,E13,0,0.995735,0.000026,0.000820,0.003419
WSJ_20130318_731,E11,E14,1,0.148708,0.472745,0.097646,0.280901
WSJ_20130318_731,E12,E14,0,0.865606,0.012427,0.030991,0.090975
WSJ_20130318_731,E13,E14,0,0.575671,0.101152,0.081554,0.241623
CNN_20130322_1003,E1,E2,1,0.000546,0.979816,0.005623,0.014015
CNN_20130322_1003,E1,E3,0,0.718762,0.083907,0.051739,0.145592
CNN_20130322_1003,E1,E5,0,0.944574,0.003344,0.011434,0.040647
CNN_20130322_1003,E2,E3,0,0.970491,0.001364,0.006763,0.021382
CNN_20130322_1003,E2,E5,0,0.991548,0.000091,0.001761,0.006600
CNN_20130322_1003,E3,E5,0,0.516051,0.184206,0.071470,0.228272
CNN_20130322_1003,E6,E7,1,0.012490,0.929263,0.019167,0.039080
CNN_20130322_1003,E9,E10,0,0.432772,0.264154,0.063271,0.239802
CNN_20130322_1003,E9,E11,1,0.000140,0.990409,0.002339,0.007112
CNN_20130322_1003,E9,E1000,1,0.000204,0.988653,0.003060,0.008083
CNN_20130322_1003,E10,E11,1,0.000280,0.986153,0.003401,0.010166
CNN_20130322_1003,E10,E1000,1,0.000476,0.982393,0.004423,0.012708
CNN_20130322_1003,E11,E1000,1,0.312089,0.409396,0.075808,0.202707
CNN_20130322_1003,E12,E13,1,0.043959,0.758195,0.056677,0.141168
CNN_20130322_1003,E12,E14,1,0.000384,0.980838,0.004739,0.014038
CNN_20130322_1003,E12,E15,1,0.000515,0.975936,0.005844,0.017705
CNN_20130322_1003,E13,E14,1,0.001445,0.966725,0.008532,0.023298
CNN_20130322_1003,E13,E15,1,0.002237,0.954617,0.011163,0.031984
CNN_20130322_1003,E14,E15,1,0.089280,0.730589,0.049541,0.130591
CNN_20130322_1003,E17,E19,1,0.012124,0.854041,0.034486,0.099349
CNN_20130322_1003,E17,E20,0,0.914947,0.004565,0.020019,0.060469
CNN_20130322_1003,E19,E20,0,0.992250,0.000085,0.001722,0.005942
CNN_20130322_1003,E23,E27,0,0.387176,0.251691,0.085020,0.276113
CNN_20130322_1003,E30,E31,1,0.002335,0.937847,0.015172,0.044646
CNN_20130322_1003,E30,E32,1,0.000133,0.989564,0.002442,0.007862
CNN_20130322_1003,E30,E33,1,0.000040,0.995316,0.001165,0.003479
CNN_20130322_1003,E31,E32,1,0.000558,0.976139,0.005959,0.017344
CNN_20130322_1003,E31,E33,1,0.000093,0.992148,0.001880,0.005879
CNN_20130322_1003,E32,E33,1,0.016477,0.880759,0.027672,0.075092
CNN_20130322_1003,E34,E36,1,0.000475,0.980336,0.004904,0.014284
CNN_20130322_1003,E40,E41,1,0.007129,0.919587,0.020945,0.052339
CNN_20130322_1003,E40,E42,1,0.004474,0.942089,0.017137,0.036301
CNN_20130322_1003,E41,E42,1,0.015306,0.898027,0.027435,0.059232
CNN_20130322_1003,E43,E44,0,0.842797,0.023196,0.031596,0.102411
CNN_20130322_1003,E45,E47,0,0.415844,0.243359,0.087633,0.253164
CNN_20130322_1003,E55,E57,0,0.965890,0.001064,0.007474,0.025572
CNN_20130322_1003,E1,E6,0,0.854862,0.032208,0.027332,0.085598
CNN_20130322_1003,E1,E7,0,0.452804,0.318171,0.070428,0.158596
CNN_20130322_1003,E2,E6,0,0.982322,0.000820,0.004464,0.012394
CNN_20130322_1003,E2,E7,0,0.931038,0.010970,0.017811,0.040181
CNN_20130322_1003,E3,E6,1,0.296654,0.446410,0.071866,0.185070
CNN_20130322_1003,E3,E7,1,0.029293,0.864622,0.032815,0.073270
CNN_20130322_1003,E5,E6,1,0.085557,0.766751,0.040694,0.106998
CNN_20130322_1003,E5,E7,1,0.005676,0.952864,0.013159,0.028301
CNN_20130322_1003,E6,E9,0,0.996636,0.000025,0.000735,0.002604
CNN_20130322_1003,E6,E10,0,0.996216,0.000027,0.000749,0.003008
CNN_20130322_1003,E6,E11,0,0.567754,0.201191,0.060011,0.171044
CNN_20130322_1003,E6,E1000,0,0.613422,0.172191,0.057613,0.156774
CNN_20130322_1003,E7,E9,0,0.997167,0.000019,0.000659,0.002155
CNN_20130322_1003,E7,E10,0,0.997263,0.000017,0.000626,0.002093
CNN_20130322_1003,E7,E11,0,0.746117,0.086401,0.051724,0.115758
CNN_20130322_1003,E7,E1000,0,0.767868,0.077024,0.049430,0.105678
CNN_20130322_1003,E9,E12,1,0.024116,0.854615,0.031394,0.089875
CNN_20130322_1003,E9,E13,1,0.001454,0.962010,0.008999,0.027537
CNN_20130322_1003,E9,E14,1,0.000030,0.995900,0.000917,0.003153
CNN_20130322_1003,E9,E15,1,0.000044,0.994629,0.001190,0.004137
CNN_20130322_1003,E10,E12,1,0.086178,0.708079,0.050932,0.154812
CNN_20130322_1003,E10,E13,1,0.004910,0.935454,0.015391,0.044245
CNN_20130322_1003,E10,E14,1,0.000044,0.994968,0.001148,0.003840
CNN_20130322_1003,E10,E15,1,0.000072,0.992677,0.001639,0.005612
CNN_20130322_1003,E11,E12,0,0.952343,0.003068,0.011509,0.033079
CNN_20130322_1003,E11,E13,0,0.773276,0.050348,0.049766,0.126610
CNN_20130322_1003,E11,E14,1,0.027027,0.848029,0.033181,0.091763
CNN_20130322_1003,E11,E15,1,0.049109,0.774393,0.045082,0.131416
CNN_20130322_1003,E1000,E12,0,0.976692,0.000789,0.005807,0.016712
CNN_20130322_1003,E1000,E13,0,0.892517,0.013866,0.025786,0.067831
CNN_20130322_1003,E1000,E14,1,0.097541,0.693858,0.056515,0.152085
CNN_20130322_1003,E1000,E15,1,0.160853,0.572553,0.069528,0.197066
CNN_20130322_1003,E12,E17,1,0.002560,0.937825,0.015853,0.043762
CNN_20130322_1003,E12,E19,1,0.000505,0.975749,0.005830,0.017915
CNN_20130322_1003,E12,E20,0,0.592447,0.116435,0.073475,0.217644
CNN_20130322_1003,E13,E17,1,0.045631,0.771526,0.046600,0.136243
CNN_20130322_1003,E13,E19,1,0.005848,0.926286,0.017046,0.050820
CNN_20130322_1003,E13,E20,0,0.939099,0.004297,0.013510,0.043095
CNN_20130322_1003,E14,E17,0,0.669013,0.118303,0.057463,0.155221
CNN_20130322_1003,E14,E19,1,0.300375,0.420872,0.067764,0.210988
CNN_20130322_1003,E14,E20,0,0.994073,0.000065,0.001341,0.004521
CNN_20130322_1003,E15,E17,0,0.491711,0.215633,0.071443,0.221212
CNN_20130322_1003,E15,E19,1,0.154651,0.589246,0.061653,0.194450
CNN_20130322_1003,E15,E20,0,0.990725,0.000134,0.002113,0.007028
CNN_20130322_1003,E17,E21,0,0.807305,0.025390,0.041936,0.125369
CNN_20130322_1003,E19,E21,0,0.982326,0.000382,0.003985,0.013307
CNN_20130322_1003,E20,E21,1,0.072901,0.709217,0.056647,0.161234
CNN_20130322_1003,E21,E23,0,0.792868,0.038249,0.043817,0.125066
CNN_20130322_1003,E21,E27,0,0.901721,0.008332,0.023873,0.066074
CNN_20130322_1003,E30,E34,0,0.669390,0.064991,0.060932,0.204688
CNN_20130322_1003,E30,E36,1,0.001862,0.951265,0.012495,0.034378
CNN_20130322_1003,E31,E34,0,0.914283,0.006774,0.018318,0.060624
CNN_20130322_1003,E31,E36,1,0.047339,0.773696,0.043709,0.135256
CNN_20130322_1003,E32,E34,0,0.992627,0.000076,0.001624,0.005673
CNN_20130322_1003,E32,E36,0,0.867816,0.017931,0.028003,0.086251
CNN_20130322_1003,E33,E34,0,0.996220,0.000027,0.000811,0.002942
CNN_20130322_1003,E33,E36,0,0.914154,0.012820,0.019688,0.053338
CNN_20130322_1003,E34,E38,0,0.385372,0.249470,0.083412,0.281747
CNN_20130322_1003,E36,E38,0,0.957578,0.001610,0.009094,0.031718
CNN_20130322_1003,E38,E40,1,0.306997,0.329521,0.089786,0.273696
CNN_20130322_1003,E38,E41,1,0.022352,0.845921,0.038203,0.093524
CNN_20130322_1003,E38,E42,1,0.013225,0.892186,0.030821,0.063768
CNN_20130322_1003,E40,E43,0,0.950040,0.003198,0.011344,0.035418
CNN_20130322_1003,E40,E44,0,0.988879,0.000157,0.002497,0.008466
CNN_20130322_1003,E41,E43,0,0.977404,0.000878,0.005191,0.016527
CNN_20130322_1003,E41,E44,0,0.994627,0.000047,0.001159,0.004166
CNN_20130322_1003,E42,E43,0,0.979388,0.000866,0.005715,0.014031
CNN_20130322_1003,E42,E44,0,0.994336,0.000056,0.001363,0.004245
CNN_20130322_1003,E43,E45,0,0.383568,0.241647,0.087049,0.287737
CNN_20130322_1003,E43,E47,0,0.493775,0.185259,0.080186,0.240781
CNN_20130322_1003,E44,E45,1,0.015287,0.850058,0.030597,0.104059
CNN_20130322_1003,E44,E47,1,0.025663,0.807743,0.036385,0.130209
CNN_20130322_1003,E45,E48,0,0.784403,0.037728,0.044463,0.133406
CNN_20130322_1003,E47,E48,0,0.626260,0.107570,0.060474,0.205696
CNN_20130322_1003,E48,E50,0,0.693842,0.058916,0.054578,0.192664
CNN_20130322_1003,E50,E51,1,0.014030,0.844514,0.032234,0.109222
CNN_20130322_1003,E51,E52,0,0.860270,0.010676,0.027201,0.101854
CNN_20130322_1003,E52,E53,0,0.975980,0.000470,0.005214,0.018336
CNN_20130322_1003,E53,E55,0,0.431869,0.238977,0.084554,0.244601
