WSJ_20130322_159,E5,E6,1,0.009201,0.894949,0.022671,0.073180
WSJ_20130322_159,E5,E10,0,0.851049,0.011165,0.029671,0.108115
WSJ_20130322_159,E5,E11,0,0.955218,0.000985,0.008884,0.034914
WSJ_20130322_159,E6,E10,0,0.924248,0.003449,0.016295,0.056007
WSJ_20130322_159,E6,E11,0,0.989162,0.000088,0.002288,0.008462
WSJ_20130322_159,E10,E11,0,0.869220,0.006210,0.025449,0.099121
WSJ_20130322_159,E12,E14,1,0.098285,0.445049,0.068975,0.387691
WSJ_20130322_159,E18,E19,3,0.241224,0.307242,0.090988,0.360546
WSJ_20130322_159,E20,E22,1,0.000108,0.986111,0.003093,0.010688
WSJ_20130322_159,E29,E31,0,0.951821,0.000781,0.007908,0.039490
WSJ_20130322_159,E29,E34,3,0.163682,0.369382,0.074292,0.392644
WSJ_20130322_159,E29,E37,0,0.953266,0.000993,0.008563,0.037177
WSJ_20130322_159,E31,E34,1,0.005451,0.857808,0.022559,0.114182
WSJ_20130322_159,E31,E37,0,0.635605,0.052059,0.058998,0.253339
WSJ_20130322_159,E34,E37,0,0.991785,0.000045,0.001529,0.006640
WSJ_20130322_159,E38,E39,1,0.001097,0.952906,0.009935,0.036062
WSJ_20130322_159,E38,E40,1,0.007380,0.833226,0.031883,0.127512
WSJ_20130322_159,E39,E40,0,0.736423,0.026602,0.042746,0.194229
WSJ_20130322_159,E42,E44,1,0.000132,0.983947,0.003418,0.012503
WSJ_20130322_159,E46,E47,1,0.001723,0.938177,0.013158,0.046941
WSJ_20130322_159,E46,E49,0,0.430484,0.136982,0.085794,0.346740
WSJ_20130322_159,E47,E49,0,0.926303,0.002717,0.012175,0.058805
WSJ_20130322_159,E1,E5,1,0.049076,0.694045,0.055112,0.201767
WSJ_20130322_159,E1,E6,1,0.002210,0.936501,0.014023,0.047267
WSJ_20130322_159,E1,E10,3,0.360030,0.181535,0.095039,0.363395
WSJ_20130322_159,E1,E11,0,0.761182,0.020614,0.043544,0.174659
WSJ_20130322_159,E5,E12,0,0.995693,0.000015,0.000778,0.003514
WSJ_20130322_159,E5,E14,0,0.863132,0.007011,0.021709,0.108148
WSJ_20130322_159,E6,E12,0,0.996226,0.000013,0.000698,0.003063
WSJ_20130322_159,E6,E14,0,0.927329,0.002329,0.012189,0.058153
WSJ_20130322_159,E10,E12,0,0.963221,0.000526,0.006729,0.029523
WSJ_20130322_159,E10,E14,3,0.315377,0.175997,0.082290,0.426336
WSJ_20130322_159,E11,E12,0,0.885570,0.004475,0.019819,0.090136
WSJ_20130322_159,E11,E14,1,0.074839,0.501931,0.067324,0.355906
WSJ_20130322_159,E12,E18,0,0.902771,0.002916,0.015480,0.078833
WSJ_20130322_159,E12,E19,3,0.201749,0.328022,0.086910,0.383320
WSJ_20130322_159,E14,E18,0,0.991516,0.000033,0.001262,0.007189
WSJ_20130322_159,E14,E19,0,0.906218,0.003694,0.015884,0.074204
WSJ_20130322_159,E18,E20,1,0.013799,0.780030,0.040193,0.165977
WSJ_20130322_159,E18,E22,1,0.000007,0.997047,0.000563,0.002383
WSJ_20130322_159,E19,E20,1,0.005509,0.856031,0.025614,0.112845
WSJ_20130322_159,E19,E22,1,0.000005,0.997460,0.000453,0.002082
WSJ_20130322_159,E20,E26,1,0.026758,0.758580,0.050772,0.163891
WSJ_20130322_159,E22,E26,0,0.917907,0.006707,0.019059,0.056327
WSJ_20130322_159,E26,E29,0,0.977102,0.000255,0.004445,0.018197
WSJ_20130322_159,E26,E31,0,0.995956,0.000012,0.000693,0.003339
WSJ_20130322_159,E26,E34,0,0.899064,0.004227,0.017999,0.078709
WSJ_20130322_159,E26,E37,0,0.994944,0.000023,0.001002,0.004032
WSJ_20130322_159,E29,E38,0,0.769926,0.019571,0.037873,0.172630
WSJ_20130322_159,E29,E39,1,0.003289,0.921247,0.014279,0.061185
WSJ_20130322_159,E29,E40,1,0.063832,0.551024,0.064493,0.320651
WSJ_20130322_159,E31,E38,1,0.106168,0.455442,0.079683,0.358707
WSJ_20130322_159,E31,E39,1,0.000051,0.990247,0.001859,0.007844
WSJ_20130322_159,E31,E40,1,0.001032,0.935904,0.011192,0.051872
WSJ_20130322_159,E34,E38,0,0.938789,0.001495,0.010537,0.049179
WSJ_20130322_159,E34,E39,1,0.039469,0.739557,0.040885,0.180088
WSJ_20130322_159,E34,E40,3,0.332927,0.185143,0.078648,0.403282
WSJ_20130322_159,E37,E38,1,0.121995,0.431620,0.080997,0.365388
WSJ_20130322_159,E37,E39,1,0.000051,0.990262,0.001863,0.007823
WSJ_20130322_159,E37,E40,1,0.001149,0.932577,0.011675,0.054600
WSJ_20130322_159,E38,E42,0,0.966642,0.000485,0.006397,0.026476
WSJ_20130322_159,E38,E44,1,0.003166,0.907707,0.019425,0.069703
WSJ_20130322_159,E39,E42,0,0.995511,0.000016,0.000798,0.003676
WSJ_20130322_159,E39,E44,3,0.317262,0.280618,0.082808,0.319313
WSJ_20130322_159,E40,E42,0,0.982976,0.000133,0.003062,0.013830
WSJ_20130322_159,E40,E44,1,0.022317,0.751018,0.045656,0.181010
WSJ_20130322_159,E42,E46,0,0.786129,0.017876,0.036233,0.159762
WSJ_20130322_159,E42,E47,0,0.396850,0.168941,0.076700,0.357509
WSJ_20130322_159,E42,E49,3,0.345222,0.215179,0.076587,0.363012
WSJ_20130322_159,E44,E46,0,0.990050,0.000064,0.001869,0.008017
WSJ_20130322_159,E44,E47,0,0.937670,0.001992,0.011065,0.049272
WSJ_20130322_159,E44,E49,0,0.974362,0.000345,0.004403,0.020890
WSJ_20130322_159,E46,E55,0,0.442607,0.165009,0.084096,0.308288
WSJ_20130322_159,E47,E55,0,0.947992,0.001869,0.009704,0.040435
WSJ_20130322_159,E49,E55,0,0.621063,0.079001,0.051734,0.248202
nyt_20130322_strange_computer,E8,E11,0,0.995193,0.000027,0.001064,0.003716
nyt_20130322_strange_computer,E14,E16,1,0.000068,0.990130,0.002291,0.007511
nyt_20130322_strange_computer,E19,E22,3,0.291977,0.248379,0.104472,0.355173
nyt_20130322_strange_computer,E19,E23,1,0.015782,0.816511,0.045407,0.122300
nyt_20130322_strange_computer,E22,E23,1,0.109980,0.558318,0.093497,0.238204
nyt_20130322_strange_computer,E6,E8,1,0.162256,0.528799,0.092977,0.215968
nyt_20130322_strange_computer,E6,E11,0,0.993638,0.000044,0.001437,0.004881
nyt_20130322_strange_computer,E8,E14,0,0.997081,0.000010,0.000582,0.002327
nyt_20130322_strange_computer,E8,E16,0,0.843881,0.019884,0.042290,0.093944
nyt_20130322_strange_computer,E11,E14,0,0.881186,0.006254,0.026324,0.086235
nyt_20130322_strange_computer,E11,E16,1,0.001135,0.955105,0.012208,0.031553
nyt_20130322_strange_computer,E14,E19,1,0.191632,0.352386,0.108444,0.347538
nyt_20130322_strange_computer,E14,E22,3,0.320383,0.232203,0.110007,0.337407
nyt_20130322_strange_computer,E14,E23,1,0.001697,0.941784,0.016266,0.040253
nyt_20130322_strange_computer,E16,E19,0,0.987177,0.000145,0.003037,0.009641
nyt_20130322_strange_computer,E16,E22,0,0.975392,0.000435,0.006077,0.018096
nyt_20130322_strange_computer,E16,E23,0,0.826847,0.022554,0.045329,0.105270
nyt_20130322_strange_computer,E19,E24,0,0.827261,0.013754,0.033901,0.125084
nyt_20130322_strange_computer,E22,E24,0,0.941395,0.001910,0.012630,0.044065
nyt_20130322_strange_computer,E23,E24,0,0.928430,0.003238,0.015952,0.052379
CNN_20130321_821,E4,E5,1,0.057135,0.642536,0.073767,0.226562
CNN_20130321_821,E5,E8,0,0.864088,0.010814,0.030206,0.094892
CNN_20130321_821,E8,E1000,0,0.845124,0.011806,0.032031,0.111039
CNN_20130321_821,E1002,E20,0,0.952067,0.000931,0.010423,0.036578
nyt_20130321_cyprus,E2,E5,1,0.136896,0.496738,0.087555,0.278811
nyt_20130321_cyprus,E7,E2009,1,0.044707,0.625320,0.064038,0.265934
nyt_20130321_cyprus,E13,E15,0,0.926495,0.001987,0.015544,0.055974
nyt_20130321_cyprus,E22,E23,1,0.051280,0.619510,0.053555,0.275655
nyt_20130321_cyprus,E22,E24,1,0.000016,0.994906,0.000961,0.004118
nyt_20130321_cyprus,E23,E24,1,0.000167,0.980957,0.003822,0.015054
nyt_20130321_cyprus,E33,E35,0,0.789308,0.021468,0.043855,0.145369
nyt_20130321_cyprus,E41,E42,1,0.002912,0.900735,0.020207,0.076146
nyt_20130321_cyprus,E46,E47,0,0.979066,0.000379,0.004607,0.015948
nyt_20130321_cyprus,E48,E51,0,0.990748,0.000064,0.001918,0.007270
nyt_20130321_cyprus,E2,E7,0,0.894103,0.004927,0.021205,0.079765
nyt_20130321_cyprus,E2,E2009,0,0.648326,0.051339,0.064674,0.235661
nyt_20130321_cyprus,E5,E7,0,0.979219,0.000276,0.004546,0.015959
nyt_20130321_cyprus,E5,E2009,0,0.937270,0.002030,0.013848,0.046853
nyt_20130321_cyprus,E7,E9,1,0.000483,0.966489,0.007623,0.025405
nyt_20130321_cyprus,E2009,E9,1,0.026080,0.768216,0.050579,0.155125
nyt_20130321_cyprus,E10,E13,0,0.977752,0.000351,0.005316,0.016581
nyt_20130321_cyprus,E10,E15,0,0.992855,0.000040,0.001429,0.005676
nyt_20130321_cyprus,E13,E21,0,0.943308,0.001699,0.012752,0.042241
nyt_20130321_cyprus,E15,E21,0,0.553779,0.094547,0.071647,0.280027
nyt_20130321_cyprus,E21,E22,0,0.755547,0.027374,0.041177,0.175902
nyt_20130321_cyprus,E21,E23,1,0.163127,0.400604,0.074277,0.361991
nyt_20130321_cyprus,E21,E24,1,0.000027,0.993448,0.001297,0.005228
nyt_20130321_cyprus,E22,E25,1,0.000621,0.957164,0.008822,0.033393
nyt_20130321_cyprus,E23,E25,1,0.028905,0.701033,0.052242,0.217820
nyt_20130321_cyprus,E24,E25,0,0.932797,0.002652,0.015198,0.049353
nyt_20130321_cyprus,E33,E36,0,0.464833,0.118703,0.086427,0.330037
nyt_20130321_cyprus,E35,E36,3,0.332630,0.199877,0.083660,0.383833
nyt_20130321_cyprus,E36,E41,0,0.966914,0.000505,0.006772,0.025809
nyt_20130321_cyprus,E36,E42,1,0.040244,0.672463,0.056799,0.230493
nyt_20130321_cyprus,E46,E48,0,0.695549,0.049096,0.057647,0.197707
nyt_20130321_cyprus,E46,E51,0,0.996112,0.000016,0.000769,0.003103
nyt_20130321_cyprus,E47,E48,1,0.050351,0.636975,0.065146,0.247528
nyt_20130321_cyprus,E47,E51,0,0.970457,0.000448,0.005881,0.023214
nyt_20130321_cyprus,E48,E57,1,0.004771,0.895510,0.024158,0.075561
nyt_20130321_cyprus,E51,E57,1,0.000023,0.993445,0.001237,0.005295
bbc_20130322_1353,E1,E5,1,0.000028,0.992966,0.001392,0.005614
bbc_20130322_1353,E8,E10,1,0.000024,0.994004,0.001205,0.004768
bbc_20130322_1353,E15,E16,1,0.000297,0.973674,0.005359,0.020670
bbc_20130322_1353,E19,E20,1,0.000318,0.983553,0.004154,0.011975
bbc_20130322_1353,E19,E21,1,0.197922,0.513838,0.069483,0.218758
bbc_20130322_1353,E20,E21,0,0.809295,0.039152,0.037085,0.114469
bbc_20130322_1353,E23,E25,1,0.092291,0.557357,0.080920,0.269432
bbc_20130322_1353,E23,E26,1,0.000597,0.965325,0.007988,0.026090
bbc_20130322_1353,E23,E27,1,0.001159,0.951847,0.011016,0.035979
bbc_20130322_1353,E25,E26,1,0.000336,0.976544,0.005259,0.017861
bbc_20130322_1353,E25,E27,1,0.000290,0.977850,0.004781,0.017079
bbc_20130322_1353,E26,E27,1,0.038893,0.763422,0.045749,0.151936
bbc_20130322_1353,E28,E29,1,0.000315,0.977068,0.005239,0.017378
bbc_20130322_1353,E28,E31,1,0.000909,0.958963,0.008416,0.031712
bbc_20130322_1353,E29,E31,0,0.486779,0.204243,0.065932,0.243045
bbc_20130322_1353,E33,E34,0,0.904995,0.003715,0.018357,0.072933
bbc_20130322_1353,E35,E36,0,0.706359,0.064458,0.057367,0.171815
bbc_20130322_1353,E35,E37,1,0.008441,0.878442,0.028519,0.084597
bbc_20130322_1353,E36,E37,1,0.000832,0.960173,0.008425,0.030570
bbc_20130322_1353,E1,E8,0,0.561337,0.060723,0.064174,0.313766
bbc_20130322_1353,E1,E10,1,0.000038,0.992245,0.001606,0.006112
bbc_20130322_1353,E5,E8,0,0.998078,0.000004,0.000316,0.001603
bbc_20130322_1353,E5,E10,0,0.433505,0.236011,0.079609,0.250874
bbc_20130322_1353,E8,E11,0,0.683948,0.032103,0.051328,0.232621
bbc_20130322_1353,E10,E11,0,0.993120,0.000036,0.001330,0.005514
bbc_20130322_1353,E11,E13,1,0.044314,0.641300,0.063419,0.250968
bbc_20130322_1353,E13,E15,0,0.950645,0.001392,0.010465,0.037498
bbc_20130322_1353,E13,E16,1,0.123047,0.515466,0.077562,0.283924
bbc_20130322_1353,E15,E17,1,0.007884,0.842693,0.029238,0.120186
bbc_20130322_1353,E16,E17,3,0.327711,0.203383,0.090032,0.378874
bbc_20130322_1353,E17,E19,1,0.010468,0.882238,0.025234,0.082059
bbc_20130322_1353,E17,E20,1,0.000039,0.993204,0.001532,0.005225
bbc_20130322_1353,E17,E21,1,0.000431,0.975920,0.005679,0.017970
bbc_20130322_1353,E19,E23,0,0.986413,0.000153,0.003036,0.010397
bbc_20130322_1353,E19,E25,0,0.875146,0.011572,0.024880,0.088402
bbc_20130322_1353,E19,E26,0,0.356702,0.298723,0.081202,0.263373
bbc_20130322_1353,E19,E27,1,0.171267,0.500437,0.075748,0.252548
bbc_20130322_1353,E20,E23,0,0.997004,0.000011,0.000599,0.002386
bbc_20130322_1353,E20,E25,0,0.992794,0.000055,0.001620,0.005531
bbc_20130322_1353,E20,E26,0,0.918111,0.006677,0.018459,0.056753
bbc_20130322_1353,E20,E27,0,0.838640,0.023131,0.032724,0.105504
bbc_20130322_1353,E21,E23,0,0.989587,0.000096,0.002261,0.008056
bbc_20130322_1353,E21,E25,0,0.950172,0.002192,0.010623,0.037012
bbc_20130322_1353,E21,E26,0,0.444543,0.233409,0.076064,0.245984
bbc_20130322_1353,E21,E27,1,0.217832,0.455843,0.074239,0.252086
bbc_20130322_1353,E23,E28,0,0.671422,0.060823,0.058951,0.208804
bbc_20130322_1353,E23,E29,1,0.073581,0.649716,0.060342,0.216362
bbc_20130322_1353,E23,E31,1,0.207788,0.413950,0.081048,0.297214
bbc_20130322_1353,E25,E28,0,0.536423,0.140363,0.068718,0.254497
bbc_20130322_1353,E25,E29,1,0.019021,0.833428,0.031269,0.116282
bbc_20130322_1353,E25,E31,1,0.054656,0.716851,0.046167,0.182326
bbc_20130322_1353,E26,E28,0,0.968631,0.000911,0.006839,0.023620
bbc_20130322_1353,E26,E29,0,0.582620,0.132333,0.063627,0.221420
bbc_20130322_1353,E26,E31,0,0.789206,0.037934,0.037014,0.135845
bbc_20130322_1353,E27,E28,0,0.988210,0.000147,0.002636,0.009007
bbc_20130322_1353,E27,E29,0,0.827574,0.027211,0.032686,0.112530
bbc_20130322_1353,E27,E31,0,0.914910,0.007373,0.016738,0.060980
bbc_20130322_1353,E28,E33,1,0.015311,0.806654,0.036819,0.141216
bbc_20130322_1353,E28,E34,0,0.602348,0.060699,0.060250,0.276703
bbc_20130322_1353,E29,E33,0,0.854882,0.014734,0.027928,0.102456
bbc_20130322_1353,E29,E34,0,0.987045,0.000107,0.002403,0.010445
bbc_20130322_1353,E31,E33,0,0.851922,0.018234,0.027604,0.102239
bbc_20130322_1353,E31,E34,0,0.990455,0.000072,0.001755,0.007718
bbc_20130322_1353,E33,E35,0,0.987367,0.000114,0.002704,0.009815
bbc_20130322_1353,E33,E36,0,0.992852,0.000045,0.001504,0.005598
bbc_20130322_1353,E33,E37,0,0.618357,0.078934,0.069544,0.233165
bbc_20130322_1353,E34,E35,0,0.969347,0.000490,0.005659,0.024504
bbc_20130322_1353,E34,E36,0,0.976291,0.000356,0.004435,0.018919
bbc_20130322_1353,E34,E37,1,0.140557,0.474728,0.077585,0.307130
nyt_20130321_women_senate,E1000009,E2,0,0.601494,0.105910,0.058259,0.234337
nyt_20130321_women_senate,E4,E5,1,0.001306,0.956226,0.010762,0.031706
nyt_20130321_women_senate,E4,E6,0,0.541981,0.140377,0.068858,0.248784
nyt_20130321_women_senate,E5,E6,0,0.964836,0.001287,0.008101,0.025776
nyt_20130321_women_senate,E9,E10,0,0.931718,0.002644,0.013750,0.051887
nyt_20130321_women_senate,E11,E12,0,0.453769,0.221228,0.092826,0.232178
nyt_20130321_women_senate,E14,E15,1,0.155155,0.548709,0.086816,0.209321
nyt_20130321_women_senate,E16,E17,1,0.145852,0.489107,0.074710,0.290332
nyt_20130321_women_senate,E19,E20,1,0.000107,0.988472,0.002868,0.008553
nyt_20130321_women_senate,E19,E21,1,0.000754,0.965565,0.009260,0.024422
nyt_20130321_women_senate,E20,E21,0,0.542165,0.139518,0.085739,0.232579
nyt_20130321_women_senate,E23,E24,0,0.808272,0.019254,0.039415,0.133059
nyt_20130321_women_senate,E26,E27,0,0.943120,0.001764,0.013681,0.041435
nyt_20130321_women_senate,E26,E1000014,0,0.939755,0.001901,0.014657,0.043687
nyt_20130321_women_senate,E27,E1000014,1,0.193603,0.353019,0.101675,0.351703
nyt_20130321_women_senate,E37,E1000015,1,0.114331,0.465075,0.084322,0.336272
nyt_20130321_women_senate,E40,E41,0,0.965138,0.001198,0.008693,0.024971
nyt_20130321_women_senate,E40,E42,0,0.460587,0.225513,0.082248,0.231652
nyt_20130321_women_senate,E41,E42,1,0.022552,0.823094,0.039788,0.114566
nyt_20130321_women_senate,E43,E47,0,0.993022,0.000039,0.001403,0.005536
nyt_20130321_women_senate,E43,E48,0,0.981096,0.000241,0.004433,0.014230
nyt_20130321_women_senate,E47,E48,3,0.294799,0.231299,0.108252,0.365649
nyt_20130321_women_senate,E49,E50,0,0.952876,0.001629,0.010569,0.034926
nyt_20130321_women_senate,E49,E53,1,0.019654,0.853490,0.037925,0.088932
nyt_20130321_women_senate,E50,E53,1,0.000223,0.983667,0.004313,0.011797
nyt_20130321_women_senate,E1000009,E4,0,0.456000,0.181850,0.075928,0.286223
nyt_20130321_women_senate,E1000009,E5,1,0.000165,0.985453,0.003609,0.010773
nyt_20130321_women_senate,E1000009,E6,1,0.232713,0.431120,0.073832,0.262335
nyt_20130321_women_senate,E2,E4,0,0.701545,0.046021,0.050487,0.201947
nyt_20130321_women_senate,E2,E5,1,0.000503,0.971046,0.006936,0.021514
nyt_20130321_women_senate,E2,E6,0,0.359489,0.260268,0.079148,0.301095
nyt_20130321_women_senate,E4,E7,0,0.982053,0.000249,0.003939,0.013759
nyt_20130321_women_senate,E5,E7,0,0.996648,0.000015,0.000715,0.002622
nyt_20130321_women_senate,E6,E7,0,0.989764,0.000105,0.002314,0.007817
nyt_20130321_women_senate,E7,E8,1,0.000166,0.982268,0.004031,0.013535
nyt_20130321_women_senate,E8,E9,0,0.990026,0.000092,0.002222,0.007660
nyt_20130321_women_senate,E8,E10,0,0.997902,0.000006,0.000419,0.001673
nyt_20130321_women_senate,E11,E1000012,0,0.865919,0.013700,0.031554,0.088828
nyt_20130321_women_senate,E12,E1000012,0,0.763865,0.039982,0.052334,0.143819
nyt_20130321_women_senate,E14,E16,0,0.984925,0.000202,0.003497,0.011376
nyt_20130321_women_senate,E14,E17,0,0.985672,0.000173,0.003339,0.010816
nyt_20130321_women_senate,E15,E16,0,0.984410,0.000216,0.003667,0.011707
nyt_20130321_women_senate,E15,E17,0,0.984859,0.000196,0.003574,0.011372
nyt_20130321_women_senate,E16,E19,1,0.006723,0.903397,0.024512,0.065368
nyt_20130321_women_senate,E16,E20,1,0.000019,0.995201,0.001023,0.003757
nyt_20130321_women_senate,E16,E21,1,0.000160,0.983818,0.003763,0.012259
nyt_20130321_women_senate,E17,E19,1,0.039676,0.758208,0.055761,0.146355
nyt_20130321_women_senate,E17,E20,1,0.000057,0.991123,0.002015,0.006805
nyt_20130321_women_senate,E17,E21,1,0.000657,0.964796,0.008354,0.026193
nyt_20130321_women_senate,E19,E22,1,0.008477,0.889799,0.026548,0.075175
nyt_20130321_women_senate,E20,E22,0,0.829374,0.021701,0.036380,0.112545
nyt_20130321_women_senate,E21,E22,0,0.709870,0.058159,0.056849,0.175122
nyt_20130321_women_senate,E22,E23,0,0.950978,0.001432,0.009966,0.037623
nyt_20130321_women_senate,E22,E24,0,0.994987,0.000024,0.000992,0.003997
nyt_20130321_women_senate,E23,E25,0,0.893971,0.005429,0.021630,0.078970
nyt_20130321_women_senate,E24,E25,0,0.540303,0.099631,0.071919,0.288146
nyt_20130321_women_senate,E25,E26,1,0.000435,0.969840,0.007125,0.022600
nyt_20130321_women_senate,E25,E27,1,0.139573,0.448377,0.092068,0.319982
nyt_20130321_women_senate,E25,E1000014,1,0.108795,0.488936,0.087295,0.314975
nyt_20130321_women_senate,E26,E29,0,0.392470,0.206481,0.108651,0.292399
nyt_20130321_women_senate,E27,E29,1,0.023249,0.760357,0.053239,0.163155
nyt_20130321_women_senate,E1000014,E29,1,0.036553,0.707154,0.062491,0.193802
nyt_20130321_women_senate,E29,E36,0,0.987947,0.000103,0.002601,0.009349
nyt_20130321_women_senate,E36,E37,0,0.703218,0.036629,0.049260,0.210893
nyt_20130321_women_senate,E36,E1000015,3,0.299335,0.243248,0.090355,0.367062
nyt_20130321_women_senate,E37,E40,1,0.000317,0.974953,0.005914,0.018816
nyt_20130321_women_senate,E37,E41,1,0.040442,0.693830,0.060756,0.204972
nyt_20130321_women_senate,E37,E42,1,0.000176,0.981831,0.004107,0.013886
nyt_20130321_women_senate,E1000015,E40,1,0.005882,0.896408,0.022887,0.074824
nyt_20130321_women_senate,E1000015,E41,0,0.459844,0.165150,0.085279,0.289727
nyt_20130321_women_senate,E1000015,E42,1,0.003991,0.917021,0.018510,0.060478
nyt_20130321_women_senate,E40,E43,0,0.749781,0.040307,0.048172,0.161740
nyt_20130321_women_senate,E40,E47,0,0.991390,0.000067,0.001880,0.006663
nyt_20130321_women_senate,E40,E48,0,0.977893,0.000367,0.005577,0.016163
nyt_20130321_women_senate,E41,E43,1,0.089196,0.584661,0.073069,0.253073
nyt_20130321_women_senate,E41,E47,0,0.921933,0.003346,0.016508,0.058213
nyt_20130321_women_senate,E41,E48,0,0.800960,0.019131,0.046091,0.133819
nyt_20130321_women_senate,E42,E43,0,0.803312,0.027135,0.039099,0.130454
nyt_20130321_women_senate,E42,E47,0,0.993100,0.000047,0.001499,0.005353
nyt_20130321_women_senate,E42,E48,0,0.982219,0.000261,0.004465,0.013056
nyt_20130321_women_senate,E43,E49,0,0.783015,0.031088,0.043047,0.142850
nyt_20130321_women_senate,E43,E50,0,0.975536,0.000385,0.005043,0.019035
nyt_20130321_women_senate,E43,E53,1,0.036742,0.785306,0.049466,0.128486
nyt_20130321_women_senate,E47,E49,1,0.008085,0.863649,0.027845,0.100422
nyt_20130321_women_senate,E47,E50,3,0.271612,0.281854,0.087386,0.359147
nyt_20130321_women_senate,E47,E53,1,0.000092,0.988701,0.002686,0.008522
nyt_20130321_women_senate,E48,E49,1,0.031750,0.734342,0.056041,0.177868
nyt_20130321_women_senate,E48,E50,0,0.503540,0.113149,0.083051,0.300261
nyt_20130321_women_senate,E48,E53,1,0.000310,0.978336,0.005648,0.015705
bbc_20130322_1150,E1,E2,0,0.966278,0.001749,0.010027,0.021946
bbc_20130322_1150,E6,E7,1,0.029198,0.721485,0.055970,0.193347
bbc_20130322_1150,E8,E10,1,0.025664,0.789854,0.050710,0.133772
bbc_20130322_1150,E8,E11,0,0.827079,0.014679,0.042360,0.115882
bbc_20130322_1150,E10,E11,0,0.938073,0.003205,0.016129,0.042593
bbc_20130322_1150,E14,E15,1,0.046801,0.672519,0.058379,0.222300
bbc_20130322_1150,E14,E17,0,0.378370,0.193682,0.087067,0.340880
bbc_20130322_1150,E15,E17,0,0.703593,0.041897,0.055006,0.199504
bbc_20130322_1150,E19,E20,1,0.025705,0.783045,0.044199,0.147051
bbc_20130322_1150,E19,E21,0,0.865594,0.009507,0.026714,0.098184
bbc_20130322_1150,E20,E21,0,0.939969,0.002555,0.012496,0.044980
bbc_20130322_1150,E23,E24,0,0.690429,0.041969,0.068587,0.199015
bbc_20130322_1150,E29,E30,0,0.992614,0.000056,0.001683,0.005648
bbc_20130322_1150,E53,E35,0,0.997536,0.000006,0.000452,0.002005
bbc_20130322_1150,E39,E40,0,0.989025,0.000098,0.002440,0.008437
bbc_20130322_1150,E41,E42,1,0.000043,0.992308,0.001713,0.005936
bbc_20130322_1150,E41,E43,0,0.412355,0.253637,0.107845,0.226162
bbc_20130322_1150,E42,E43,0,0.961138,0.001321,0.010979,0.026562
bbc_20130322_1150,E1,E3,0,0.990535,0.000142,0.002565,0.006757
bbc_20130322_1150,E2,E3,0,0.514296,0.227103,0.072750,0.185850
bbc_20130322_1150,E3,E4,1,0.000143,0.986745,0.003223,0.009889
bbc_20130322_1150,E4,E6,0,0.996244,0.000014,0.000721,0.003022
bbc_20130322_1150,E4,E7,0,0.982508,0.000236,0.004217,0.013039
bbc_20130322_1150,E6,E8,1,0.000225,0.978641,0.004801,0.016333
bbc_20130322_1150,E6,E10,1,0.000058,0.990959,0.002063,0.006920
bbc_20130322_1150,E6,E11,1,0.002906,0.918420,0.018795,0.059879
bbc_20130322_1150,E7,E8,1,0.028985,0.764026,0.053242,0.153747
bbc_20130322_1150,E7,E10,1,0.004348,0.921569,0.020558,0.053525
bbc_20130322_1150,E7,E11,0,0.443547,0.191544,0.096319,0.268590
bbc_20130322_1150,E8,E12,0,0.921009,0.002743,0.018971,0.057276
bbc_20130322_1150,E10,E12,0,0.961914,0.001000,0.009872,0.027214
bbc_20130322_1150,E11,E12,0,0.596313,0.092635,0.080336,0.230716
bbc_20130322_1150,E12,E14,0,0.975630,0.000377,0.005804,0.018188
bbc_20130322_1150,E12,E15,0,0.978890,0.000304,0.005079,0.015727
bbc_20130322_1150,E12,E17,0,0.980168,0.000267,0.004682,0.014882
bbc_20130322_1150,E18,E19,0,0.890770,0.005166,0.024126,0.079938
bbc_20130322_1150,E18,E20,0,0.707617,0.050847,0.067632,0.173903
bbc_20130322_1150,E18,E21,0,0.981901,0.000226,0.004193,0.013681
bbc_20130322_1150,E19,E23,0,0.923871,0.002905,0.016218,0.057006
bbc_20130322_1150,E19,E24,0,0.781390,0.022244,0.044284,0.152082
bbc_20130322_1150,E20,E23,0,0.976872,0.000373,0.005166,0.017589
bbc_20130322_1150,E20,E24,0,0.920142,0.004158,0.018322,0.057378
bbc_20130322_1150,E21,E23,0,0.695135,0.044243,0.054753,0.205870
bbc_20130322_1150,E21,E24,3,0.304218,0.267331,0.095688,0.332764
bbc_20130322_1150,E28,E29,1,0.000009,0.996613,0.000680,0.002698
bbc_20130322_1150,E28,E30,1,0.110475,0.528043,0.070953,0.290528
bbc_20130322_1150,E29,E34,0,0.998268,0.000004,0.000322,0.001405
bbc_20130322_1150,E30,E34,0,0.930163,0.002786,0.013454,0.053596
bbc_20130322_1150,E34,E53,1,0.000512,0.967144,0.007080,0.025264
bbc_20130322_1150,E34,E35,0,0.949929,0.001257,0.009625,0.039189
bbc_20130322_1150,E53,E36,0,0.984031,0.000171,0.003419,0.012379
bbc_20130322_1150,E35,E36,1,0.008241,0.863593,0.025973,0.102193
bbc_20130322_1150,E36,E39,1,0.005447,0.887443,0.024418,0.082692
bbc_20130322_1150,E36,E40,0,0.579203,0.066964,0.075053,0.278780
bbc_20130322_1150,E39,E41,0,0.994523,0.000033,0.001214,0.004229
bbc_20130322_1150,E39,E42,1,0.118627,0.558322,0.089861,0.233190
bbc_20130322_1150,E39,E43,0,0.939777,0.003961,0.017134,0.039128
bbc_20130322_1150,E40,E41,0,0.861137,0.009243,0.028536,0.101084
bbc_20130322_1150,E40,E42,1,0.000325,0.973647,0.006131,0.019898
bbc_20130322_1150,E40,E43,1,0.055745,0.690647,0.066339,0.187269
bbc_20130322_1150,E41,E44,0,0.342121,0.297466,0.102421,0.257992
bbc_20130322_1150,E42,E44,0,0.984488,0.000227,0.003946,0.011339
bbc_20130322_1150,E43,E44,1,0.312286,0.332109,0.093181,0.262424
bbc_20130322_332,E1,E2,0,0.601137,0.081797,0.076869,0.240198
bbc_20130322_332,E1,E3,1,0.019680,0.810247,0.040584,0.129488
bbc_20130322_332,E1,E4,1,0.000002,0.998411,0.000289,0.001298
bbc_20130322_332,E2,E3,1,0.001829,0.937403,0.014992,0.045775
bbc_20130322_332,E2,E4,1,0.000001,0.998795,0.000212,0.000991
bbc_20130322_332,E3,E4,1,0.000031,0.994085,0.001344,0.004540
bbc_20130322_332,E12,E13,1,0.004244,0.874357,0.021466,0.099934
bbc_20130322_332,E17,E18,0,0.564005,0.108344,0.076712,0.250939
bbc_20130322_332,E22,E23,0,0.990530,0.000061,0.001887,0.007523
bbc_20130322_332,E27,E28,1,0.087871,0.533262,0.082960,0.295906
bbc_20130322_332,E27,E29,3,0.278061,0.271668,0.099895,0.350376
bbc_20130322_332,E28,E29,3,0.269607,0.303623,0.097202,0.329567
bbc_20130322_332,E31,E33,1,0.027277,0.795032,0.047674,0.130017
bbc_20130322_332,E31,E34,0,0.484293,0.197494,0.098307,0.219906
bbc_20130322_332,E31,E35,0,0.732866,0.058261,0.062093,0.146780
bbc_20130322_332,E33,E34,0,0.780289,0.043678,0.046004,0.130029
bbc_20130322_332,E33,E35,0,0.857274,0.017896,0.032246,0.092584
bbc_20130322_332,E34,E35,0,0.784854,0.046339,0.045806,0.123001
bbc_20130322_332,E37,E38,0,0.392138,0.148216,0.087299,0.372347
bbc_20130322_332,E37,E40,0,0.555209,0.064342,0.075849,0.304600
bbc_20130322_332,E38,E40,0,0.600766,0.054541,0.067514,0.277179
bbc_20130322_332,E1,E5,0,0.385944,0.167862,0.092012,0.354182
bbc_20130322_332,E2,E5,0,0.434471,0.138254,0.092297,0.334977
bbc_20130322_332,E3,E5,0,0.926216,0.002644,0.015137,0.056003
bbc_20130322_332,E4,E5,0,0.997513,0.000007,0.000475,0.002005
bbc_20130322_332,E5,E9,1,0.002144,0.917014,0.018367,0.062475
bbc_20130322_332,E9,E11,1,0.015737,0.812060,0.044949,0.127255
bbc_20130322_332,E11,E12,0,0.992930,0.000043,0.001490,0.005537
bbc_20130322_332,E11,E13,0,0.912094,0.003213,0.021041,0.063652
bbc_20130322_332,E12,E17,1,0.000358,0.969187,0.006316,0.024140
bbc_20130322_332,E12,E18,1,0.003035,0.911202,0.018179,0.067584
bbc_20130322_332,E13,E17,1,0.008966,0.845062,0.031020,0.114953
bbc_20130322_332,E13,E18,1,0.121514,0.497150,0.082424,0.298912
bbc_20130322_332,E17,E19,0,0.958962,0.000718,0.008114,0.032207
bbc_20130322_332,E18,E19,0,0.932977,0.001838,0.013449,0.051735
bbc_20130322_332,E19,E22,1,0.000911,0.946597,0.012092,0.040400
bbc_20130322_332,E19,E23,0,0.710434,0.029587,0.058177,0.201802
bbc_20130322_332,E22,E24,3,0.275092,0.233750,0.104939,0.386219
bbc_20130322_332,E23,E24,1,0.002939,0.898190,0.019335,0.079536
bbc_20130322_332,E27,E30,0,0.907221,0.003531,0.018412,0.070837
bbc_20130322_332,E28,E30,0,0.901061,0.004668,0.020004,0.074267
bbc_20130322_332,E29,E30,0,0.842599,0.014468,0.030447,0.112486
bbc_20130322_332,E30,E31,1,0.042191,0.703354,0.052921,0.201534
bbc_20130322_332,E30,E33,1,0.001966,0.942061,0.012705,0.043268
bbc_20130322_332,E30,E34,1,0.040284,0.758068,0.047232,0.154415
bbc_20130322_332,E30,E35,1,0.124155,0.557256,0.073750,0.244838
bbc_20130322_332,E31,E36,1,0.066662,0.659914,0.081134,0.192290
bbc_20130322_332,E33,E36,1,0.302573,0.322286,0.102507,0.272633
bbc_20130322_332,E34,E36,1,0.279744,0.380723,0.097510,0.242023
bbc_20130322_332,E35,E36,1,0.236223,0.429765,0.096396,0.237616
bbc_20130322_332,E36,E37,0,0.992743,0.000043,0.001505,0.005708
bbc_20130322_332,E36,E38,0,0.988609,0.000083,0.002332,0.008976
bbc_20130322_332,E36,E40,0,0.988841,0.000083,0.002355,0.008721
bbc_20130322_1600,E2,E5,0,0.933137,0.004122,0.015370,0.047371
bbc_20130322_1600,E6,E7,1,0.000849,0.972122,0.008254,0.018774
bbc_20130322_1600,E6,E8,0,0.936694,0.006417,0.017031,0.039858
bbc_20130322_1600,E6,E9,0,0.821404,0.041987,0.039776,0.096833
bbc_20130322_1600,E7,E8,0,0.997229,0.000016,0.000657,0.002098
bbc_20130322_1600,E7,E9,0,0.989787,0.000202,0.002759,0.007251
bbc_20130322_1600,E8,E9,1,0.068871,0.743283,0.046212,0.141634
bbc_20130322_1600,E10,E11,0,0.758227,0.048249,0.047496,0.146029
bbc_20130322_1600,E10,E12,0,0.902958,0.008841,0.021653,0.066548
bbc_20130322_1600,E11,E12,0,0.676486,0.080302,0.064446,0.178766
bbc_20130322_1600,E16,E20,1,0.164524,0.462906,0.082631,0.289939
bbc_20130322_1600,E21,E22,0,0.644282,0.083052,0.064161,0.208505
bbc_20130322_1600,E2,E6,0,0.732501,0.074917,0.057159,0.135423
bbc_20130322_1600,E2,E7,1,0.032316,0.828879,0.042691,0.096115
bbc_20130322_1600,E2,E8,0,0.992139,0.000097,0.002001,0.005763
bbc_20130322_1600,E2,E9,0,0.971244,0.001318,0.007509,0.019929
bbc_20130322_1600,E5,E6,1,0.096642,0.672953,0.060503,0.169903
bbc_20130322_1600,E5,E7,1,0.000650,0.975980,0.006286,0.017085
bbc_20130322_1600,E5,E8,0,0.917636,0.007970,0.017165,0.057230
bbc_20130322_1600,E5,E9,0,0.634922,0.128041,0.055807,0.181230
bbc_20130322_1600,E6,E10,1,0.108827,0.618796,0.069618,0.202759
bbc_20130322_1600,E6,E11,0,0.770157,0.046991,0.053982,0.128871
bbc_20130322_1600,E6,E12,0,0.787629,0.040825,0.051010,0.120537
bbc_20130322_1600,E7,E10,0,0.942901,0.004498,0.013545,0.039056
bbc_20130322_1600,E7,E11,0,0.980684,0.000450,0.005198,0.013667
bbc_20130322_1600,E7,E12,0,0.985456,0.000263,0.003902,0.010379
bbc_20130322_1600,E8,E10,1,0.002959,0.947258,0.011013,0.038771
bbc_20130322_1600,E8,E11,1,0.038616,0.783037,0.042514,0.135833
bbc_20130322_1600,E8,E12,1,0.091070,0.662388,0.060416,0.186126
bbc_20130322_1600,E9,E10,1,0.041997,0.799982,0.035328,0.122692
bbc_20130322_1600,E9,E11,1,0.316499,0.364974,0.076779,0.241748
bbc_20130322_1600,E9,E12,0,0.492540,0.210989,0.073367,0.223103
bbc_20130322_1600,E10,E13,0,0.971999,0.000985,0.006784,0.020231
bbc_20130322_1600,E11,E13,0,0.938099,0.004212,0.015564,0.042125
bbc_20130322_1600,E12,E13,0,0.909145,0.008993,0.022638,0.059225
bbc_20130322_1600,E13,E30,1,0.003948,0.927782,0.018999,0.049272
bbc_20130322_1600,E30,E14,0,0.939259,0.004083,0.015105,0.041552
bbc_20130322_1600,E14,E16,0,0.864099,0.011241,0.029016,0.095644
bbc_20130322_1600,E14,E20,1,0.152632,0.452750,0.094738,0.299880
bbc_20130322_1600,E16,E21,0,0.442424,0.202572,0.078468,0.276536
bbc_20130322_1600,E16,E22,0,0.854384,0.015374,0.028619,0.101622
bbc_20130322_1600,E20,E21,0,0.838847,0.015813,0.032683,0.112657
bbc_20130322_1600,E20,E22,0,0.902421,0.005559,0.020244,0.071775
bbc_20130322_1600,E21,E25,0,0.927486,0.003491,0.015060,0.053963
bbc_20130322_1600,E22,E25,0,0.895256,0.006523,0.019359,0.078863
WSJ_20130322_804,E1,E2002,0,0.958838,0.001130,0.009390,0.030643
WSJ_20130322_804,E11,E13,0,0.427528,0.151419,0.085669,0.335383
WSJ_20130322_804,E11,E14,1,0.090070,0.564924,0.079360,0.265646
WSJ_20130322_804,E13,E14,1,0.153127,0.429300,0.087478,0.330096
WSJ_20130322_804,E22,E23,1,0.007462,0.831828,0.033029,0.127681
WSJ_20130322_804,E25,E26,0,0.925094,0.003182,0.020483,0.051241
WSJ_20130322_804,E25,E30,0,0.995796,0.000020,0.000902,0.003282
WSJ_20130322_804,E26,E30,0,0.929043,0.002309,0.015268,0.053380
WSJ_20130322_804,E9,E11,0,0.487097,0.148160,0.083981,0.280762
WSJ_20130322_804,E9,E13,0,0.739008,0.027291,0.045027,0.188674
WSJ_20130322_804,E9,E14,0,0.369036,0.208568,0.092847,0.329549
WSJ_20130322_804,E11,E16,1,0.042875,0.679063,0.061516,0.216546
WSJ_20130322_804,E13,E16,1,0.060110,0.608324,0.066864,0.264702
WSJ_20130322_804,E14,E16,1,0.071085,0.582110,0.074435,0.272369
WSJ_20130322_804,E16,E17,0,0.994331,0.000025,0.001073,0.004571
WSJ_20130322_804,E17,E18,1,0.000032,0.993217,0.001442,0.005309
WSJ_20130322_804,E21,E22,0,0.674739,0.055372,0.063549,0.206340
WSJ_20130322_804,E21,E23,3,0.212790,0.332396,0.093716,0.361098
WSJ_20130322_804,E22,E25,3,0.273566,0.257472,0.108278,0.360684
WSJ_20130322_804,E22,E26,3,0.178643,0.357025,0.105582,0.358750
WSJ_20130322_804,E22,E30,0,0.754562,0.025434,0.049405,0.170600
WSJ_20130322_804,E23,E25,0,0.921623,0.002511,0.016156,0.059710
WSJ_20130322_804,E23,E26,0,0.901998,0.003682,0.020001,0.074319
WSJ_20130322_804,E23,E30,0,0.984271,0.000147,0.003237,0.012345
WSJ_20130322_804,E25,E33,0,0.992287,0.000054,0.001707,0.005952
WSJ_20130322_804,E26,E33,0,0.930329,0.002113,0.015337,0.052222
WSJ_20130322_804,E30,E33,0,0.478615,0.125596,0.087474,0.308314
WSJ_20130322_804,E33,E35,1,0.103733,0.524430,0.097375,0.274463
WSJ_20130318_731,E1,E2,1,0.011665,0.866908,0.035030,0.086397
WSJ_20130318_731,E1,E3,1,0.222639,0.329735,0.123013,0.324613
WSJ_20130318_731,E2,E3,0,0.821091,0.020075,0.043002,0.115832
WSJ_20130318_731,E11,E12,1,0.002189,0.935972,0.016651,0.045188
WSJ_20130318_731,E11,E13,0,0.607037,0.071106,0.085260,0.236596
WSJ_20130318_731,E12,E13,0,0.871728,0.008790,0.028948,0.090534
WSJ_20130318_731,E20,E21,0,0.996501,0.000013,0.000697,0.002788
WSJ_20130318_731,E20,E22,0,0.994291,0.000033,0.001225,0.004452
WSJ_20130318_731,E21,E22,0,0.788918,0.016515,0.044177,0.150391
WSJ_20130318_731,E9,E10,1,0.017281,0.845070,0.039996,0.097654
WSJ_20130318_731,E10,E11,0,0.997138,0.000013,0.000624,0.002225
WSJ_20130318_731,E10,E12,0,0.984783,0.000359,0.003838,0.011019
WSJ_20130318_731,E10,E13,0,0.993522,0.000049,0.001492,0.004937
WSJ_20130318_731,E11,E14,0,0.386434,0.169195,0.111952,0.332420
WSJ_20130318_731,E12,E14,0,0.915594,0.004351,0.020705,0.059350
WSJ_20130318_731,E13,E14,0,0.596871,0.078754,0.085618,0.238757
CNN_20130322_1003,E1,E2,1,0.002074,0.960720,0.011523,0.025682
CNN_20130322_1003,E1,E3,0,0.837729,0.033350,0.038917,0.090004
CNN_20130322_1003,E1,E5,0,0.974436,0.000797,0.006409,0.018358
CNN_20130322_1003,E2,E3,0,0.980774,0.000634,0.005504,0.013088
CNN_20130322_1003,E2,E5,0,0.994477,0.000042,0.001308,0.004173
CNN_20130322_1003,E3,E5,0,0.768691,0.046025,0.044752,0.140532
CNN_20130322_1003,E6,E7,1,0.001771,0.971400,0.007945,0.018883
CNN_20130322_1003,E9,E10,0,0.684487,0.117963,0.048771,0.148779
CNN_20130322_1003,E9,E11,1,0.001986,0.962843,0.009302,0.025869
CNN_20130322_1003,E9,E1000,1,0.000095,0.991672,0.002175,0.006058
CNN_20130322_1003,E10,E11,1,0.002153,0.964088,0.008870,0.024888
CNN_20130322_1003,E10,E1000,1,0.000092,0.992444,0.001981,0.005483
CNN_20130322_1003,E11,E1000,1,0.015920,0.885655,0.028024,0.070401
CNN_20130322_1003,E12,E13,1,0.036167,0.811893,0.044935,0.107006
CNN_20130322_1003,E12,E14,1,0.001048,0.972642,0.008002,0.018308
CNN_20130322_1003,E12,E15,1,0.000900,0.971679,0.008411,0.019010
CNN_20130322_1003,E13,E14,1,0.014568,0.893444,0.027788,0.064201
CNN_20130322_1003,E13,E15,1,0.012673,0.891452,0.029275,0.066601
CNN_20130322_1003,E14,E15,1,0.045491,0.813674,0.043331,0.097504
CNN_20130322_1003,E17,E19,1,0.058572,0.710163,0.074265,0.157000
CNN_20130322_1003,E17,E20,0,0.987970,0.000137,0.002974,0.008920
CNN_20130322_1003,E19,E20,0,0.996232,0.000019,0.000836,0.002913
CNN_20130322_1003,E23,E27,0,0.308179,0.301508,0.083447,0.306866
CNN_20130322_1003,E30,E31,1,0.007030,0.897622,0.026909,0.068438
CNN_20130322_1003,E30,E32,1,0.000117,0.986741,0.003168,0.009973
CNN_20130322_1003,E30,E33,1,0.000019,0.995436,0.001014,0.003531
CNN_20130322_1003,E31,E32,1,0.000213,0.985059,0.003722,0.011007
CNN_20130322_1003,E31,E33,1,0.000052,0.992758,0.001722,0.005468
CNN_20130322_1003,E32,E33,1,0.023917,0.849630,0.032611,0.093842
CNN_20130322_1003,E34,E36,1,0.000017,0.995619,0.000924,0.003439
CNN_20130322_1003,E40,E41,1,0.001163,0.967163,0.008914,0.022760
CNN_20130322_1003,E40,E42,1,0.000091,0.990901,0.002396,0.006612
CNN_20130322_1003,E41,E42,1,0.000425,0.984396,0.004459,0.010719
CNN_20130322_1003,E43,E44,0,0.669902,0.065869,0.057770,0.206459
CNN_20130322_1003,E45,E47,1,0.116861,0.567248,0.075316,0.240574
CNN_20130322_1003,E55,E57,0,0.971029,0.000542,0.005715,0.022714
CNN_20130322_1003,E1,E6,0,0.774939,0.069047,0.046511,0.109503
CNN_20130322_1003,E1,E7,1,0.044035,0.823924,0.040620,0.091421
CNN_20130322_1003,E2,E6,0,0.973505,0.001528,0.007356,0.017612
CNN_20130322_1003,E2,E7,0,0.644471,0.151445,0.062595,0.141489
CNN_20130322_1003,E3,E6,1,0.101769,0.696750,0.056623,0.144858
CNN_20130322_1003,E3,E7,1,0.001217,0.972321,0.007653,0.018809
CNN_20130322_1003,E5,E6,1,0.003794,0.944445,0.013044,0.038716
CNN_20130322_1003,E5,E7,1,0.000047,0.993984,0.001505,0.004464
CNN_20130322_1003,E6,E9,0,0.991188,0.000176,0.002320,0.006317
CNN_20130322_1003,E6,E10,0,0.991623,0.000188,0.002156,0.006034
CNN_20130322_1003,E6,E11,0,0.400701,0.344239,0.072365,0.182696
CNN_20130322_1003,E6,E1000,1,0.033625,0.845497,0.035388,0.085490
CNN_20130322_1003,E7,E9,0,0.996825,0.000025,0.000794,0.002356
CNN_20130322_1003,E7,E10,0,0.997256,0.000022,0.000680,0.002043
CNN_20130322_1003,E7,E11,0,0.817287,0.050820,0.037709,0.094184
CNN_20130322_1003,E7,E1000,1,0.279635,0.474668,0.072516,0.173181
CNN_20130322_1003,E9,E12,1,0.130433,0.645869,0.059033,0.164665
CNN_20130322_1003,E9,E13,1,0.001828,0.963483,0.009573,0.025117
CNN_20130322_1003,E9,E14,1,0.000210,0.988999,0.003034,0.007757
CNN_20130322_1003,E9,E15,1,0.000204,0.987943,0.003349,0.008504
CNN_20130322_1003,E10,E12,1,0.156221,0.624518,0.057841,0.161420
CNN_20130322_1003,E10,E13,1,0.002284,0.962433,0.009724,0.025559
CNN_20130322_1003,E10,E14,1,0.000257,0.988822,0.003062,0.007859
CNN_20130322_1003,E10,E15,1,0.000242,0.987970,0.003343,0.008445
CNN_20130322_1003,E11,E12,0,0.878357,0.020274,0.028449,0.072920
CNN_20130322_1003,E11,E13,1,0.214066,0.515595,0.079274,0.191066
CNN_20130322_1003,E11,E14,1,0.036676,0.834888,0.038749,0.089687
CNN_20130322_1003,E11,E15,1,0.033029,0.831639,0.041459,0.093873
CNN_20130322_1003,E1000,E12,0,0.989293,0.000200,0.002959,0.007548
CNN_20130322_1003,E1000,E13,0,0.896741,0.014690,0.027356,0.061214
CNN_20130322_1003,E1000,E14,0,0.699702,0.108499,0.060948,0.130851
CNN_20130322_1003,E1000,E15,0,0.669893,0.115123,0.069391,0.145594
CNN_20130322_1003,E12,E17,1,0.002477,0.947191,0.015181,0.035151
CNN_20130322_1003,E12,E19,1,0.000250,0.984224,0.004332,0.011194
CNN_20130322_1003,E12,E20,0,0.858457,0.018300,0.032302,0.090941
CNN_20130322_1003,E13,E17,1,0.045477,0.767881,0.056009,0.130633
CNN_20130322_1003,E13,E19,1,0.007664,0.913487,0.022877,0.055972
CNN_20130322_1003,E13,E20,0,0.973635,0.000747,0.006637,0.018981
CNN_20130322_1003,E14,E17,1,0.096447,0.691274,0.063414,0.148866
CNN_20130322_1003,E14,E19,1,0.019109,0.880472,0.029006,0.071413
CNN_20130322_1003,E14,E20,0,0.986461,0.000292,0.003421,0.009825
CNN_20130322_1003,E15,E17,1,0.159203,0.558478,0.085307,0.197013
CNN_20130322_1003,E15,E19,1,0.035424,0.813121,0.044250,0.107205
CNN_20130322_1003,E15,E20,0,0.988231,0.000168,0.002991,0.008610
CNN_20130322_1003,E17,E21,0,0.889171,0.008931,0.030387,0.071511
CNN_20130322_1003,E19,E21,0,0.987742,0.000185,0.003292,0.008781
CNN_20130322_1003,E20,E21,1,0.087762,0.650305,0.066897,0.195035
CNN_20130322_1003,E21,E23,0,0.894792,0.008986,0.023226,0.072996
CNN_20130322_1003,E21,E27,0,0.912500,0.007921,0.020386,0.059193
CNN_20130322_1003,E30,E34,0,0.910260,0.003891,0.019786,0.066063
CNN_20130322_1003,E30,E36,1,0.000614,0.971829,0.007488,0.020070
CNN_20130322_1003,E31,E34,0,0.975946,0.000458,0.005069,0.018526
CNN_20130322_1003,E31,E36,1,0.003339,0.946928,0.013087,0.036647
CNN_20130322_1003,E32,E34,0,0.998015,0.000005,0.000376,0.001603
CNN_20130322_1003,E32,E36,0,0.534478,0.197781,0.071055,0.196686
CNN_20130322_1003,E33,E34,0,0.998505,0.000004,0.000292,0.001200
CNN_20130322_1003,E33,E36,0,0.532821,0.231043,0.064510,0.171626
CNN_20130322_1003,E34,E38,1,0.032652,0.727983,0.051586,0.187779
CNN_20130322_1003,E36,E38,0,0.970821,0.000844,0.006896,0.021440
CNN_20130322_1003,E38,E40,0,0.397015,0.247243,0.093991,0.261752
CNN_20130322_1003,E38,E41,1,0.007291,0.916257,0.022089,0.054363
CNN_20130322_1003,E38,E42,1,0.000320,0.982830,0.004835,0.012016
CNN_20130322_1003,E40,E43,0,0.819484,0.019251,0.037727,0.123538
CNN_20130322_1003,E40,E44,0,0.915494,0.005426,0.018403,0.060676
CNN_20130322_1003,E41,E43,0,0.956537,0.001851,0.010294,0.031318
CNN_20130322_1003,E41,E44,0,0.980681,0.000485,0.004637,0.014197
CNN_20130322_1003,E42,E43,0,0.989111,0.000138,0.002679,0.008072
CNN_20130322_1003,E42,E44,0,0.994489,0.000046,0.001317,0.004149
CNN_20130322_1003,E43,E45,0,0.470213,0.136066,0.085934,0.307787
CNN_20130322_1003,E43,E47,1,0.164910,0.511206,0.080388,0.243497
CNN_20130322_1003,E44,E45,1,0.108754,0.509406,0.075521,0.306319
CNN_20130322_1003,E44,E47,1,0.009761,0.880156,0.024613,0.085470
CNN_20130322_1003,E45,E48,0,0.503176,0.112081,0.075815,0.308927
CNN_20130322_1003,E47,E48,0,0.730252,0.043193,0.048135,0.178420
CNN_20130322_1003,E48,E50,0,0.957029,0.001155,0.009419,0.032396
CNN_20130322_1003,E50,E51,1,0.001167,0.945583,0.011409,0.041840
CNN_20130322_1003,E51,E52,0,0.828254,0.010511,0.031866,0.129369
CNN_20130322_1003,E52,E53,0,0.975085,0.000335,0.005531,0.019049
CNN_20130322_1003,E53,E55,1,0.046236,0.683154,0.064131,0.206480
