WSJ_20130322_159,E5,E6,1,0.002922,0.934440,0.015716,0.046922
WSJ_20130322_159,E5,E10,0,0.732464,0.042898,0.055214,0.169424
WSJ_20130322_159,E5,E11,0,0.972232,0.000623,0.006617,0.020528
WSJ_20130322_159,E6,E10,0,0.906437,0.004734,0.021692,0.067136
WSJ_20130322_159,E6,E11,0,0.981212,0.000223,0.003992,0.014573
WSJ_20130322_159,E10,E11,0,0.677439,0.044233,0.061917,0.216411
WSJ_20130322_159,E12,E14,1,0.122971,0.523743,0.078197,0.275089
WSJ_20130322_159,E18,E19,0,0.576097,0.100363,0.078680,0.244860
WSJ_20130322_159,E20,E22,1,0.000098,0.986306,0.002936,0.010660
WSJ_20130322_159,E29,E31,0,0.882992,0.005404,0.024472,0.087132
WSJ_20130322_159,E29,E34,1,0.048735,0.682713,0.067653,0.200899
WSJ_20130322_159,E29,E37,0,0.949338,0.001572,0.012450,0.036640
WSJ_20130322_159,E31,E34,1,0.004678,0.887795,0.026254,0.081273
WSJ_20130322_159,E31,E37,0,0.795153,0.019091,0.045161,0.140595
WSJ_20130322_159,E34,E37,0,0.983218,0.000236,0.004022,0.012524
WSJ_20130322_159,E38,E39,1,0.000839,0.953414,0.009918,0.035829
WSJ_20130322_159,E38,E40,1,0.084312,0.544723,0.082471,0.288494
WSJ_20130322_159,E39,E40,0,0.737489,0.040596,0.052411,0.169504
WSJ_20130322_159,E42,E44,1,0.000203,0.975880,0.004658,0.019259
WSJ_20130322_159,E46,E47,1,0.002455,0.912786,0.019878,0.064881
WSJ_20130322_159,E46,E49,0,0.561471,0.094917,0.067245,0.276367
WSJ_20130322_159,E47,E49,0,0.884667,0.007581,0.022686,0.085066
WSJ_20130322_159,E1,E5,0,0.524812,0.124274,0.077206,0.273707
WSJ_20130322_159,E1,E6,1,0.007566,0.861305,0.029614,0.101515
WSJ_20130322_159,E1,E10,3,0.265156,0.254832,0.105424,0.374587
WSJ_20130322_159,E1,E11,0,0.593180,0.070606,0.072855,0.263359
WSJ_20130322_159,E5,E12,0,0.977269,0.000451,0.005289,0.016991
WSJ_20130322_159,E5,E14,0,0.858651,0.014614,0.028382,0.098353
WSJ_20130322_159,E6,E12,0,0.991000,0.000079,0.002015,0.006906
WSJ_20130322_159,E6,E14,0,0.920062,0.003861,0.017195,0.058882
WSJ_20130322_159,E10,E12,0,0.783299,0.020865,0.043790,0.152046
WSJ_20130322_159,E10,E14,1,0.122115,0.487653,0.088205,0.302027
WSJ_20130322_159,E11,E12,0,0.347220,0.219003,0.103846,0.329931
WSJ_20130322_159,E11,E14,1,0.008204,0.848373,0.032258,0.111165
WSJ_20130322_159,E12,E18,0,0.972107,0.000366,0.005629,0.021898
WSJ_20130322_159,E12,E19,0,0.435130,0.192663,0.092825,0.279382
WSJ_20130322_159,E14,E18,0,0.992776,0.000034,0.001277,0.005913
WSJ_20130322_159,E14,E19,0,0.773157,0.032204,0.045549,0.149089
WSJ_20130322_159,E18,E20,1,0.000439,0.964152,0.007499,0.027911
WSJ_20130322_159,E18,E22,1,0.000004,0.997683,0.000408,0.001905
WSJ_20130322_159,E19,E20,1,0.000391,0.969987,0.006666,0.022956
WSJ_20130322_159,E19,E22,1,0.000010,0.996362,0.000718,0.002910
WSJ_20130322_159,E20,E26,0,0.655733,0.065624,0.065728,0.212915
WSJ_20130322_159,E22,E26,0,0.985216,0.000239,0.003547,0.010998
WSJ_20130322_159,E26,E29,0,0.917443,0.003277,0.018494,0.060785
WSJ_20130322_159,E26,E31,0,0.982479,0.000229,0.004054,0.013238
WSJ_20130322_159,E26,E34,0,0.800768,0.022864,0.045074,0.131294
WSJ_20130322_159,E26,E37,0,0.989625,0.000103,0.002391,0.007880
WSJ_20130322_159,E29,E38,1,0.129656,0.479735,0.096016,0.294593
WSJ_20130322_159,E29,E39,1,0.000257,0.977513,0.005077,0.017153
WSJ_20130322_159,E29,E40,1,0.035838,0.699369,0.061732,0.203061
WSJ_20130322_159,E31,E38,1,0.020283,0.757044,0.053049,0.169624
WSJ_20130322_159,E31,E39,1,0.000077,0.987431,0.002563,0.009929
WSJ_20130322_159,E31,E40,1,0.003647,0.890146,0.023933,0.082275
WSJ_20130322_159,E34,E38,0,0.622828,0.061855,0.072244,0.243073
WSJ_20130322_159,E34,E39,1,0.001910,0.935528,0.015207,0.047355
WSJ_20130322_159,E34,E40,3,0.299953,0.260226,0.104002,0.335819
WSJ_20130322_159,E37,E38,1,0.002902,0.906170,0.021074,0.069854
WSJ_20130322_159,E37,E39,1,0.000028,0.993122,0.001373,0.005477
WSJ_20130322_159,E37,E40,1,0.000966,0.949183,0.011448,0.038404
WSJ_20130322_159,E38,E42,0,0.749499,0.022675,0.049635,0.178191
WSJ_20130322_159,E38,E44,1,0.001697,0.926087,0.014970,0.057246
WSJ_20130322_159,E39,E42,0,0.975823,0.000357,0.005363,0.018457
WSJ_20130322_159,E39,E44,1,0.067261,0.624919,0.067393,0.240426
WSJ_20130322_159,E40,E42,0,0.864587,0.006715,0.029541,0.099157
WSJ_20130322_159,E40,E44,1,0.010412,0.807293,0.038006,0.144290
WSJ_20130322_159,E42,E46,0,0.569878,0.062263,0.068531,0.299328
WSJ_20130322_159,E42,E47,1,0.013143,0.785681,0.039291,0.161884
WSJ_20130322_159,E42,E49,1,0.076895,0.562281,0.071844,0.288980
WSJ_20130322_159,E44,E46,0,0.990547,0.000060,0.001844,0.007550
WSJ_20130322_159,E44,E47,0,0.801158,0.014327,0.033565,0.150950
WSJ_20130322_159,E44,E49,0,0.945469,0.001773,0.010661,0.042097
WSJ_20130322_159,E46,E55,0,0.724843,0.041956,0.052451,0.180750
WSJ_20130322_159,E47,E55,0,0.987086,0.000163,0.002930,0.009821
WSJ_20130322_159,E49,E55,0,0.781289,0.033289,0.042124,0.143297
nyt_20130322_strange_computer,E8,E11,0,0.993088,0.000038,0.001350,0.005524
nyt_20130322_strange_computer,E14,E16,1,0.000064,0.989886,0.002185,0.007865
nyt_20130322_strange_computer,E19,E22,0,0.767561,0.028076,0.045389,0.158974
nyt_20130322_strange_computer,E19,E23,1,0.013667,0.837241,0.034572,0.114520
nyt_20130322_strange_computer,E22,E23,1,0.033335,0.719514,0.058399,0.188752
nyt_20130322_strange_computer,E6,E8,1,0.189419,0.379410,0.102653,0.328519
nyt_20130322_strange_computer,E6,E11,0,0.993793,0.000033,0.001213,0.004961
nyt_20130322_strange_computer,E8,E14,0,0.993211,0.000040,0.001405,0.005345
nyt_20130322_strange_computer,E8,E16,0,0.318894,0.270532,0.107182,0.303391
nyt_20130322_strange_computer,E11,E14,0,0.832607,0.012169,0.035978,0.119246
nyt_20130322_strange_computer,E11,E16,1,0.000296,0.976333,0.005506,0.017865
nyt_20130322_strange_computer,E14,E19,1,0.105939,0.505065,0.090186,0.298810
nyt_20130322_strange_computer,E14,E22,3,0.301257,0.262725,0.108072,0.327946
nyt_20130322_strange_computer,E14,E23,1,0.014454,0.817464,0.040312,0.127770
nyt_20130322_strange_computer,E16,E19,0,0.982546,0.000211,0.003827,0.013415
nyt_20130322_strange_computer,E16,E22,0,0.988818,0.000096,0.002349,0.008736
nyt_20130322_strange_computer,E16,E23,0,0.905345,0.005318,0.022088,0.067249
nyt_20130322_strange_computer,E19,E24,0,0.917345,0.004429,0.017746,0.060480
nyt_20130322_strange_computer,E22,E24,0,0.908043,0.004219,0.020406,0.067331
nyt_20130322_strange_computer,E23,E24,0,0.984868,0.000187,0.003514,0.011431
CNN_20130321_821,E4,E5,1,0.086454,0.554469,0.095440,0.263638
CNN_20130321_821,E5,E8,0,0.962101,0.000637,0.007752,0.029510
CNN_20130321_821,E8,E1000,0,0.737144,0.018405,0.052195,0.192256
CNN_20130321_821,E1002,E20,0,0.910134,0.002933,0.019794,0.067139
nyt_20130321_cyprus,E2,E5,0,0.439335,0.238808,0.096341,0.225516
nyt_20130321_cyprus,E7,E2009,1,0.030526,0.758862,0.049652,0.160960
nyt_20130321_cyprus,E13,E15,0,0.714708,0.035774,0.062917,0.186601
nyt_20130321_cyprus,E22,E23,1,0.111484,0.468182,0.084034,0.336300
nyt_20130321_cyprus,E22,E24,1,0.000022,0.994014,0.001180,0.004784
nyt_20130321_cyprus,E23,E24,1,0.000173,0.982284,0.003941,0.013603
nyt_20130321_cyprus,E33,E35,1,0.062599,0.652620,0.071439,0.213343
nyt_20130321_cyprus,E41,E42,1,0.025935,0.750416,0.052854,0.170795
nyt_20130321_cyprus,E46,E47,0,0.892700,0.007678,0.023448,0.076174
nyt_20130321_cyprus,E48,E51,0,0.979415,0.000299,0.004671,0.015615
nyt_20130321_cyprus,E2,E7,0,0.929151,0.003927,0.018184,0.048738
nyt_20130321_cyprus,E2,E2009,0,0.806841,0.024467,0.043412,0.125279
nyt_20130321_cyprus,E5,E7,0,0.856777,0.015535,0.037876,0.089812
nyt_20130321_cyprus,E5,E2009,0,0.643322,0.082162,0.077484,0.197033
nyt_20130321_cyprus,E7,E9,1,0.000500,0.970246,0.007211,0.022042
nyt_20130321_cyprus,E2009,E9,1,0.024661,0.776046,0.049960,0.149334
nyt_20130321_cyprus,E10,E13,0,0.984002,0.000237,0.003792,0.011969
nyt_20130321_cyprus,E10,E15,0,0.988519,0.000111,0.002502,0.008868
nyt_20130321_cyprus,E13,E21,0,0.451306,0.165532,0.104611,0.278551
nyt_20130321_cyprus,E15,E21,0,0.643682,0.063297,0.072423,0.220597
nyt_20130321_cyprus,E21,E22,0,0.916535,0.003234,0.016937,0.063295
nyt_20130321_cyprus,E21,E23,0,0.485770,0.119905,0.083628,0.310697
nyt_20130321_cyprus,E21,E24,1,0.000072,0.989366,0.002311,0.008251
nyt_20130321_cyprus,E22,E25,1,0.000513,0.963486,0.007942,0.028058
nyt_20130321_cyprus,E23,E25,1,0.013677,0.810570,0.039915,0.135838
nyt_20130321_cyprus,E24,E25,0,0.966103,0.000776,0.008302,0.024820
nyt_20130321_cyprus,E33,E36,3,0.253595,0.321948,0.095714,0.328743
nyt_20130321_cyprus,E35,E36,0,0.386912,0.181242,0.090301,0.341545
nyt_20130321_cyprus,E36,E41,0,0.853578,0.007863,0.030069,0.108489
nyt_20130321_cyprus,E36,E42,1,0.190362,0.402257,0.090994,0.316387
nyt_20130321_cyprus,E46,E48,1,0.167039,0.455597,0.083701,0.293663
nyt_20130321_cyprus,E46,E51,0,0.986869,0.000155,0.003065,0.009911
nyt_20130321_cyprus,E47,E48,1,0.000843,0.958059,0.010233,0.030865
nyt_20130321_cyprus,E47,E51,0,0.647099,0.061791,0.072053,0.219057
nyt_20130321_cyprus,E48,E57,1,0.000053,0.990983,0.001925,0.007039
nyt_20130321_cyprus,E51,E57,1,0.000004,0.997583,0.000443,0.001970
bbc_20130322_1353,E1,E5,1,0.000049,0.990762,0.001912,0.007276
bbc_20130322_1353,E8,E10,1,0.000143,0.984265,0.003694,0.011898
bbc_20130322_1353,E15,E16,1,0.012443,0.837173,0.031059,0.119325
bbc_20130322_1353,E19,E20,1,0.000603,0.975101,0.006588,0.017707
bbc_20130322_1353,E19,E21,1,0.017152,0.863871,0.031774,0.087203
bbc_20130322_1353,E20,E21,1,0.149983,0.586859,0.066274,0.196885
bbc_20130322_1353,E23,E25,1,0.077435,0.597880,0.069488,0.255196
bbc_20130322_1353,E23,E26,1,0.000752,0.958452,0.009442,0.031354
bbc_20130322_1353,E23,E27,1,0.000029,0.993305,0.001368,0.005298
bbc_20130322_1353,E25,E26,1,0.000382,0.970896,0.006373,0.022349
bbc_20130322_1353,E25,E27,1,0.000020,0.994767,0.001054,0.004160
bbc_20130322_1353,E26,E27,1,0.000515,0.965661,0.007781,0.026043
bbc_20130322_1353,E28,E29,1,0.000145,0.982956,0.003515,0.013385
bbc_20130322_1353,E28,E31,1,0.000133,0.983911,0.003346,0.012610
bbc_20130322_1353,E29,E31,1,0.162686,0.474151,0.073163,0.290001
bbc_20130322_1353,E33,E34,0,0.897940,0.006218,0.023811,0.072032
bbc_20130322_1353,E35,E36,0,0.345455,0.237296,0.093254,0.323995
bbc_20130322_1353,E35,E37,1,0.000593,0.961758,0.007923,0.029726
bbc_20130322_1353,E36,E37,1,0.000127,0.983042,0.003332,0.013499
bbc_20130322_1353,E1,E8,3,0.214917,0.314242,0.106718,0.364123
bbc_20130322_1353,E1,E10,1,0.000163,0.983366,0.003804,0.012666
bbc_20130322_1353,E5,E8,0,0.990285,0.000082,0.002122,0.007511
bbc_20130322_1353,E5,E10,1,0.295181,0.344983,0.092198,0.267638
bbc_20130322_1353,E8,E11,1,0.052921,0.605617,0.064196,0.277265
bbc_20130322_1353,E10,E11,0,0.922219,0.004225,0.018553,0.055003
bbc_20130322_1353,E11,E13,0,0.475661,0.166613,0.078409,0.279316
bbc_20130322_1353,E13,E15,0,0.728139,0.050101,0.056800,0.164960
bbc_20130322_1353,E13,E16,1,0.178859,0.439432,0.093048,0.288661
bbc_20130322_1353,E15,E17,1,0.027698,0.702321,0.055287,0.214694
bbc_20130322_1353,E16,E17,3,0.172357,0.341053,0.091996,0.394594
bbc_20130322_1353,E17,E19,1,0.005541,0.894376,0.024022,0.076061
bbc_20130322_1353,E17,E20,1,0.000109,0.986488,0.003019,0.010384
bbc_20130322_1353,E17,E21,1,0.000227,0.978832,0.004775,0.016166
bbc_20130322_1353,E19,E23,0,0.945093,0.002118,0.012851,0.039938
bbc_20130322_1353,E19,E25,0,0.954379,0.001479,0.010634,0.033508
bbc_20130322_1353,E19,E26,0,0.844633,0.017857,0.034866,0.102643
bbc_20130322_1353,E19,E27,1,0.004262,0.919617,0.019603,0.056518
bbc_20130322_1353,E20,E23,0,0.993840,0.000052,0.001439,0.004669
bbc_20130322_1353,E20,E25,0,0.990865,0.000081,0.001981,0.007072
bbc_20130322_1353,E20,E26,0,0.914009,0.005929,0.018699,0.061363
bbc_20130322_1353,E20,E27,1,0.180422,0.504849,0.076941,0.237788
bbc_20130322_1353,E21,E23,0,0.987373,0.000199,0.003180,0.009248
bbc_20130322_1353,E21,E25,0,0.977711,0.000459,0.004992,0.016838
bbc_20130322_1353,E21,E26,0,0.778212,0.036631,0.044252,0.140904
bbc_20130322_1353,E21,E27,1,0.032342,0.798046,0.042328,0.127284
bbc_20130322_1353,E23,E28,0,0.654246,0.076233,0.062505,0.207016
bbc_20130322_1353,E23,E29,1,0.006840,0.882462,0.024310,0.086389
bbc_20130322_1353,E23,E31,1,0.029735,0.775029,0.043447,0.151789
bbc_20130322_1353,E25,E28,1,0.177920,0.457469,0.080869,0.283742
bbc_20130322_1353,E25,E29,1,0.004781,0.901244,0.019405,0.074569
bbc_20130322_1353,E25,E31,1,0.022798,0.815582,0.034225,0.127394
bbc_20130322_1353,E26,E28,0,0.824573,0.017253,0.035975,0.122199
bbc_20130322_1353,E26,E29,1,0.209040,0.373641,0.088900,0.328419
bbc_20130322_1353,E26,E31,0,0.531925,0.128337,0.073320,0.266417
bbc_20130322_1353,E27,E28,0,0.985721,0.000186,0.003357,0.010736
bbc_20130322_1353,E27,E29,0,0.871161,0.010866,0.026184,0.091789
bbc_20130322_1353,E27,E31,0,0.957987,0.001555,0.009118,0.031339
bbc_20130322_1353,E28,E33,1,0.002587,0.923263,0.016590,0.057560
bbc_20130322_1353,E28,E34,1,0.198619,0.391231,0.088623,0.321527
bbc_20130322_1353,E29,E33,0,0.662588,0.066826,0.056281,0.214305
bbc_20130322_1353,E29,E34,0,0.876157,0.007427,0.022912,0.093505
bbc_20130322_1353,E31,E33,0,0.623899,0.088518,0.062394,0.225189
bbc_20130322_1353,E31,E34,0,0.932203,0.002978,0.013411,0.051407
bbc_20130322_1353,E33,E35,0,0.996979,0.000011,0.000582,0.002427
bbc_20130322_1353,E33,E36,0,0.992866,0.000050,0.001494,0.005590
bbc_20130322_1353,E33,E37,0,0.685046,0.064557,0.060048,0.190349
bbc_20130322_1353,E34,E35,0,0.990287,0.000082,0.002059,0.007571
bbc_20130322_1353,E34,E36,0,0.984184,0.000194,0.003438,0.012183
bbc_20130322_1353,E34,E37,1,0.161968,0.458216,0.081713,0.298103
nyt_20130321_women_senate,E1000009,E2,0,0.852476,0.010080,0.027874,0.109570
nyt_20130321_women_senate,E4,E5,1,0.000177,0.981094,0.004095,0.014634
nyt_20130321_women_senate,E4,E6,1,0.018704,0.789678,0.041228,0.150389
nyt_20130321_women_senate,E5,E6,0,0.826792,0.017512,0.032534,0.123162
nyt_20130321_women_senate,E9,E10,0,0.985045,0.000176,0.003387,0.011392
nyt_20130321_women_senate,E11,E12,0,0.762816,0.030504,0.053952,0.152728
nyt_20130321_women_senate,E14,E15,1,0.006700,0.879913,0.027752,0.085636
nyt_20130321_women_senate,E16,E17,1,0.215776,0.373641,0.082514,0.328069
nyt_20130321_women_senate,E19,E20,1,0.000056,0.991345,0.001932,0.006667
nyt_20130321_women_senate,E19,E21,1,0.000801,0.959422,0.009718,0.030058
nyt_20130321_women_senate,E20,E21,0,0.749058,0.041104,0.051397,0.158441
nyt_20130321_women_senate,E23,E24,0,0.944745,0.001708,0.012934,0.040613
nyt_20130321_women_senate,E26,E27,0,0.978892,0.000412,0.005770,0.014926
nyt_20130321_women_senate,E26,E1000014,0,0.960338,0.000918,0.009182,0.029562
nyt_20130321_women_senate,E27,E1000014,3,0.305751,0.255036,0.114273,0.324939
nyt_20130321_women_senate,E37,E1000015,1,0.188774,0.372803,0.113770,0.324653
nyt_20130321_women_senate,E40,E41,0,0.967303,0.000607,0.006820,0.025270
nyt_20130321_women_senate,E40,E42,0,0.727860,0.040188,0.053213,0.178739
nyt_20130321_women_senate,E41,E42,1,0.086399,0.576476,0.074517,0.262608
nyt_20130321_women_senate,E43,E47,0,0.989745,0.000071,0.001998,0.008187
nyt_20130321_women_senate,E43,E48,0,0.984713,0.000145,0.003127,0.012015
nyt_20130321_women_senate,E47,E48,0,0.619886,0.055057,0.073183,0.251874
nyt_20130321_women_senate,E49,E50,0,0.890982,0.007450,0.022282,0.079286
nyt_20130321_women_senate,E49,E53,1,0.000537,0.971208,0.007121,0.021133
nyt_20130321_women_senate,E50,E53,1,0.000090,0.987944,0.002666,0.009300
nyt_20130321_women_senate,E1000009,E4,0,0.928390,0.003641,0.016310,0.051660
nyt_20130321_women_senate,E1000009,E5,1,0.001011,0.953734,0.010143,0.035112
nyt_20130321_women_senate,E1000009,E6,0,0.329194,0.286489,0.091884,0.292433
nyt_20130321_women_senate,E2,E4,0,0.772767,0.025263,0.041630,0.160340
nyt_20130321_women_senate,E2,E5,1,0.000283,0.974876,0.005281,0.019560
nyt_20130321_women_senate,E2,E6,1,0.033565,0.721765,0.049249,0.195421
nyt_20130321_women_senate,E4,E7,0,0.949334,0.001489,0.011298,0.037879
nyt_20130321_women_senate,E5,E7,0,0.996915,0.000011,0.000611,0.002463
nyt_20130321_women_senate,E6,E7,0,0.993528,0.000041,0.001368,0.005063
nyt_20130321_women_senate,E7,E8,1,0.000673,0.959236,0.008987,0.031104
nyt_20130321_women_senate,E8,E9,0,0.976591,0.000331,0.005062,0.018016
nyt_20130321_women_senate,E8,E10,0,0.997645,0.000008,0.000464,0.001883
nyt_20130321_women_senate,E11,E1000012,0,0.979758,0.000275,0.004484,0.015483
nyt_20130321_women_senate,E12,E1000012,0,0.809840,0.020122,0.038791,0.131247
nyt_20130321_women_senate,E14,E16,0,0.955789,0.001131,0.009168,0.033911
nyt_20130321_women_senate,E14,E17,0,0.941921,0.001813,0.012056,0.044209
nyt_20130321_women_senate,E15,E16,0,0.990774,0.000085,0.002113,0.007028
nyt_20130321_women_senate,E15,E17,0,0.987798,0.000114,0.002596,0.009492
nyt_20130321_women_senate,E16,E19,3,0.273834,0.308773,0.086246,0.331147
nyt_20130321_women_senate,E16,E20,1,0.000018,0.994842,0.001022,0.004118
nyt_20130321_women_senate,E16,E21,1,0.000240,0.977364,0.004888,0.017509
nyt_20130321_women_senate,E17,E19,0,0.475605,0.152810,0.079759,0.291826
nyt_20130321_women_senate,E17,E20,1,0.000038,0.992471,0.001582,0.005909
nyt_20130321_women_senate,E17,E21,1,0.000645,0.960913,0.008689,0.029753
nyt_20130321_women_senate,E19,E22,1,0.107427,0.561092,0.074740,0.256741
nyt_20130321_women_senate,E20,E22,0,0.986341,0.000159,0.003049,0.010451
nyt_20130321_women_senate,E21,E22,0,0.914694,0.003416,0.017536,0.064353
nyt_20130321_women_senate,E22,E23,0,0.404191,0.189578,0.083265,0.322966
nyt_20130321_women_senate,E22,E24,0,0.970014,0.000627,0.006605,0.022754
nyt_20130321_women_senate,E23,E25,0,0.839564,0.008385,0.032015,0.120035
nyt_20130321_women_senate,E24,E25,3,0.172448,0.344655,0.099126,0.383771
nyt_20130321_women_senate,E25,E26,1,0.000821,0.954143,0.010426,0.034609
nyt_20130321_women_senate,E25,E27,1,0.219368,0.332779,0.115128,0.332724
nyt_20130321_women_senate,E25,E1000014,3,0.319860,0.207457,0.100844,0.371840
nyt_20130321_women_senate,E26,E29,0,0.959254,0.000990,0.009820,0.029936
nyt_20130321_women_senate,E27,E29,0,0.345635,0.207469,0.119446,0.327450
nyt_20130321_women_senate,E1000014,E29,3,0.269694,0.259352,0.103555,0.367399
nyt_20130321_women_senate,E29,E36,0,0.971610,0.000504,0.006702,0.021185
nyt_20130321_women_senate,E36,E37,0,0.809281,0.011960,0.036880,0.141879
nyt_20130321_women_senate,E36,E1000015,0,0.620383,0.057132,0.081908,0.240577
nyt_20130321_women_senate,E37,E40,1,0.001262,0.940589,0.012889,0.045259
nyt_20130321_women_senate,E37,E41,1,0.151514,0.419148,0.087759,0.341579
nyt_20130321_women_senate,E37,E42,1,0.001575,0.932304,0.014741,0.051380
nyt_20130321_women_senate,E1000015,E40,1,0.029620,0.742544,0.058191,0.169646
nyt_20130321_women_senate,E1000015,E41,0,0.740420,0.032322,0.054970,0.172289
nyt_20130321_women_senate,E1000015,E42,1,0.110720,0.529516,0.094527,0.265236
nyt_20130321_women_senate,E40,E43,0,0.502997,0.133826,0.077407,0.285770
nyt_20130321_women_senate,E40,E47,0,0.984871,0.000144,0.003123,0.011861
nyt_20130321_women_senate,E40,E48,0,0.977232,0.000299,0.004921,0.017548
nyt_20130321_women_senate,E41,E43,1,0.017804,0.795439,0.038357,0.148400
nyt_20130321_women_senate,E41,E47,0,0.869470,0.006773,0.025355,0.098402
nyt_20130321_women_senate,E41,E48,0,0.820373,0.011973,0.036412,0.131242
nyt_20130321_women_senate,E42,E43,1,0.166449,0.431314,0.088165,0.314072
nyt_20130321_women_senate,E42,E47,0,0.963490,0.000663,0.007925,0.027922
nyt_20130321_women_senate,E42,E48,0,0.945459,0.001351,0.012412,0.040778
nyt_20130321_women_senate,E43,E49,0,0.875798,0.008608,0.024433,0.091161
nyt_20130321_women_senate,E43,E50,0,0.983905,0.000164,0.003211,0.012719
nyt_20130321_women_senate,E43,E53,1,0.013760,0.849715,0.031914,0.104612
nyt_20130321_women_senate,E47,E49,1,0.028411,0.739996,0.052353,0.179240
nyt_20130321_women_senate,E47,E50,0,0.434262,0.155480,0.087587,0.322671
nyt_20130321_women_senate,E47,E53,1,0.000068,0.989709,0.002255,0.007967
nyt_20130321_women_senate,E48,E49,1,0.086038,0.573401,0.081546,0.259015
nyt_20130321_women_senate,E48,E50,0,0.645296,0.059049,0.066920,0.228735
nyt_20130321_women_senate,E48,E53,1,0.000172,0.983427,0.003881,0.012520
bbc_20130322_1150,E1,E2,0,0.985716,0.000277,0.003328,0.010678
bbc_20130322_1150,E6,E7,1,0.054070,0.565901,0.079969,0.300060
bbc_20130322_1150,E8,E10,1,0.040985,0.737278,0.053317,0.168420
bbc_20130322_1150,E8,E11,1,0.141594,0.515226,0.091231,0.251949
bbc_20130322_1150,E10,E11,1,0.309871,0.319284,0.103530,0.267314
bbc_20130322_1150,E14,E15,1,0.009920,0.849482,0.029276,0.111323
bbc_20130322_1150,E14,E17,1,0.022330,0.773294,0.040904,0.163472
bbc_20130322_1150,E15,E17,0,0.478569,0.132428,0.081075,0.307928
bbc_20130322_1150,E19,E20,1,0.104448,0.548728,0.082326,0.264499
bbc_20130322_1150,E19,E21,0,0.678699,0.054915,0.062267,0.204119
bbc_20130322_1150,E20,E21,0,0.747041,0.037670,0.050876,0.164413
bbc_20130322_1150,E23,E24,1,0.103705,0.510759,0.087770,0.297765
bbc_20130322_1150,E29,E30,0,0.994322,0.000038,0.001326,0.004314
bbc_20130322_1150,E53,E35,0,0.992464,0.000054,0.001564,0.005919
bbc_20130322_1150,E39,E40,0,0.983255,0.000216,0.003867,0.012662
bbc_20130322_1150,E41,E42,1,0.000119,0.986316,0.003141,0.010423
bbc_20130322_1150,E41,E43,1,0.184193,0.466067,0.088360,0.261380
bbc_20130322_1150,E42,E43,0,0.973475,0.000713,0.006335,0.019477
bbc_20130322_1150,E1,E3,0,0.994937,0.000035,0.001115,0.003912
bbc_20130322_1150,E2,E3,0,0.556858,0.148526,0.061480,0.233136
bbc_20130322_1150,E3,E4,1,0.029797,0.786950,0.044615,0.138638
bbc_20130322_1150,E4,E6,0,0.997853,0.000005,0.000361,0.001781
bbc_20130322_1150,E4,E7,0,0.985786,0.000126,0.002888,0.011200
bbc_20130322_1150,E6,E8,1,0.000125,0.982356,0.003526,0.013994
bbc_20130322_1150,E6,E10,1,0.000032,0.992308,0.001518,0.006141
bbc_20130322_1150,E6,E11,1,0.000116,0.984900,0.003277,0.011706
bbc_20130322_1150,E7,E8,1,0.004209,0.894304,0.023114,0.078373
bbc_20130322_1150,E7,E10,1,0.000626,0.963687,0.008620,0.027067
bbc_20130322_1150,E7,E11,1,0.002209,0.929606,0.018102,0.050083
bbc_20130322_1150,E8,E12,0,0.932115,0.002675,0.014269,0.050941
bbc_20130322_1150,E10,E12,0,0.947038,0.001896,0.011585,0.039480
bbc_20130322_1150,E11,E12,0,0.894336,0.006660,0.024821,0.074183
bbc_20130322_1150,E12,E14,0,0.968645,0.000675,0.007115,0.023565
bbc_20130322_1150,E12,E15,0,0.925168,0.002797,0.016093,0.055943
bbc_20130322_1150,E12,E17,0,0.974208,0.000396,0.005441,0.019955
bbc_20130322_1150,E18,E19,0,0.681812,0.043627,0.077248,0.197313
bbc_20130322_1150,E18,E20,0,0.397473,0.191165,0.116892,0.294469
bbc_20130322_1150,E18,E21,0,0.960630,0.000993,0.010578,0.027798
bbc_20130322_1150,E19,E23,0,0.914181,0.003265,0.018826,0.063729
bbc_20130322_1150,E19,E24,0,0.386592,0.194848,0.094436,0.324124
bbc_20130322_1150,E20,E23,0,0.853655,0.008852,0.029166,0.108327
bbc_20130322_1150,E20,E24,1,0.078147,0.598967,0.074550,0.248336
bbc_20130322_1150,E21,E23,0,0.491474,0.103094,0.084571,0.320861
bbc_20130322_1150,E21,E24,1,0.002887,0.910977,0.019570,0.066566
bbc_20130322_1150,E28,E29,1,0.000037,0.992970,0.001668,0.005325
bbc_20130322_1150,E28,E30,1,0.139887,0.476588,0.077913,0.305612
bbc_20130322_1150,E29,E34,0,0.998491,0.000003,0.000303,0.001203
bbc_20130322_1150,E30,E34,0,0.960930,0.001067,0.008016,0.029986
bbc_20130322_1150,E34,E53,1,0.000217,0.978689,0.004570,0.016524
bbc_20130322_1150,E34,E35,0,0.606539,0.090399,0.061960,0.241102
bbc_20130322_1150,E53,E36,0,0.989147,0.000106,0.002412,0.008336
bbc_20130322_1150,E35,E36,1,0.148927,0.471385,0.083305,0.296383
bbc_20130322_1150,E36,E39,1,0.000155,0.981764,0.004073,0.014008
bbc_20130322_1150,E36,E40,1,0.034083,0.685646,0.061680,0.218592
bbc_20130322_1150,E39,E41,0,0.995677,0.000020,0.000847,0.003456
bbc_20130322_1150,E39,E42,1,0.249999,0.378532,0.096985,0.274485
bbc_20130322_1150,E39,E43,0,0.967347,0.001148,0.008283,0.023221
bbc_20130322_1150,E40,E41,0,0.948548,0.001525,0.011043,0.038884
bbc_20130322_1150,E40,E42,1,0.000708,0.958753,0.009224,0.031316
bbc_20130322_1150,E40,E43,1,0.246253,0.358160,0.089967,0.305620
bbc_20130322_1150,E41,E44,1,0.249082,0.379809,0.093229,0.277879
bbc_20130322_1150,E42,E44,0,0.991882,0.000069,0.001782,0.006267
bbc_20130322_1150,E43,E44,0,0.502441,0.165006,0.074687,0.257866
bbc_20130322_332,E1,E2,0,0.450273,0.139144,0.084022,0.326561
bbc_20130322_332,E1,E3,1,0.129620,0.479062,0.083893,0.307425
bbc_20130322_332,E1,E4,1,0.000004,0.997901,0.000397,0.001698
bbc_20130322_332,E2,E3,1,0.095158,0.549746,0.084353,0.270744
bbc_20130322_332,E2,E4,1,0.000007,0.997113,0.000552,0.002329
bbc_20130322_332,E3,E4,1,0.000021,0.995068,0.001053,0.003858
bbc_20130322_332,E12,E13,1,0.030245,0.712197,0.051668,0.205891
bbc_20130322_332,E17,E18,3,0.286403,0.298308,0.100686,0.314603
bbc_20130322_332,E22,E23,0,0.995546,0.000023,0.000932,0.003499
bbc_20130322_332,E27,E28,1,0.253474,0.349902,0.091086,0.305538
bbc_20130322_332,E27,E29,0,0.956317,0.001618,0.009065,0.033000
bbc_20130322_332,E28,E29,0,0.926808,0.004311,0.014810,0.054071
bbc_20130322_332,E31,E33,1,0.002779,0.917929,0.019713,0.059579
bbc_20130322_332,E31,E34,1,0.170078,0.469304,0.094972,0.265646
bbc_20130322_332,E31,E35,0,0.941352,0.002912,0.016713,0.039023
bbc_20130322_332,E33,E34,0,0.738109,0.039825,0.048902,0.173164
bbc_20130322_332,E33,E35,0,0.935410,0.002972,0.015785,0.045833
bbc_20130322_332,E34,E35,0,0.887153,0.009701,0.026357,0.076789
bbc_20130322_332,E37,E38,0,0.816062,0.011875,0.032793,0.139270
bbc_20130322_332,E37,E40,0,0.454444,0.115332,0.083613,0.346611
bbc_20130322_332,E38,E40,0,0.384560,0.171571,0.086042,0.357827
bbc_20130322_332,E1,E5,0,0.749726,0.026549,0.043270,0.180455
bbc_20130322_332,E2,E5,0,0.702819,0.040211,0.056154,0.200816
bbc_20130322_332,E3,E5,0,0.865464,0.010558,0.029238,0.094740
bbc_20130322_332,E4,E5,0,0.996942,0.000013,0.000630,0.002415
bbc_20130322_332,E5,E9,1,0.000174,0.979343,0.004211,0.016272
bbc_20130322_332,E9,E11,1,0.013454,0.820487,0.044952,0.121107
bbc_20130322_332,E11,E12,0,0.973407,0.000419,0.006093,0.020080
bbc_20130322_332,E11,E13,0,0.947027,0.001370,0.011873,0.039731
bbc_20130322_332,E12,E17,1,0.002872,0.914473,0.018046,0.064610
bbc_20130322_332,E12,E18,1,0.016907,0.789146,0.042199,0.151748
bbc_20130322_332,E13,E17,1,0.024862,0.744698,0.050603,0.179836
bbc_20130322_332,E13,E18,1,0.127620,0.463116,0.088899,0.320365
bbc_20130322_332,E17,E19,0,0.932518,0.001917,0.014193,0.051373
bbc_20130322_332,E18,E19,0,0.865977,0.007074,0.027711,0.099238
bbc_20130322_332,E19,E22,1,0.000615,0.958970,0.008990,0.031425
bbc_20130322_332,E19,E23,0,0.506227,0.118493,0.090306,0.284973
bbc_20130322_332,E22,E24,1,0.019508,0.801216,0.043372,0.135904
bbc_20130322_332,E23,E24,1,0.000060,0.989836,0.002127,0.007977
bbc_20130322_332,E27,E30,0,0.940831,0.002588,0.013410,0.043171
bbc_20130322_332,E28,E30,0,0.926193,0.003969,0.016653,0.053185
bbc_20130322_332,E29,E30,0,0.323152,0.297718,0.082849,0.296282
bbc_20130322_332,E30,E31,0,0.697805,0.048556,0.056738,0.196902
bbc_20130322_332,E30,E33,1,0.107020,0.550590,0.075921,0.266468
bbc_20130322_332,E30,E34,1,0.241769,0.389476,0.088038,0.280717
bbc_20130322_332,E30,E35,0,0.805475,0.025160,0.042301,0.127063
bbc_20130322_332,E31,E36,1,0.017453,0.811772,0.044777,0.125998
bbc_20130322_332,E33,E36,0,0.395465,0.222302,0.086009,0.296224
bbc_20130322_332,E34,E36,0,0.374293,0.284373,0.085792,0.255542
bbc_20130322_332,E35,E36,1,0.121608,0.597065,0.076478,0.204849
bbc_20130322_332,E36,E37,0,0.993474,0.000046,0.001391,0.005088
bbc_20130322_332,E36,E38,0,0.990459,0.000057,0.001766,0.007719
bbc_20130322_332,E36,E40,0,0.983033,0.000169,0.003338,0.013461
bbc_20130322_1600,E2,E5,0,0.615210,0.102671,0.068667,0.213452
bbc_20130322_1600,E6,E7,1,0.006852,0.906539,0.022858,0.063750
bbc_20130322_1600,E6,E8,0,0.994560,0.000045,0.001288,0.004107
bbc_20130322_1600,E6,E9,0,0.899062,0.009310,0.022273,0.069355
bbc_20130322_1600,E7,E8,0,0.998749,0.000003,0.000254,0.000994
bbc_20130322_1600,E7,E9,0,0.996680,0.000017,0.000694,0.002610
bbc_20130322_1600,E8,E9,1,0.084101,0.647678,0.055740,0.212481
bbc_20130322_1600,E10,E11,0,0.793180,0.034905,0.051341,0.120575
bbc_20130322_1600,E10,E12,0,0.956789,0.001975,0.011803,0.029433
bbc_20130322_1600,E11,E12,0,0.797727,0.033724,0.046882,0.121666
bbc_20130322_1600,E16,E20,1,0.008002,0.872790,0.028872,0.090336
bbc_20130322_1600,E21,E22,0,0.899375,0.009480,0.022055,0.069091
bbc_20130322_1600,E2,E6,0,0.884953,0.012308,0.027530,0.075209
bbc_20130322_1600,E2,E7,1,0.042344,0.762099,0.050573,0.144984
bbc_20130322_1600,E2,E8,0,0.994942,0.000032,0.001152,0.003874
bbc_20130322_1600,E2,E9,0,0.993119,0.000054,0.001495,0.005331
bbc_20130322_1600,E5,E6,0,0.648802,0.095926,0.062501,0.192772
bbc_20130322_1600,E5,E7,1,0.016107,0.862886,0.030853,0.090155
bbc_20130322_1600,E5,E8,0,0.994207,0.000047,0.001342,0.004404
bbc_20130322_1600,E5,E9,0,0.981776,0.000403,0.004036,0.013784
bbc_20130322_1600,E6,E10,1,0.002014,0.945963,0.015044,0.036979
bbc_20130322_1600,E6,E11,1,0.067942,0.658162,0.077612,0.196283
bbc_20130322_1600,E6,E12,0,0.849915,0.019260,0.036280,0.094545
bbc_20130322_1600,E7,E10,0,0.345988,0.326516,0.093602,0.233893
bbc_20130322_1600,E7,E11,0,0.882690,0.014429,0.030264,0.072617
bbc_20130322_1600,E7,E12,0,0.959670,0.001799,0.010140,0.028391
bbc_20130322_1600,E8,E10,1,0.000029,0.994222,0.001259,0.004491
bbc_20130322_1600,E8,E11,1,0.000207,0.981916,0.004208,0.013669
bbc_20130322_1600,E8,E12,1,0.001329,0.955985,0.010154,0.032533
bbc_20130322_1600,E9,E10,1,0.000182,0.982983,0.003930,0.012905
bbc_20130322_1600,E9,E11,1,0.004204,0.917243,0.019672,0.058881
bbc_20130322_1600,E9,E12,1,0.043873,0.731019,0.050491,0.174616
bbc_20130322_1600,E10,E13,0,0.988700,0.000143,0.002679,0.008478
bbc_20130322_1600,E11,E13,0,0.967431,0.000911,0.008069,0.023589
bbc_20130322_1600,E12,E13,0,0.903059,0.007060,0.022300,0.067580
bbc_20130322_1600,E13,E30,1,0.004141,0.907314,0.021865,0.066680
bbc_20130322_1600,E30,E14,0,0.939605,0.002803,0.015002,0.042591
bbc_20130322_1600,E14,E16,0,0.618975,0.082476,0.076461,0.222087
bbc_20130322_1600,E14,E20,1,0.053795,0.684924,0.066156,0.195125
bbc_20130322_1600,E16,E21,0,0.622086,0.090367,0.063766,0.223781
bbc_20130322_1600,E16,E22,0,0.779460,0.026390,0.041094,0.153056
bbc_20130322_1600,E20,E21,0,0.895153,0.007385,0.021789,0.075673
bbc_20130322_1600,E20,E22,0,0.980171,0.000351,0.004628,0.014849
bbc_20130322_1600,E21,E25,0,0.985204,0.000174,0.003159,0.011463
bbc_20130322_1600,E22,E25,0,0.926105,0.003801,0.014561,0.055533
WSJ_20130322_804,E1,E2002,0,0.964837,0.000642,0.007481,0.027041
WSJ_20130322_804,E11,E13,3,0.357439,0.182300,0.098958,0.361304
WSJ_20130322_804,E11,E14,1,0.052882,0.658799,0.061885,0.226434
WSJ_20130322_804,E13,E14,1,0.093768,0.545603,0.083935,0.276693
WSJ_20130322_804,E22,E23,1,0.085883,0.501077,0.092482,0.320558
WSJ_20130322_804,E25,E26,0,0.952679,0.001145,0.011272,0.034904
WSJ_20130322_804,E25,E30,0,0.974447,0.000398,0.005788,0.019367
WSJ_20130322_804,E26,E30,0,0.953629,0.000907,0.009643,0.035820
WSJ_20130322_804,E9,E11,1,0.169378,0.399100,0.093164,0.338359
WSJ_20130322_804,E9,E13,0,0.525203,0.081474,0.083150,0.310172
WSJ_20130322_804,E9,E14,1,0.059174,0.620869,0.067855,0.252101
WSJ_20130322_804,E11,E16,1,0.061690,0.604859,0.072267,0.261183
WSJ_20130322_804,E13,E16,1,0.150862,0.402033,0.104024,0.343081
WSJ_20130322_804,E14,E16,1,0.075494,0.576647,0.072508,0.275352
WSJ_20130322_804,E16,E17,0,0.986691,0.000130,0.002768,0.010411
WSJ_20130322_804,E17,E18,1,0.000147,0.984711,0.003627,0.011515
WSJ_20130322_804,E21,E22,0,0.734671,0.028675,0.052653,0.184001
WSJ_20130322_804,E21,E23,0,0.350778,0.203948,0.103413,0.341862
WSJ_20130322_804,E22,E25,0,0.551673,0.071767,0.084288,0.292273
WSJ_20130322_804,E22,E26,0,0.548007,0.062921,0.080883,0.308189
WSJ_20130322_804,E22,E30,0,0.880343,0.004576,0.024535,0.090546
WSJ_20130322_804,E23,E25,0,0.859337,0.008341,0.029685,0.102637
WSJ_20130322_804,E23,E26,0,0.773881,0.017162,0.047232,0.161725
WSJ_20130322_804,E23,E30,0,0.967456,0.000523,0.006800,0.025220
WSJ_20130322_804,E25,E33,0,0.990057,0.000074,0.002047,0.007822
WSJ_20130322_804,E26,E33,0,0.941909,0.001285,0.011938,0.044868
WSJ_20130322_804,E30,E33,0,0.543227,0.067687,0.082731,0.306355
WSJ_20130322_804,E33,E35,1,0.041095,0.660070,0.072501,0.226333
WSJ_20130318_731,E1,E2,1,0.005848,0.885995,0.030459,0.077698
WSJ_20130318_731,E1,E3,1,0.149351,0.377089,0.124603,0.348958
WSJ_20130318_731,E2,E3,0,0.714090,0.041282,0.059343,0.185285
WSJ_20130318_731,E11,E12,1,0.001482,0.938942,0.015040,0.044536
WSJ_20130318_731,E11,E13,1,0.151855,0.442764,0.092328,0.313052
WSJ_20130318_731,E12,E13,0,0.746375,0.040828,0.051584,0.161212
WSJ_20130318_731,E20,E21,0,0.992285,0.000048,0.001540,0.006126
WSJ_20130318_731,E20,E22,0,0.984757,0.000155,0.003217,0.011871
WSJ_20130318_731,E21,E22,0,0.740340,0.025376,0.050804,0.183480
WSJ_20130318_731,E9,E10,1,0.001240,0.945971,0.012053,0.040736
WSJ_20130318_731,E10,E11,0,0.997865,0.000007,0.000426,0.001702
WSJ_20130318_731,E10,E12,0,0.985771,0.000209,0.003299,0.010721
WSJ_20130318_731,E10,E13,0,0.996578,0.000015,0.000676,0.002731
WSJ_20130318_731,E11,E14,1,0.135841,0.389833,0.109689,0.364637
WSJ_20130318_731,E12,E14,0,0.826419,0.012635,0.038173,0.122772
WSJ_20130318_731,E13,E14,0,0.420779,0.149648,0.100170,0.329404
CNN_20130322_1003,E1,E2,1,0.001144,0.961054,0.011228,0.026574
CNN_20130322_1003,E1,E3,0,0.854742,0.021160,0.036743,0.087356
CNN_20130322_1003,E1,E5,0,0.971938,0.000791,0.007140,0.020131
CNN_20130322_1003,E2,E3,0,0.982771,0.000412,0.004457,0.012360
CNN_20130322_1003,E2,E5,0,0.993144,0.000060,0.001555,0.005241
CNN_20130322_1003,E3,E5,0,0.637668,0.111883,0.072246,0.178203
CNN_20130322_1003,E6,E7,1,0.003436,0.948757,0.013325,0.034482
CNN_20130322_1003,E9,E10,1,0.129224,0.590736,0.058318,0.221722
CNN_20130322_1003,E9,E11,1,0.000050,0.991720,0.001876,0.006354
CNN_20130322_1003,E9,E1000,1,0.000007,0.997178,0.000553,0.002262
CNN_20130322_1003,E10,E11,1,0.000199,0.981155,0.003799,0.014848
CNN_20130322_1003,E10,E1000,1,0.000020,0.994769,0.001043,0.004169
CNN_20130322_1003,E11,E1000,1,0.006583,0.901239,0.020560,0.071618
CNN_20130322_1003,E12,E13,1,0.002481,0.933343,0.018026,0.046150
CNN_20130322_1003,E12,E14,1,0.000043,0.992494,0.001653,0.005810
CNN_20130322_1003,E12,E15,1,0.000054,0.991240,0.001935,0.006771
CNN_20130322_1003,E13,E14,1,0.001016,0.961551,0.009805,0.027629
CNN_20130322_1003,E13,E15,1,0.000636,0.967783,0.008125,0.023456
CNN_20130322_1003,E14,E15,1,0.012848,0.883278,0.027942,0.075932
CNN_20130322_1003,E17,E19,1,0.000210,0.981087,0.004441,0.014261
CNN_20130322_1003,E17,E20,0,0.780178,0.026015,0.045853,0.147954
CNN_20130322_1003,E19,E20,0,0.997258,0.000014,0.000611,0.002118
CNN_20130322_1003,E23,E27,1,0.036353,0.771301,0.052067,0.140279
CNN_20130322_1003,E30,E31,1,0.032140,0.719112,0.056278,0.192470
CNN_20130322_1003,E30,E32,1,0.000019,0.994980,0.001025,0.003976
CNN_20130322_1003,E30,E33,1,0.000003,0.998235,0.000332,0.001430
CNN_20130322_1003,E31,E32,1,0.000021,0.994636,0.001090,0.004253
CNN_20130322_1003,E31,E33,1,0.000003,0.998189,0.000345,0.001463
CNN_20130322_1003,E32,E33,1,0.008098,0.911414,0.020141,0.060347
CNN_20130322_1003,E34,E36,1,0.000009,0.996632,0.000699,0.002660
CNN_20130322_1003,E40,E41,1,0.000898,0.966420,0.008400,0.024282
CNN_20130322_1003,E40,E42,1,0.000141,0.987386,0.003414,0.009059
CNN_20130322_1003,E41,E42,1,0.001676,0.965201,0.009469,0.023654
CNN_20130322_1003,E43,E44,0,0.762209,0.038941,0.049541,0.149308
CNN_20130322_1003,E45,E47,0,0.492951,0.129397,0.097298,0.280354
CNN_20130322_1003,E55,E57,0,0.990565,0.000080,0.002073,0.007282
CNN_20130322_1003,E1,E6,0,0.874519,0.020169,0.029949,0.075362
CNN_20130322_1003,E1,E7,0,0.512577,0.213842,0.086172,0.187409
CNN_20130322_1003,E2,E6,0,0.989041,0.000203,0.002997,0.007760
CNN_20130322_1003,E2,E7,0,0.963608,0.002437,0.010703,0.023253
CNN_20130322_1003,E3,E6,0,0.527524,0.201858,0.079235,0.191383
CNN_20130322_1003,E3,E7,1,0.041126,0.809663,0.047402,0.101809
CNN_20130322_1003,E5,E6,1,0.071257,0.720929,0.056121,0.151692
CNN_20130322_1003,E5,E7,1,0.002688,0.950392,0.014204,0.032716
CNN_20130322_1003,E6,E9,0,0.990430,0.000141,0.002255,0.007173
CNN_20130322_1003,E6,E10,0,0.980676,0.000501,0.004041,0.014782
CNN_20130322_1003,E6,E11,1,0.088041,0.663325,0.060038,0.188596
CNN_20130322_1003,E6,E1000,1,0.002251,0.949285,0.011678,0.036785
CNN_20130322_1003,E7,E9,0,0.995529,0.000037,0.001128,0.003307
CNN_20130322_1003,E7,E10,0,0.993698,0.000075,0.001608,0.004619
CNN_20130322_1003,E7,E11,0,0.374679,0.321425,0.082537,0.221360
CNN_20130322_1003,E7,E1000,1,0.011255,0.898012,0.026209,0.064524
CNN_20130322_1003,E9,E12,1,0.005113,0.919665,0.017700,0.057522
CNN_20130322_1003,E9,E13,1,0.000166,0.984329,0.003628,0.011877
CNN_20130322_1003,E9,E14,1,0.000005,0.997730,0.000452,0.001812
CNN_20130322_1003,E9,E15,1,0.000005,0.997730,0.000446,0.001819
CNN_20130322_1003,E10,E12,1,0.037320,0.767489,0.043309,0.151882
CNN_20130322_1003,E10,E13,1,0.000714,0.967529,0.007932,0.023826
CNN_20130322_1003,E10,E14,1,0.000012,0.996798,0.000709,0.002482
CNN_20130322_1003,E10,E15,1,0.000013,0.996317,0.000799,0.002871
CNN_20130322_1003,E11,E12,0,0.941039,0.003481,0.012967,0.042513
CNN_20130322_1003,E11,E13,0,0.579476,0.129898,0.078538,0.212087
CNN_20130322_1003,E11,E14,1,0.011511,0.884809,0.024452,0.079227
CNN_20130322_1003,E11,E15,1,0.007641,0.900830,0.021728,0.069801
CNN_20130322_1003,E1000,E12,0,0.991732,0.000099,0.001962,0.006207
CNN_20130322_1003,E1000,E13,0,0.947692,0.003503,0.014029,0.034775
CNN_20130322_1003,E1000,E14,1,0.329867,0.372805,0.077257,0.220071
CNN_20130322_1003,E1000,E15,1,0.252199,0.443236,0.079645,0.224921
CNN_20130322_1003,E12,E17,1,0.000431,0.970126,0.006953,0.022490
CNN_20130322_1003,E12,E19,1,0.000026,0.994254,0.001241,0.004479
CNN_20130322_1003,E12,E20,1,0.296690,0.329209,0.095434,0.278668
CNN_20130322_1003,E13,E17,1,0.018267,0.806431,0.045008,0.130294
CNN_20130322_1003,E13,E19,1,0.000280,0.979873,0.005007,0.014840
CNN_20130322_1003,E13,E20,0,0.955803,0.001640,0.010958,0.031599
CNN_20130322_1003,E14,E17,1,0.263384,0.363759,0.089328,0.283529
CNN_20130322_1003,E14,E19,1,0.001625,0.959545,0.010989,0.027841
CNN_20130322_1003,E14,E20,0,0.987782,0.000186,0.002891,0.009140
CNN_20130322_1003,E15,E17,0,0.337302,0.274020,0.093101,0.295576
CNN_20130322_1003,E15,E19,1,0.002493,0.941766,0.014474,0.041268
CNN_20130322_1003,E15,E20,0,0.990787,0.000098,0.002189,0.006926
CNN_20130322_1003,E17,E21,0,0.792598,0.026755,0.043575,0.137071
CNN_20130322_1003,E19,E21,0,0.993129,0.000067,0.001584,0.005220
CNN_20130322_1003,E20,E21,1,0.122635,0.576151,0.069868,0.231347
CNN_20130322_1003,E21,E23,0,0.853171,0.018142,0.034084,0.094604
CNN_20130322_1003,E21,E27,1,0.200030,0.467755,0.095531,0.236685
CNN_20130322_1003,E30,E34,0,0.921895,0.003333,0.019059,0.055714
CNN_20130322_1003,E30,E36,1,0.000268,0.978882,0.004966,0.015883
CNN_20130322_1003,E31,E34,0,0.960805,0.001070,0.008674,0.029451
CNN_20130322_1003,E31,E36,1,0.000530,0.971402,0.006336,0.021732
CNN_20130322_1003,E32,E34,0,0.998798,0.000003,0.000233,0.000967
CNN_20130322_1003,E32,E36,0,0.739752,0.059740,0.049016,0.151492
CNN_20130322_1003,E33,E34,0,0.999304,0.000001,0.000132,0.000563
CNN_20130322_1003,E33,E36,0,0.832668,0.034761,0.032570,0.100002
CNN_20130322_1003,E34,E38,1,0.056785,0.635844,0.075385,0.231985
CNN_20130322_1003,E36,E38,0,0.978262,0.000397,0.005445,0.015897
CNN_20130322_1003,E38,E40,1,0.138993,0.514784,0.093449,0.252774
CNN_20130322_1003,E38,E41,1,0.002351,0.948440,0.014530,0.034679
CNN_20130322_1003,E38,E42,1,0.000380,0.979848,0.005954,0.013819
CNN_20130322_1003,E40,E43,0,0.960051,0.001045,0.008961,0.029943
CNN_20130322_1003,E40,E44,0,0.985480,0.000209,0.003462,0.010849
CNN_20130322_1003,E41,E43,0,0.987330,0.000176,0.002881,0.009614
CNN_20130322_1003,E41,E44,0,0.994982,0.000038,0.001155,0.003825
CNN_20130322_1003,E42,E43,0,0.993994,0.000055,0.001530,0.004421
CNN_20130322_1003,E42,E44,0,0.997271,0.000014,0.000649,0.002065
CNN_20130322_1003,E43,E45,0,0.512621,0.111148,0.089354,0.286877
CNN_20130322_1003,E43,E47,0,0.337872,0.261214,0.105603,0.295311
CNN_20130322_1003,E44,E45,1,0.063896,0.619385,0.073566,0.243153
CNN_20130322_1003,E44,E47,1,0.029646,0.736112,0.053596,0.180647
CNN_20130322_1003,E45,E48,1,0.064096,0.622370,0.080895,0.232640
CNN_20130322_1003,E47,E48,1,0.073621,0.619154,0.078633,0.228592
CNN_20130322_1003,E48,E50,0,0.674301,0.051689,0.068391,0.205619
CNN_20130322_1003,E50,E51,1,0.001241,0.944792,0.012899,0.041068
CNN_20130322_1003,E51,E52,0,0.639925,0.053322,0.064086,0.242667
CNN_20130322_1003,E52,E53,0,0.940772,0.001387,0.013119,0.044721
CNN_20130322_1003,E53,E55,0,0.400699,0.184547,0.098548,0.316206
