WSJ_20130322_159,E5,E6,1,0.000428,0.974177,0.006115,0.019281
WSJ_20130322_159,E5,E10,1,0.113751,0.531826,0.079736,0.274687
WSJ_20130322_159,E5,E11,0,0.808501,0.021280,0.038870,0.131349
WSJ_20130322_159,E6,E10,0,0.825952,0.018285,0.036592,0.119171
WSJ_20130322_159,E6,E11,0,0.982109,0.000199,0.003831,0.013862
WSJ_20130322_159,E10,E11,0,0.756547,0.022406,0.045307,0.175740
WSJ_20130322_159,E12,E14,1,0.042412,0.691343,0.058973,0.207272
WSJ_20130322_159,E18,E19,0,0.309304,0.306671,0.093634,0.290391
WSJ_20130322_159,E20,E22,1,0.000045,0.991788,0.001739,0.006429
WSJ_20130322_159,E29,E31,0,0.457365,0.146704,0.078162,0.317770
WSJ_20130322_159,E29,E34,1,0.074819,0.634043,0.063591,0.227547
WSJ_20130322_159,E29,E37,0,0.935405,0.002667,0.012765,0.049163
WSJ_20130322_159,E31,E34,1,0.097154,0.582783,0.072015,0.248047
WSJ_20130322_159,E31,E37,0,0.943269,0.002031,0.011624,0.043076
WSJ_20130322_159,E34,E37,0,0.982150,0.000255,0.003864,0.013731
WSJ_20130322_159,E38,E39,1,0.000099,0.987132,0.002827,0.009942
WSJ_20130322_159,E38,E40,1,0.000785,0.953506,0.010051,0.035657
WSJ_20130322_159,E39,E40,1,0.177387,0.429313,0.093802,0.299498
WSJ_20130322_159,E42,E44,1,0.000030,0.992590,0.001444,0.005935
WSJ_20130322_159,E46,E47,1,0.000908,0.951961,0.011024,0.036107
WSJ_20130322_159,E46,E49,1,0.133839,0.490709,0.082453,0.292999
WSJ_20130322_159,E47,E49,0,0.894303,0.009123,0.023212,0.073361
WSJ_20130322_159,E1,E5,0,0.523403,0.136153,0.074618,0.265826
WSJ_20130322_159,E1,E6,1,0.002363,0.935549,0.014093,0.047995
WSJ_20130322_159,E1,E10,1,0.188557,0.388167,0.090257,0.333019
WSJ_20130322_159,E1,E11,0,0.697985,0.044094,0.055731,0.202190
WSJ_20130322_159,E5,E12,0,0.961228,0.000896,0.008296,0.029580
WSJ_20130322_159,E5,E14,0,0.536031,0.116365,0.078969,0.268635
WSJ_20130322_159,E6,E12,0,0.994809,0.000025,0.001140,0.004025
WSJ_20130322_159,E6,E14,0,0.945835,0.001968,0.012568,0.039629
WSJ_20130322_159,E10,E12,0,0.877623,0.005226,0.023289,0.093862
WSJ_20130322_159,E10,E14,1,0.183371,0.363972,0.099959,0.352698
WSJ_20130322_159,E11,E12,0,0.472078,0.121097,0.087971,0.318854
WSJ_20130322_159,E11,E14,1,0.009097,0.839976,0.034599,0.116328
WSJ_20130322_159,E12,E18,0,0.970211,0.000362,0.005844,0.023583
WSJ_20130322_159,E12,E19,0,0.798657,0.025308,0.038530,0.137505
WSJ_20130322_159,E14,E18,0,0.993410,0.000028,0.001283,0.005279
WSJ_20130322_159,E14,E19,0,0.958820,0.001221,0.009326,0.030632
WSJ_20130322_159,E18,E20,1,0.006345,0.859057,0.031148,0.103450
WSJ_20130322_159,E18,E22,1,0.000004,0.997659,0.000411,0.001927
WSJ_20130322_159,E19,E20,1,0.020102,0.783589,0.043548,0.152761
WSJ_20130322_159,E19,E22,1,0.000009,0.996691,0.000640,0.002661
WSJ_20130322_159,E20,E26,1,0.087805,0.583708,0.074601,0.253887
WSJ_20130322_159,E22,E26,0,0.971112,0.000769,0.006764,0.021355
WSJ_20130322_159,E26,E29,0,0.974757,0.000336,0.005282,0.019626
WSJ_20130322_159,E26,E31,0,0.981191,0.000228,0.004350,0.014232
WSJ_20130322_159,E26,E34,0,0.862529,0.011023,0.030164,0.096283
WSJ_20130322_159,E26,E37,0,0.994047,0.000032,0.001310,0.004611
WSJ_20130322_159,E29,E38,0,0.754734,0.029935,0.045588,0.169742
WSJ_20130322_159,E29,E39,1,0.000689,0.963705,0.007571,0.028035
WSJ_20130322_159,E29,E40,1,0.004647,0.885773,0.021727,0.087853
WSJ_20130322_159,E31,E38,0,0.744144,0.031967,0.048815,0.175073
WSJ_20130322_159,E31,E39,1,0.000685,0.963539,0.007849,0.027927
WSJ_20130322_159,E31,E40,1,0.003856,0.899240,0.020310,0.076594
WSJ_20130322_159,E34,E38,0,0.922282,0.003133,0.015421,0.059165
WSJ_20130322_159,E34,E39,1,0.007146,0.894792,0.022204,0.075858
WSJ_20130322_159,E34,E40,1,0.032679,0.736290,0.049708,0.181324
WSJ_20130322_159,E37,E38,1,0.110176,0.503082,0.073024,0.313718
WSJ_20130322_159,E37,E39,1,0.000030,0.992802,0.001393,0.005775
WSJ_20130322_159,E37,E40,1,0.000107,0.984017,0.003076,0.012800
WSJ_20130322_159,E38,E42,0,0.859405,0.006218,0.026654,0.107723
WSJ_20130322_159,E38,E44,1,0.002030,0.926823,0.015542,0.055606
WSJ_20130322_159,E39,E42,0,0.993536,0.000034,0.001398,0.005032
WSJ_20130322_159,E39,E44,0,0.516716,0.130666,0.083949,0.268669
WSJ_20130322_159,E40,E42,0,0.987403,0.000094,0.002667,0.009836
WSJ_20130322_159,E40,E44,1,0.148829,0.432573,0.093202,0.325395
WSJ_20130322_159,E42,E46,0,0.781882,0.015562,0.038416,0.164140
WSJ_20130322_159,E42,E47,1,0.049505,0.641157,0.065247,0.244091
WSJ_20130322_159,E42,E49,3,0.331761,0.243539,0.087365,0.337335
WSJ_20130322_159,E44,E46,0,0.997010,0.000008,0.000593,0.002390
WSJ_20130322_159,E44,E47,0,0.987219,0.000101,0.002672,0.010009
WSJ_20130322_159,E44,E49,0,0.992963,0.000046,0.001615,0.005376
WSJ_20130322_159,E46,E55,0,0.777882,0.028735,0.041741,0.151642
WSJ_20130322_159,E47,E55,0,0.946257,0.002894,0.011580,0.039268
WSJ_20130322_159,E49,E55,0,0.640887,0.098961,0.057243,0.202908
nyt_20130322_strange_computer,E8,E11,0,0.995642,0.000016,0.000881,0.003461
nyt_20130322_strange_computer,E14,E16,1,0.000051,0.990874,0.001913,0.007161
nyt_20130322_strange_computer,E19,E22,0,0.622798,0.060803,0.071210,0.245189
nyt_20130322_strange_computer,E19,E23,1,0.021783,0.756679,0.050356,0.171182
nyt_20130322_strange_computer,E22,E23,1,0.058246,0.597130,0.081193,0.263431
nyt_20130322_strange_computer,E6,E8,1,0.122266,0.516687,0.089397,0.271649
nyt_20130322_strange_computer,E6,E11,0,0.994028,0.000026,0.001214,0.004731
nyt_20130322_strange_computer,E8,E14,0,0.994356,0.000033,0.001310,0.004301
nyt_20130322_strange_computer,E8,E16,0,0.337130,0.248667,0.105320,0.308883
nyt_20130322_strange_computer,E11,E14,0,0.582325,0.082359,0.080361,0.254956
nyt_20130322_strange_computer,E11,E16,1,0.000334,0.971150,0.006173,0.022343
nyt_20130322_strange_computer,E14,E19,0,0.448396,0.164340,0.087478,0.299787
nyt_20130322_strange_computer,E14,E22,1,0.060845,0.612044,0.077965,0.249146
nyt_20130322_strange_computer,E14,E23,1,0.105757,0.511601,0.088581,0.294061
nyt_20130322_strange_computer,E16,E19,0,0.990530,0.000065,0.002063,0.007342
nyt_20130322_strange_computer,E16,E22,0,0.986564,0.000116,0.002982,0.010337
nyt_20130322_strange_computer,E16,E23,0,0.928916,0.002333,0.016483,0.052267
nyt_20130322_strange_computer,E19,E24,0,0.824453,0.016344,0.037358,0.121844
nyt_20130322_strange_computer,E22,E24,0,0.885569,0.006205,0.026121,0.082105
nyt_20130322_strange_computer,E23,E24,0,0.969480,0.000559,0.007346,0.022616
CNN_20130321_821,E4,E5,1,0.066232,0.621417,0.081126,0.231225
CNN_20130321_821,E5,E8,0,0.718080,0.038303,0.053771,0.189845
CNN_20130321_821,E8,E1000,0,0.902279,0.003336,0.021051,0.073334
CNN_20130321_821,E1002,E20,0,0.871914,0.005024,0.027672,0.095391
nyt_20130321_cyprus,E2,E5,1,0.145015,0.441990,0.101797,0.311199
nyt_20130321_cyprus,E7,E2009,1,0.094890,0.544812,0.075980,0.284318
nyt_20130321_cyprus,E13,E15,1,0.145467,0.413941,0.098438,0.342154
nyt_20130321_cyprus,E22,E23,1,0.189345,0.380895,0.090618,0.339142
nyt_20130321_cyprus,E22,E24,1,0.000023,0.993804,0.001205,0.004968
nyt_20130321_cyprus,E23,E24,1,0.000266,0.975843,0.005200,0.018690
nyt_20130321_cyprus,E33,E35,0,0.481937,0.168974,0.083833,0.265256
nyt_20130321_cyprus,E41,E42,1,0.000293,0.972839,0.005712,0.021156
nyt_20130321_cyprus,E46,E47,0,0.986547,0.000156,0.002995,0.010302
nyt_20130321_cyprus,E48,E51,0,0.991760,0.000060,0.001908,0.006273
nyt_20130321_cyprus,E2,E7,0,0.947020,0.001495,0.012975,0.038509
nyt_20130321_cyprus,E2,E2009,0,0.838192,0.009835,0.036255,0.115718
nyt_20130321_cyprus,E5,E7,0,0.986944,0.000141,0.003185,0.009730
nyt_20130321_cyprus,E5,E2009,0,0.960366,0.000820,0.009152,0.029662
nyt_20130321_cyprus,E7,E9,1,0.000251,0.976421,0.005036,0.018292
nyt_20130321_cyprus,E2009,E9,1,0.024183,0.757063,0.049353,0.169402
nyt_20130321_cyprus,E10,E13,0,0.990205,0.000071,0.002161,0.007563
nyt_20130321_cyprus,E10,E15,0,0.968875,0.000479,0.006807,0.023838
nyt_20130321_cyprus,E13,E21,0,0.645918,0.064122,0.069148,0.220812
nyt_20130321_cyprus,E15,E21,0,0.799033,0.016727,0.040051,0.144188
nyt_20130321_cyprus,E21,E22,0,0.923588,0.002603,0.014844,0.058965
nyt_20130321_cyprus,E21,E23,0,0.613973,0.063903,0.064641,0.257482
nyt_20130321_cyprus,E21,E24,1,0.000118,0.984970,0.003190,0.011722
nyt_20130321_cyprus,E22,E25,1,0.000202,0.978809,0.004471,0.016517
nyt_20130321_cyprus,E23,E25,1,0.005332,0.881580,0.025006,0.088082
nyt_20130321_cyprus,E24,E25,0,0.921299,0.003404,0.019142,0.056155
nyt_20130321_cyprus,E33,E36,3,0.332483,0.225608,0.103303,0.338606
nyt_20130321_cyprus,E35,E36,3,0.307684,0.221833,0.091529,0.378954
nyt_20130321_cyprus,E36,E41,0,0.977448,0.000272,0.005114,0.017166
nyt_20130321_cyprus,E36,E42,1,0.055562,0.652661,0.067151,0.224627
nyt_20130321_cyprus,E46,E48,0,0.657864,0.079938,0.061535,0.200664
nyt_20130321_cyprus,E46,E51,0,0.996084,0.000018,0.000900,0.002997
nyt_20130321_cyprus,E47,E48,1,0.008930,0.872043,0.026971,0.092056
nyt_20130321_cyprus,E47,E51,0,0.929698,0.003081,0.014706,0.052514
nyt_20130321_cyprus,E48,E57,1,0.000532,0.972109,0.006841,0.020518
nyt_20130321_cyprus,E51,E57,1,0.000010,0.996263,0.000718,0.003008
bbc_20130322_1353,E1,E5,1,0.000035,0.992699,0.001497,0.005770
bbc_20130322_1353,E8,E10,1,0.000048,0.991779,0.001860,0.006313
bbc_20130322_1353,E15,E16,1,0.002316,0.925639,0.014974,0.057071
bbc_20130322_1353,E19,E20,1,0.000517,0.979473,0.005404,0.014607
bbc_20130322_1353,E19,E21,1,0.001541,0.962446,0.009668,0.026345
bbc_20130322_1353,E20,E21,1,0.193793,0.543881,0.068451,0.193876
bbc_20130322_1353,E23,E25,1,0.126969,0.516258,0.073009,0.283764
bbc_20130322_1353,E23,E26,1,0.010123,0.868684,0.027635,0.093558
bbc_20130322_1353,E23,E27,1,0.000016,0.995259,0.000940,0.003784
bbc_20130322_1353,E25,E26,1,0.001323,0.951959,0.009634,0.037084
bbc_20130322_1353,E25,E27,1,0.000008,0.996864,0.000604,0.002524
bbc_20130322_1353,E26,E27,1,0.000058,0.990931,0.001977,0.007034
bbc_20130322_1353,E28,E29,1,0.000023,0.994038,0.001185,0.004754
bbc_20130322_1353,E28,E31,1,0.000049,0.992199,0.001738,0.006015
bbc_20130322_1353,E29,E31,1,0.170240,0.539150,0.070162,0.220448
bbc_20130322_1353,E33,E34,0,0.950147,0.001428,0.010430,0.037995
bbc_20130322_1353,E35,E36,0,0.645707,0.065782,0.064894,0.223617
bbc_20130322_1353,E35,E37,1,0.003098,0.921157,0.017894,0.057851
bbc_20130322_1353,E36,E37,1,0.000327,0.973808,0.005597,0.020267
bbc_20130322_1353,E1,E8,0,0.727156,0.040283,0.053335,0.179226
bbc_20130322_1353,E1,E10,1,0.000048,0.991963,0.001749,0.006239
bbc_20130322_1353,E5,E8,0,0.993752,0.000037,0.001441,0.004770
bbc_20130322_1353,E5,E10,1,0.105740,0.630003,0.064619,0.199638
bbc_20130322_1353,E8,E11,0,0.965337,0.000574,0.007546,0.026543
bbc_20130322_1353,E10,E11,0,0.996347,0.000014,0.000803,0.002835
bbc_20130322_1353,E11,E13,3,0.293347,0.250200,0.097608,0.358845
bbc_20130322_1353,E13,E15,0,0.904060,0.004671,0.020530,0.070739
bbc_20130322_1353,E13,E16,0,0.561258,0.095451,0.078215,0.265076
bbc_20130322_1353,E15,E17,1,0.047067,0.646460,0.060575,0.245898
bbc_20130322_1353,E16,E17,3,0.221642,0.305153,0.093705,0.379500
bbc_20130322_1353,E17,E19,1,0.056220,0.719581,0.053445,0.170755
bbc_20130322_1353,E17,E20,1,0.000161,0.985591,0.003456,0.010791
bbc_20130322_1353,E17,E21,1,0.001294,0.957542,0.010049,0.031115
bbc_20130322_1353,E19,E23,0,0.868991,0.015231,0.028533,0.087245
bbc_20130322_1353,E19,E25,0,0.922061,0.005908,0.017179,0.054852
bbc_20130322_1353,E19,E26,1,0.277923,0.385831,0.087187,0.249059
bbc_20130322_1353,E19,E27,1,0.001124,0.966540,0.008326,0.024010
bbc_20130322_1353,E20,E23,0,0.974615,0.000843,0.006262,0.018280
bbc_20130322_1353,E20,E25,0,0.984390,0.000279,0.003434,0.011897
bbc_20130322_1353,E20,E26,0,0.855422,0.020918,0.029948,0.093712
bbc_20130322_1353,E20,E27,1,0.024191,0.846814,0.031731,0.097263
bbc_20130322_1353,E21,E23,0,0.941453,0.003167,0.013072,0.042309
bbc_20130322_1353,E21,E25,0,0.966273,0.001094,0.007349,0.025283
bbc_20130322_1353,E21,E26,0,0.694923,0.075396,0.055921,0.173759
bbc_20130322_1353,E21,E27,1,0.006432,0.918362,0.018586,0.056620
bbc_20130322_1353,E23,E28,0,0.751304,0.042758,0.047146,0.158792
bbc_20130322_1353,E23,E29,1,0.000697,0.964275,0.007515,0.027513
bbc_20130322_1353,E23,E31,1,0.015021,0.851942,0.029397,0.103639
bbc_20130322_1353,E25,E28,0,0.510150,0.155962,0.070341,0.263548
bbc_20130322_1353,E25,E29,1,0.000865,0.963006,0.007525,0.028603
bbc_20130322_1353,E25,E31,1,0.005410,0.912459,0.017168,0.064963
bbc_20130322_1353,E26,E28,0,0.931539,0.003829,0.014845,0.049786
bbc_20130322_1353,E26,E29,1,0.040395,0.749613,0.046514,0.163478
bbc_20130322_1353,E26,E31,1,0.258605,0.412615,0.080154,0.248626
bbc_20130322_1353,E27,E28,0,0.996217,0.000018,0.000875,0.002890
bbc_20130322_1353,E27,E29,0,0.812853,0.029588,0.036435,0.121124
bbc_20130322_1353,E27,E31,0,0.938845,0.003942,0.013304,0.043910
bbc_20130322_1353,E28,E33,1,0.007302,0.868717,0.025820,0.098161
bbc_20130322_1353,E28,E34,1,0.245418,0.357214,0.081611,0.315757
bbc_20130322_1353,E29,E33,0,0.939550,0.002895,0.012834,0.044721
bbc_20130322_1353,E29,E34,0,0.987794,0.000118,0.002601,0.009486
bbc_20130322_1353,E31,E33,0,0.954207,0.002136,0.010109,0.033548
bbc_20130322_1353,E31,E34,0,0.987518,0.000156,0.002748,0.009578
bbc_20130322_1353,E33,E35,0,0.991527,0.000051,0.001794,0.006628
bbc_20130322_1353,E33,E36,0,0.995656,0.000015,0.000851,0.003478
bbc_20130322_1353,E33,E37,0,0.923938,0.003907,0.018019,0.054136
bbc_20130322_1353,E34,E35,0,0.986780,0.000109,0.002771,0.010340
bbc_20130322_1353,E34,E36,0,0.992859,0.000037,0.001461,0.005643
bbc_20130322_1353,E34,E37,0,0.430484,0.188397,0.083148,0.297971
nyt_20130321_women_senate,E1000009,E2,0,0.621787,0.095758,0.063775,0.218680
nyt_20130321_women_senate,E4,E5,1,0.001742,0.942805,0.013429,0.042024
nyt_20130321_women_senate,E4,E6,0,0.308385,0.301157,0.091013,0.299445
nyt_20130321_women_senate,E5,E6,0,0.922420,0.005229,0.017907,0.054444
nyt_20130321_women_senate,E9,E10,0,0.995455,0.000019,0.000972,0.003554
nyt_20130321_women_senate,E11,E12,0,0.950784,0.002068,0.012188,0.034960
nyt_20130321_women_senate,E14,E15,1,0.116260,0.519787,0.085740,0.278213
nyt_20130321_women_senate,E16,E17,1,0.080929,0.578536,0.069618,0.270918
nyt_20130321_women_senate,E19,E20,1,0.001788,0.937604,0.013962,0.046646
nyt_20130321_women_senate,E19,E21,1,0.006266,0.874137,0.027233,0.092363
nyt_20130321_women_senate,E20,E21,0,0.457885,0.160689,0.084485,0.296941
nyt_20130321_women_senate,E23,E24,0,0.873372,0.008091,0.027970,0.090567
nyt_20130321_women_senate,E26,E27,0,0.970360,0.000750,0.008793,0.020097
nyt_20130321_women_senate,E26,E1000014,0,0.939030,0.002413,0.015920,0.042637
nyt_20130321_women_senate,E27,E1000014,1,0.125286,0.538819,0.101694,0.234201
nyt_20130321_women_senate,E37,E1000015,0,0.371730,0.179287,0.106273,0.342710
nyt_20130321_women_senate,E40,E41,0,0.935992,0.002194,0.014081,0.047734
nyt_20130321_women_senate,E40,E42,0,0.521050,0.129829,0.081639,0.267482
nyt_20130321_women_senate,E41,E42,1,0.026536,0.770166,0.049334,0.153964
nyt_20130321_women_senate,E43,E47,0,0.993008,0.000036,0.001446,0.005511
nyt_20130321_women_senate,E43,E48,0,0.993986,0.000024,0.001176,0.004813
nyt_20130321_women_senate,E47,E48,0,0.752970,0.022342,0.048848,0.175839
nyt_20130321_women_senate,E49,E50,0,0.978248,0.000297,0.004873,0.016582
nyt_20130321_women_senate,E49,E53,0,0.592743,0.096210,0.070590,0.240456
nyt_20130321_women_senate,E50,E53,1,0.028662,0.752023,0.046255,0.173060
nyt_20130321_women_senate,E1000009,E4,1,0.094621,0.623092,0.070640,0.211647
nyt_20130321_women_senate,E1000009,E5,1,0.000076,0.989489,0.002335,0.008100
nyt_20130321_women_senate,E1000009,E6,1,0.015898,0.860579,0.031492,0.092031
nyt_20130321_women_senate,E2,E4,0,0.801304,0.023369,0.039609,0.135719
nyt_20130321_women_senate,E2,E5,1,0.003431,0.922720,0.017304,0.056546
nyt_20130321_women_senate,E2,E6,0,0.360265,0.261809,0.085170,0.292756
nyt_20130321_women_senate,E4,E7,0,0.966735,0.000722,0.007882,0.024662
nyt_20130321_women_senate,E5,E7,0,0.994953,0.000028,0.001184,0.003835
nyt_20130321_women_senate,E6,E7,0,0.983292,0.000230,0.004033,0.012445
nyt_20130321_women_senate,E7,E8,1,0.001526,0.941277,0.012805,0.044392
nyt_20130321_women_senate,E8,E9,0,0.919263,0.003850,0.017572,0.059315
nyt_20130321_women_senate,E8,E10,0,0.998319,0.000004,0.000346,0.001331
nyt_20130321_women_senate,E11,E1000012,0,0.840466,0.017040,0.034511,0.107984
nyt_20130321_women_senate,E12,E1000012,1,0.023622,0.797572,0.041490,0.137316
nyt_20130321_women_senate,E14,E16,0,0.931098,0.002675,0.015778,0.050450
nyt_20130321_women_senate,E14,E17,0,0.866703,0.008893,0.028690,0.095715
nyt_20130321_women_senate,E15,E16,0,0.844816,0.010256,0.030087,0.114841
nyt_20130321_women_senate,E15,E17,0,0.728086,0.033874,0.052177,0.185863
nyt_20130321_women_senate,E16,E19,1,0.142025,0.472923,0.082640,0.302412
nyt_20130321_women_senate,E16,E20,1,0.000414,0.969392,0.006300,0.023894
nyt_20130321_women_senate,E16,E21,1,0.001927,0.928351,0.014399,0.055324
nyt_20130321_women_senate,E17,E19,0,0.449320,0.166200,0.087534,0.296945
nyt_20130321_women_senate,E17,E20,1,0.002761,0.925371,0.016123,0.055745
nyt_20130321_women_senate,E17,E21,1,0.010806,0.839437,0.033169,0.116588
nyt_20130321_women_senate,E19,E22,3,0.267841,0.310945,0.094268,0.326946
nyt_20130321_women_senate,E20,E22,0,0.863404,0.010339,0.027185,0.099073
nyt_20130321_women_senate,E21,E22,0,0.881202,0.006918,0.024816,0.087065
nyt_20130321_women_senate,E22,E23,0,0.877110,0.007069,0.024801,0.091020
nyt_20130321_women_senate,E22,E24,0,0.991453,0.000052,0.001915,0.006580
nyt_20130321_women_senate,E23,E25,0,0.774565,0.018311,0.045375,0.161749
nyt_20130321_women_senate,E24,E25,3,0.223167,0.293113,0.096843,0.386877
nyt_20130321_women_senate,E25,E26,1,0.000523,0.964935,0.007884,0.026658
nyt_20130321_women_senate,E25,E27,1,0.144105,0.457931,0.104963,0.293000
nyt_20130321_women_senate,E25,E1000014,1,0.105998,0.499269,0.091420,0.303313
nyt_20130321_women_senate,E26,E29,0,0.901519,0.004737,0.022433,0.071312
nyt_20130321_women_senate,E27,E29,1,0.130081,0.486814,0.103729,0.279377
nyt_20130321_women_senate,E1000014,E29,1,0.203138,0.363131,0.104132,0.329599
nyt_20130321_women_senate,E29,E36,0,0.982156,0.000188,0.004001,0.013655
nyt_20130321_women_senate,E36,E37,0,0.775542,0.015751,0.041578,0.167129
nyt_20130321_women_senate,E36,E1000015,0,0.519875,0.086601,0.090050,0.303475
nyt_20130321_women_senate,E37,E40,1,0.000153,0.982154,0.003769,0.013923
nyt_20130321_women_senate,E37,E41,1,0.041511,0.687546,0.060885,0.210058
nyt_20130321_women_senate,E37,E42,1,0.000357,0.971965,0.006238,0.021440
nyt_20130321_women_senate,E1000015,E40,1,0.000922,0.954023,0.011182,0.033873
nyt_20130321_women_senate,E1000015,E41,3,0.305997,0.252754,0.109380,0.331869
nyt_20130321_women_senate,E1000015,E42,1,0.006038,0.881655,0.028607,0.083701
nyt_20130321_women_senate,E40,E43,0,0.717631,0.038052,0.053340,0.190978
nyt_20130321_women_senate,E40,E47,0,0.984335,0.000151,0.003413,0.012101
nyt_20130321_women_senate,E40,E48,0,0.987072,0.000097,0.002742,0.010089
nyt_20130321_women_senate,E41,E43,1,0.105847,0.526147,0.083875,0.284131
nyt_20130321_women_senate,E41,E47,0,0.874736,0.007617,0.027015,0.090631
nyt_20130321_women_senate,E41,E48,0,0.931270,0.001866,0.015461,0.051403
nyt_20130321_women_senate,E42,E43,0,0.608605,0.080910,0.072571,0.237914
nyt_20130321_women_senate,E42,E47,0,0.979177,0.000276,0.004832,0.015715
nyt_20130321_women_senate,E42,E48,0,0.982560,0.000180,0.003927,0.013333
nyt_20130321_women_senate,E43,E49,0,0.790979,0.021889,0.043042,0.144090
nyt_20130321_women_senate,E43,E50,0,0.986224,0.000114,0.002939,0.010723
nyt_20130321_women_senate,E43,E53,0,0.729566,0.036883,0.051256,0.182294
nyt_20130321_women_senate,E47,E49,1,0.003337,0.911247,0.019183,0.066233
nyt_20130321_women_senate,E47,E50,0,0.385411,0.193200,0.089412,0.331977
nyt_20130321_women_senate,E47,E53,1,0.001895,0.932893,0.013978,0.051235
nyt_20130321_women_senate,E48,E49,1,0.009292,0.841363,0.034192,0.115153
nyt_20130321_women_senate,E48,E50,0,0.535603,0.090778,0.080743,0.292876
nyt_20130321_women_senate,E48,E53,1,0.005365,0.878540,0.025376,0.090720
bbc_20130322_1150,E1,E2,0,0.975511,0.000764,0.006303,0.017422
bbc_20130322_1150,E6,E7,1,0.056836,0.591776,0.077311,0.274077
bbc_20130322_1150,E8,E10,1,0.000756,0.964165,0.009017,0.026063
bbc_20130322_1150,E8,E11,1,0.095138,0.610794,0.078263,0.215805
bbc_20130322_1150,E10,E11,0,0.447259,0.214934,0.091997,0.245810
bbc_20130322_1150,E14,E15,1,0.010786,0.834635,0.032835,0.121744
bbc_20130322_1150,E14,E17,1,0.185915,0.383777,0.087596,0.342712
bbc_20130322_1150,E15,E17,0,0.776794,0.022774,0.042931,0.157501
bbc_20130322_1150,E19,E20,1,0.059706,0.693229,0.065319,0.181746
bbc_20130322_1150,E19,E21,0,0.871021,0.008809,0.029408,0.090763
bbc_20130322_1150,E20,E21,0,0.849844,0.014540,0.033866,0.101749
bbc_20130322_1150,E23,E24,1,0.107112,0.501566,0.094737,0.296585
bbc_20130322_1150,E29,E30,0,0.987322,0.000158,0.003517,0.009003
bbc_20130322_1150,E53,E35,0,0.997331,0.000007,0.000528,0.002134
bbc_20130322_1150,E39,E40,0,0.987691,0.000111,0.002890,0.009308
bbc_20130322_1150,E41,E42,1,0.000522,0.970725,0.007404,0.021350
bbc_20130322_1150,E41,E43,0,0.583903,0.095320,0.088348,0.232429
bbc_20130322_1150,E42,E43,0,0.983315,0.000215,0.004119,0.012350
bbc_20130322_1150,E1,E3,0,0.992269,0.000062,0.001838,0.005832
bbc_20130322_1150,E2,E3,0,0.669975,0.080160,0.059660,0.190205
bbc_20130322_1150,E3,E4,1,0.000841,0.962979,0.009255,0.026925
bbc_20130322_1150,E4,E6,0,0.998257,0.000003,0.000325,0.001414
bbc_20130322_1150,E4,E7,0,0.984832,0.000164,0.003515,0.011489
bbc_20130322_1150,E6,E8,1,0.000554,0.962840,0.008222,0.028384
bbc_20130322_1150,E6,E10,1,0.000040,0.991579,0.001686,0.006695
bbc_20130322_1150,E6,E11,1,0.000455,0.968458,0.007202,0.023885
bbc_20130322_1150,E7,E8,1,0.027851,0.754435,0.053469,0.164246
bbc_20130322_1150,E7,E10,1,0.000482,0.970030,0.007237,0.022250
bbc_20130322_1150,E7,E11,1,0.018711,0.808790,0.045008,0.127491
bbc_20130322_1150,E8,E12,0,0.632620,0.074392,0.074789,0.218199
bbc_20130322_1150,E10,E12,0,0.870458,0.011933,0.031212,0.086397
bbc_20130322_1150,E11,E12,1,0.215384,0.401699,0.102002,0.280915
bbc_20130322_1150,E12,E14,0,0.938031,0.002318,0.015608,0.044043
bbc_20130322_1150,E12,E15,0,0.717385,0.041479,0.061751,0.179384
bbc_20130322_1150,E12,E17,0,0.833405,0.012445,0.035014,0.119137
bbc_20130322_1150,E18,E19,0,0.932500,0.002316,0.018810,0.046373
bbc_20130322_1150,E18,E20,0,0.747469,0.035252,0.065095,0.152185
bbc_20130322_1150,E18,E21,0,0.928433,0.002645,0.019349,0.049573
bbc_20130322_1150,E19,E23,0,0.849747,0.009757,0.034463,0.106033
bbc_20130322_1150,E19,E24,0,0.376666,0.212402,0.101243,0.309689
bbc_20130322_1150,E20,E23,0,0.934476,0.002128,0.014691,0.048705
bbc_20130322_1150,E20,E24,3,0.297961,0.298575,0.099795,0.303669
bbc_20130322_1150,E21,E23,0,0.714884,0.034070,0.054775,0.196271
bbc_20130322_1150,E21,E24,1,0.033287,0.728949,0.055509,0.182255
bbc_20130322_1150,E28,E29,1,0.000034,0.993171,0.001579,0.005217
bbc_20130322_1150,E28,E30,1,0.038592,0.705352,0.053449,0.202606
bbc_20130322_1150,E29,E34,0,0.998073,0.000005,0.000443,0.001479
bbc_20130322_1150,E30,E34,0,0.941414,0.002504,0.012607,0.043476
bbc_20130322_1150,E34,E53,1,0.000241,0.977709,0.004869,0.017181
bbc_20130322_1150,E34,E35,0,0.962842,0.000821,0.007817,0.028520
bbc_20130322_1150,E53,E36,0,0.980469,0.000261,0.004621,0.014649
bbc_20130322_1150,E35,E36,1,0.005011,0.890990,0.024067,0.079932
bbc_20130322_1150,E36,E39,1,0.001168,0.945703,0.012234,0.040895
bbc_20130322_1150,E36,E40,1,0.028608,0.718230,0.058836,0.194326
bbc_20130322_1150,E39,E41,0,0.996167,0.000017,0.000870,0.002946
bbc_20130322_1150,E39,E42,1,0.168689,0.476073,0.102770,0.252467
bbc_20130322_1150,E39,E43,0,0.968913,0.000705,0.008444,0.021939
bbc_20130322_1150,E40,E41,0,0.871874,0.006900,0.027268,0.093958
bbc_20130322_1150,E40,E42,1,0.000327,0.972889,0.005995,0.020789
bbc_20130322_1150,E40,E43,3,0.238510,0.319809,0.103804,0.337877
bbc_20130322_1150,E41,E44,0,0.706028,0.055138,0.063603,0.175231
bbc_20130322_1150,E42,E44,0,0.996226,0.000015,0.000805,0.002955
bbc_20130322_1150,E43,E44,0,0.826934,0.020041,0.039681,0.113344
bbc_20130322_332,E1,E2,3,0.275884,0.282238,0.096646,0.345232
bbc_20130322_332,E1,E3,1,0.085229,0.573410,0.074582,0.266779
bbc_20130322_332,E1,E4,1,0.000022,0.994589,0.001115,0.004274
bbc_20130322_332,E2,E3,1,0.157064,0.402878,0.100926,0.339132
bbc_20130322_332,E2,E4,1,0.000041,0.991847,0.001694,0.006418
bbc_20130322_332,E3,E4,1,0.000090,0.987929,0.002667,0.009314
bbc_20130322_332,E12,E13,1,0.047208,0.624090,0.070645,0.258057
bbc_20130322_332,E17,E18,1,0.086637,0.565467,0.085441,0.262454
bbc_20130322_332,E22,E23,0,0.994368,0.000029,0.001254,0.004349
bbc_20130322_332,E27,E28,0,0.356019,0.258212,0.095305,0.290464
bbc_20130322_332,E27,E29,0,0.991302,0.000059,0.001923,0.006717
bbc_20130322_332,E28,E29,0,0.987796,0.000107,0.002775,0.009323
bbc_20130322_332,E31,E33,1,0.005846,0.888279,0.026530,0.079344
bbc_20130322_332,E31,E34,1,0.304772,0.315149,0.100887,0.279192
bbc_20130322_332,E31,E35,0,0.397522,0.241069,0.104104,0.257304
bbc_20130322_332,E33,E34,0,0.684183,0.068088,0.059201,0.188529
bbc_20130322_332,E33,E35,1,0.308605,0.341791,0.097544,0.252060
bbc_20130322_332,E34,E35,1,0.306431,0.364717,0.089816,0.239036
bbc_20130322_332,E37,E38,0,0.589219,0.061188,0.067216,0.282377
bbc_20130322_332,E37,E40,0,0.401361,0.144091,0.089433,0.365115
bbc_20130322_332,E38,E40,0,0.524033,0.087112,0.077379,0.311476
bbc_20130322_332,E1,E5,0,0.582000,0.085596,0.069255,0.263148
bbc_20130322_332,E2,E5,0,0.420418,0.167495,0.100026,0.312061
bbc_20130322_332,E3,E5,0,0.803016,0.020242,0.043838,0.132905
bbc_20130322_332,E4,E5,0,0.993940,0.000039,0.001449,0.004571
bbc_20130322_332,E5,E9,1,0.000203,0.980667,0.004393,0.014737
bbc_20130322_332,E9,E11,1,0.042257,0.730588,0.063842,0.163313
bbc_20130322_332,E11,E12,0,0.979570,0.000303,0.005183,0.014944
bbc_20130322_332,E11,E13,0,0.721190,0.027224,0.060899,0.190687
bbc_20130322_332,E12,E17,1,0.001363,0.939860,0.013238,0.045539
bbc_20130322_332,E12,E18,1,0.002058,0.923916,0.016745,0.057281
bbc_20130322_332,E13,E17,1,0.036727,0.704443,0.061539,0.197291
bbc_20130322_332,E13,E18,1,0.022276,0.759370,0.051794,0.166560
bbc_20130322_332,E17,E19,0,0.957166,0.000873,0.009922,0.032039
bbc_20130322_332,E18,E19,0,0.954730,0.000930,0.010454,0.033886
bbc_20130322_332,E19,E22,1,0.000742,0.957772,0.009808,0.031677
bbc_20130322_332,E19,E23,0,0.600093,0.077265,0.085505,0.237138
bbc_20130322_332,E22,E24,1,0.200792,0.369232,0.105551,0.324426
bbc_20130322_332,E23,E24,1,0.000078,0.987170,0.002555,0.010197
bbc_20130322_332,E27,E30,0,0.940190,0.002303,0.013629,0.043879
bbc_20130322_332,E28,E30,0,0.855247,0.012059,0.031229,0.101466
bbc_20130322_332,E29,E30,1,0.014974,0.812971,0.037820,0.134235
bbc_20130322_332,E30,E31,1,0.156195,0.464461,0.086796,0.292549
bbc_20130322_332,E30,E33,1,0.185232,0.424283,0.091599,0.298886
bbc_20130322_332,E30,E34,1,0.182460,0.471117,0.085730,0.260692
bbc_20130322_332,E30,E35,1,0.026665,0.796194,0.046945,0.130196
bbc_20130322_332,E31,E36,1,0.254468,0.353852,0.102179,0.289501
bbc_20130322_332,E33,E36,0,0.850423,0.016775,0.033804,0.098999
bbc_20130322_332,E34,E36,0,0.892014,0.011164,0.024830,0.071992
bbc_20130322_332,E35,E36,0,0.965952,0.001395,0.009828,0.022826
bbc_20130322_332,E36,E37,0,0.995436,0.000022,0.001040,0.003501
bbc_20130322_332,E36,E38,0,0.990816,0.000061,0.001992,0.007130
bbc_20130322_332,E36,E40,0,0.992783,0.000041,0.001553,0.005623
bbc_20130322_1600,E2,E5,0,0.888738,0.007269,0.025050,0.078942
bbc_20130322_1600,E6,E7,1,0.097631,0.620851,0.075623,0.205894
bbc_20130322_1600,E6,E8,0,0.939547,0.002762,0.014558,0.043132
bbc_20130322_1600,E6,E9,0,0.806033,0.028677,0.040960,0.124330
bbc_20130322_1600,E7,E8,0,0.996545,0.000015,0.000783,0.002658
bbc_20130322_1600,E7,E9,0,0.983414,0.000312,0.004046,0.012228
bbc_20130322_1600,E8,E9,1,0.020654,0.826984,0.030791,0.121572
bbc_20130322_1600,E10,E11,0,0.612613,0.076514,0.071994,0.238878
bbc_20130322_1600,E10,E12,0,0.860750,0.010135,0.028943,0.100172
bbc_20130322_1600,E11,E12,0,0.856305,0.010575,0.030256,0.102864
bbc_20130322_1600,E16,E20,0,0.375549,0.223195,0.095913,0.305343
bbc_20130322_1600,E21,E22,0,0.915000,0.004572,0.018252,0.062176
bbc_20130322_1600,E2,E6,0,0.804953,0.026240,0.045171,0.123636
bbc_20130322_1600,E2,E7,1,0.053819,0.694558,0.061764,0.189858
bbc_20130322_1600,E2,E8,0,0.981205,0.000296,0.004885,0.013614
bbc_20130322_1600,E2,E9,0,0.956621,0.001505,0.010096,0.031779
bbc_20130322_1600,E5,E6,1,0.171492,0.461629,0.086263,0.280615
bbc_20130322_1600,E5,E7,1,0.001361,0.951757,0.011281,0.035601
bbc_20130322_1600,E5,E8,0,0.822573,0.024103,0.036983,0.116340
bbc_20130322_1600,E5,E9,0,0.489557,0.181335,0.075943,0.253166
bbc_20130322_1600,E6,E10,0,0.484655,0.151469,0.093313,0.270563
bbc_20130322_1600,E6,E11,0,0.482125,0.133719,0.096685,0.287471
bbc_20130322_1600,E6,E12,0,0.814943,0.019004,0.040544,0.125509
bbc_20130322_1600,E7,E10,0,0.900894,0.006524,0.022448,0.070134
bbc_20130322_1600,E7,E11,0,0.986145,0.000165,0.003480,0.010210
bbc_20130322_1600,E7,E12,0,0.991939,0.000063,0.001936,0.006062
bbc_20130322_1600,E8,E10,1,0.000950,0.958049,0.008920,0.032081
bbc_20130322_1600,E8,E11,1,0.032018,0.757713,0.044963,0.165306
bbc_20130322_1600,E8,E12,1,0.178829,0.448593,0.077807,0.294770
bbc_20130322_1600,E9,E10,1,0.024856,0.795601,0.039619,0.139925
bbc_20130322_1600,E9,E11,0,0.347934,0.265942,0.083758,0.302366
bbc_20130322_1600,E9,E12,0,0.689307,0.059478,0.053158,0.198056
bbc_20130322_1600,E10,E13,0,0.967348,0.000629,0.007551,0.024472
bbc_20130322_1600,E11,E13,0,0.788875,0.021689,0.044028,0.145409
bbc_20130322_1600,E12,E13,0,0.598630,0.076715,0.072312,0.252343
bbc_20130322_1600,E13,E30,1,0.058686,0.632685,0.071318,0.237311
bbc_20130322_1600,E30,E14,0,0.564846,0.090291,0.082941,0.261922
bbc_20130322_1600,E14,E16,0,0.723853,0.042507,0.059744,0.173896
bbc_20130322_1600,E14,E20,0,0.619774,0.068473,0.078423,0.233330
bbc_20130322_1600,E16,E21,0,0.540758,0.106620,0.076059,0.276563
bbc_20130322_1600,E16,E22,0,0.950604,0.001295,0.010062,0.038039
bbc_20130322_1600,E20,E21,0,0.608387,0.070049,0.073406,0.248158
bbc_20130322_1600,E20,E22,0,0.960290,0.000921,0.009384,0.029405
bbc_20130322_1600,E21,E25,0,0.978206,0.000291,0.004828,0.016675
bbc_20130322_1600,E22,E25,0,0.942548,0.001535,0.010907,0.045010
WSJ_20130322_804,E1,E2002,0,0.977514,0.000255,0.004699,0.017533
WSJ_20130322_804,E11,E13,0,0.685608,0.036139,0.056052,0.222201
WSJ_20130322_804,E11,E14,1,0.036527,0.690918,0.056680,0.215876
WSJ_20130322_804,E13,E14,1,0.010323,0.824785,0.035417,0.129475
WSJ_20130322_804,E22,E23,1,0.161542,0.393918,0.101526,0.343014
WSJ_20130322_804,E25,E26,0,0.952082,0.001174,0.011086,0.035658
WSJ_20130322_804,E25,E30,0,0.988257,0.000092,0.002576,0.009075
WSJ_20130322_804,E26,E30,0,0.949028,0.001033,0.010618,0.039321
WSJ_20130322_804,E9,E11,3,0.330520,0.222363,0.095771,0.351346
WSJ_20130322_804,E9,E13,0,0.855641,0.007382,0.026809,0.110168
WSJ_20130322_804,E9,E14,1,0.111074,0.490694,0.080296,0.317936
WSJ_20130322_804,E11,E16,1,0.166435,0.393315,0.090901,0.349349
WSJ_20130322_804,E13,E16,1,0.055355,0.600502,0.071687,0.272457
WSJ_20130322_804,E14,E16,3,0.305557,0.212817,0.091521,0.390105
WSJ_20130322_804,E16,E17,0,0.990882,0.000054,0.001872,0.007192
WSJ_20130322_804,E17,E18,1,0.000326,0.975382,0.005842,0.018451
WSJ_20130322_804,E21,E22,0,0.951427,0.001033,0.010719,0.036822
WSJ_20130322_804,E21,E23,0,0.502700,0.107891,0.087348,0.302061
WSJ_20130322_804,E22,E25,3,0.226953,0.293342,0.104610,0.375095
WSJ_20130322_804,E22,E26,0,0.588190,0.061638,0.074606,0.275566
WSJ_20130322_804,E22,E30,0,0.792207,0.014318,0.041271,0.152204
WSJ_20130322_804,E23,E25,0,0.644080,0.049529,0.064585,0.241806
WSJ_20130322_804,E23,E26,0,0.859262,0.007006,0.027392,0.106340
WSJ_20130322_804,E23,E30,0,0.946506,0.001118,0.010904,0.041472
WSJ_20130322_804,E25,E33,0,0.979532,0.000235,0.004614,0.015620
WSJ_20130322_804,E26,E33,0,0.955395,0.000753,0.009044,0.034808
WSJ_20130322_804,E30,E33,0,0.714020,0.025072,0.052687,0.208221
WSJ_20130322_804,E33,E35,1,0.031680,0.671937,0.062363,0.234020
WSJ_20130318_731,E1,E2,1,0.003328,0.924496,0.017912,0.054264
WSJ_20130318_731,E1,E3,1,0.039432,0.686700,0.068928,0.204940
WSJ_20130318_731,E2,E3,0,0.717046,0.057547,0.060063,0.165344
WSJ_20130318_731,E11,E12,1,0.001166,0.943657,0.012793,0.042384
WSJ_20130318_731,E11,E13,1,0.002395,0.919794,0.017250,0.060561
WSJ_20130318_731,E12,E13,1,0.110268,0.526581,0.086584,0.276567
WSJ_20130318_731,E20,E21,0,0.992415,0.000039,0.001557,0.005989
WSJ_20130318_731,E20,E22,0,0.991603,0.000055,0.001889,0.006452
WSJ_20130318_731,E21,E22,0,0.783478,0.015784,0.043935,0.156803
WSJ_20130318_731,E9,E10,1,0.005874,0.884084,0.026422,0.083621
WSJ_20130318_731,E10,E11,0,0.997704,0.000007,0.000493,0.001796
WSJ_20130318_731,E10,E12,0,0.981235,0.000232,0.004314,0.014219
WSJ_20130318_731,E10,E13,0,0.988846,0.000090,0.002480,0.008584
WSJ_20130318_731,E11,E14,1,0.077218,0.558562,0.084922,0.279298
WSJ_20130318_731,E12,E14,0,0.557014,0.102163,0.083574,0.257249
WSJ_20130318_731,E13,E14,0,0.485058,0.116278,0.091238,0.307426
CNN_20130322_1003,E1,E2,1,0.000270,0.983476,0.004613,0.011641
CNN_20130322_1003,E1,E3,0,0.391297,0.308046,0.085558,0.215099
CNN_20130322_1003,E1,E5,0,0.973125,0.000881,0.007204,0.018791
CNN_20130322_1003,E2,E3,0,0.968638,0.001308,0.008092,0.021963
CNN_20130322_1003,E2,E5,0,0.996883,0.000013,0.000701,0.002402
CNN_20130322_1003,E3,E5,0,0.938602,0.004924,0.014976,0.041498
CNN_20130322_1003,E6,E7,1,0.001141,0.972536,0.008377,0.017946
CNN_20130322_1003,E9,E10,0,0.516049,0.184002,0.066038,0.233911
CNN_20130322_1003,E9,E11,1,0.000536,0.973350,0.005949,0.020164
CNN_20130322_1003,E9,E1000,1,0.000008,0.997110,0.000599,0.002282
CNN_20130322_1003,E10,E11,1,0.004452,0.924716,0.016307,0.054525
CNN_20130322_1003,E10,E1000,1,0.000024,0.994950,0.001115,0.003911
CNN_20130322_1003,E11,E1000,1,0.003126,0.940412,0.014232,0.042229
CNN_20130322_1003,E12,E13,1,0.002553,0.943562,0.014812,0.039072
CNN_20130322_1003,E12,E14,1,0.000012,0.996433,0.000743,0.002812
CNN_20130322_1003,E12,E15,1,0.000012,0.996253,0.000770,0.002964
CNN_20130322_1003,E13,E14,1,0.000560,0.979326,0.005440,0.014674
CNN_20130322_1003,E13,E15,1,0.000271,0.984637,0.004242,0.010850
CNN_20130322_1003,E14,E15,1,0.021884,0.869376,0.030153,0.078587
CNN_20130322_1003,E17,E19,1,0.000976,0.954691,0.011204,0.033129
CNN_20130322_1003,E17,E20,0,0.782120,0.026038,0.051707,0.140135
CNN_20130322_1003,E19,E20,0,0.996085,0.000018,0.000904,0.002993
CNN_20130322_1003,E23,E27,0,0.754140,0.049688,0.050930,0.145242
CNN_20130322_1003,E30,E31,1,0.001264,0.947024,0.012802,0.038911
CNN_20130322_1003,E30,E32,1,0.000013,0.995847,0.000830,0.003310
CNN_20130322_1003,E30,E33,1,0.000031,0.994176,0.001380,0.004413
CNN_20130322_1003,E31,E32,1,0.000041,0.992858,0.001592,0.005509
CNN_20130322_1003,E31,E33,1,0.000039,0.993496,0.001494,0.004971
CNN_20130322_1003,E32,E33,1,0.133554,0.611374,0.069072,0.186000
CNN_20130322_1003,E34,E36,1,0.000017,0.995434,0.000973,0.003576
CNN_20130322_1003,E40,E41,1,0.000135,0.988655,0.002980,0.008231
CNN_20130322_1003,E40,E42,1,0.000144,0.988421,0.003285,0.008150
CNN_20130322_1003,E41,E42,1,0.007197,0.931380,0.019042,0.042381
CNN_20130322_1003,E43,E44,0,0.751545,0.035238,0.050554,0.162662
CNN_20130322_1003,E45,E47,0,0.559899,0.091766,0.083206,0.265128
CNN_20130322_1003,E55,E57,0,0.986973,0.000133,0.003139,0.009756
CNN_20130322_1003,E1,E6,0,0.775414,0.061352,0.051512,0.111721
CNN_20130322_1003,E1,E7,1,0.205940,0.532551,0.088054,0.173454
CNN_20130322_1003,E2,E6,0,0.986049,0.000294,0.004135,0.009522
CNN_20130322_1003,E2,E7,0,0.925393,0.008503,0.022574,0.043530
CNN_20130322_1003,E3,E6,0,0.576289,0.177314,0.072401,0.173996
CNN_20130322_1003,E3,E7,1,0.063955,0.764574,0.054954,0.116517
CNN_20130322_1003,E5,E6,1,0.017379,0.873471,0.031130,0.078020
CNN_20130322_1003,E5,E7,1,0.000524,0.979269,0.006260,0.013947
CNN_20130322_1003,E6,E9,0,0.996424,0.000020,0.000876,0.002679
CNN_20130322_1003,E6,E10,0,0.995769,0.000025,0.000978,0.003228
CNN_20130322_1003,E6,E11,0,0.558963,0.160559,0.071895,0.208584
CNN_20130322_1003,E6,E1000,1,0.006707,0.923917,0.018592,0.050783
CNN_20130322_1003,E7,E9,0,0.998077,0.000007,0.000480,0.001436
CNN_20130322_1003,E7,E10,0,0.997916,0.000008,0.000523,0.001553
CNN_20130322_1003,E7,E11,0,0.860516,0.022199,0.034955,0.082329
CNN_20130322_1003,E7,E1000,1,0.057132,0.774132,0.052411,0.116326
CNN_20130322_1003,E9,E12,1,0.096413,0.637340,0.063627,0.202619
CNN_20130322_1003,E9,E13,1,0.000346,0.980503,0.004662,0.014490
CNN_20130322_1003,E9,E14,1,0.000003,0.998405,0.000316,0.001277
CNN_20130322_1003,E9,E15,1,0.000003,0.998476,0.000294,0.001228
CNN_20130322_1003,E10,E12,0,0.499591,0.189621,0.075941,0.234847
CNN_20130322_1003,E10,E13,1,0.005631,0.929721,0.017490,0.047158
CNN_20130322_1003,E10,E14,1,0.000012,0.996700,0.000715,0.002573
CNN_20130322_1003,E10,E15,1,0.000010,0.997086,0.000661,0.002242
CNN_20130322_1003,E11,E12,0,0.968831,0.000978,0.007962,0.022228
CNN_20130322_1003,E11,E13,0,0.489411,0.222757,0.083793,0.204039
CNN_20130322_1003,E11,E14,1,0.001052,0.969001,0.007934,0.022013
CNN_20130322_1003,E11,E15,1,0.000538,0.976309,0.006098,0.017055
CNN_20130322_1003,E1000,E12,0,0.995615,0.000026,0.001043,0.003316
CNN_20130322_1003,E1000,E13,0,0.959718,0.002602,0.011372,0.026308
CNN_20130322_1003,E1000,E14,1,0.121709,0.651416,0.062819,0.164057
CNN_20130322_1003,E1000,E15,1,0.069286,0.734964,0.053909,0.141842
CNN_20130322_1003,E12,E17,1,0.000573,0.968516,0.007881,0.023030
CNN_20130322_1003,E12,E19,1,0.000056,0.990769,0.001995,0.007180
CNN_20130322_1003,E12,E20,0,0.398938,0.241155,0.094814,0.265093
CNN_20130322_1003,E13,E17,1,0.195272,0.500221,0.087766,0.216740
CNN_20130322_1003,E13,E19,1,0.006961,0.911594,0.022117,0.059327
CNN_20130322_1003,E13,E20,0,0.978440,0.000602,0.005807,0.015152
CNN_20130322_1003,E14,E17,0,0.837959,0.029206,0.038937,0.093898
CNN_20130322_1003,E14,E19,1,0.227657,0.477267,0.081490,0.213585
CNN_20130322_1003,E14,E20,0,0.995729,0.000025,0.001071,0.003175
CNN_20130322_1003,E15,E17,0,0.895389,0.010249,0.025484,0.068878
CNN_20130322_1003,E15,E19,0,0.392220,0.269455,0.085908,0.252418
CNN_20130322_1003,E15,E20,0,0.996523,0.000017,0.000825,0.002635
CNN_20130322_1003,E17,E21,1,0.144695,0.520350,0.092588,0.242366
CNN_20130322_1003,E19,E21,0,0.981767,0.000371,0.004776,0.013086
CNN_20130322_1003,E20,E21,1,0.005790,0.911914,0.021504,0.060792
CNN_20130322_1003,E21,E23,1,0.118973,0.621900,0.077296,0.181831
CNN_20130322_1003,E21,E27,0,0.954257,0.001969,0.011556,0.032217
CNN_20130322_1003,E30,E34,0,0.749444,0.031673,0.052373,0.166510
CNN_20130322_1003,E30,E36,1,0.000314,0.979188,0.005187,0.015311
CNN_20130322_1003,E31,E34,0,0.949526,0.001622,0.011308,0.037545
CNN_20130322_1003,E31,E36,1,0.001841,0.955687,0.010651,0.031821
CNN_20130322_1003,E32,E34,0,0.997922,0.000006,0.000458,0.001614
CNN_20130322_1003,E32,E36,0,0.844520,0.026220,0.034323,0.094937
CNN_20130322_1003,E33,E34,0,0.997450,0.000009,0.000604,0.001936
CNN_20130322_1003,E33,E36,0,0.605169,0.174489,0.063489,0.156853
CNN_20130322_1003,E34,E38,3,0.234021,0.316538,0.095173,0.354268
CNN_20130322_1003,E36,E38,0,0.992145,0.000068,0.001955,0.005831
CNN_20130322_1003,E38,E40,1,0.211479,0.398174,0.098034,0.292313
CNN_20130322_1003,E38,E41,1,0.000177,0.985444,0.003709,0.010669
CNN_20130322_1003,E38,E42,1,0.000218,0.984015,0.004432,0.011335
CNN_20130322_1003,E40,E43,0,0.905480,0.004936,0.021388,0.068196
CNN_20130322_1003,E40,E44,0,0.963744,0.001326,0.009544,0.025386
CNN_20130322_1003,E41,E43,0,0.988455,0.000126,0.002763,0.008656
CNN_20130322_1003,E41,E44,0,0.994786,0.000041,0.001332,0.003841
CNN_20130322_1003,E42,E43,0,0.989621,0.000120,0.002846,0.007412
CNN_20130322_1003,E42,E44,0,0.994820,0.000043,0.001428,0.003710
CNN_20130322_1003,E43,E45,0,0.437216,0.122404,0.098212,0.342168
CNN_20130322_1003,E43,E47,0,0.631698,0.063320,0.070861,0.234121
CNN_20130322_1003,E44,E45,1,0.023327,0.761197,0.050482,0.164995
CNN_20130322_1003,E44,E47,1,0.030027,0.742918,0.049129,0.177925
CNN_20130322_1003,E45,E48,0,0.643211,0.051143,0.075688,0.229957
CNN_20130322_1003,E47,E48,0,0.611183,0.069189,0.072119,0.247509
CNN_20130322_1003,E48,E50,0,0.974643,0.000309,0.005479,0.019569
CNN_20130322_1003,E50,E51,1,0.002660,0.916944,0.017628,0.062768
CNN_20130322_1003,E51,E52,0,0.814299,0.015208,0.039805,0.130689
CNN_20130322_1003,E52,E53,0,0.960203,0.000761,0.009291,0.029745
CNN_20130322_1003,E53,E55,1,0.191981,0.352108,0.117609,0.338302
