WSJ_20130322_159,E5,E6,1,0.062819,0.633894,0.068466,0.234821
WSJ_20130322_159,E5,E10,0,0.458250,0.129636,0.083342,0.328772
WSJ_20130322_159,E5,E11,0,0.930943,0.001898,0.013643,0.053516
WSJ_20130322_159,E6,E10,0,0.641965,0.042325,0.063349,0.252362
WSJ_20130322_159,E6,E11,0,0.929555,0.001740,0.013920,0.054785
WSJ_20130322_159,E10,E11,0,0.707935,0.023266,0.052606,0.216193
WSJ_20130322_159,E12,E14,3,0.379826,0.128626,0.089522,0.402026
WSJ_20130322_159,E18,E19,0,0.826894,0.009500,0.033136,0.130469
WSJ_20130322_159,E20,E22,1,0.000132,0.982077,0.003837,0.013953
WSJ_20130322_159,E29,E31,0,0.951193,0.000927,0.008530,0.039350
WSJ_20130322_159,E29,E34,1,0.151723,0.429327,0.079915,0.339036
WSJ_20130322_159,E29,E37,0,0.984077,0.000124,0.003152,0.012647
WSJ_20130322_159,E31,E34,1,0.002157,0.907939,0.015420,0.074484
WSJ_20130322_159,E31,E37,0,0.823777,0.008910,0.029182,0.138131
WSJ_20130322_159,E34,E37,0,0.996786,0.000008,0.000628,0.002578
WSJ_20130322_159,E38,E39,1,0.000276,0.975999,0.005741,0.017985
WSJ_20130322_159,E38,E40,1,0.008000,0.841699,0.036341,0.113960
WSJ_20130322_159,E39,E40,1,0.117992,0.478886,0.095899,0.307223
WSJ_20130322_159,E42,E44,1,0.000263,0.966247,0.006374,0.027116
WSJ_20130322_159,E46,E47,1,0.001404,0.926617,0.016162,0.055817
WSJ_20130322_159,E46,E49,0,0.407693,0.116747,0.090494,0.385066
WSJ_20130322_159,E47,E49,0,0.913050,0.002882,0.015753,0.068315
WSJ_20130322_159,E1,E5,1,0.114890,0.468684,0.080303,0.336123
WSJ_20130322_159,E1,E6,1,0.001890,0.906309,0.017548,0.074253
WSJ_20130322_159,E1,E10,1,0.051910,0.550606,0.072142,0.325343
WSJ_20130322_159,E1,E11,0,0.501312,0.075364,0.076928,0.346396
WSJ_20130322_159,E5,E12,0,0.997053,0.000007,0.000552,0.002388
WSJ_20130322_159,E5,E14,0,0.930670,0.001719,0.012521,0.055090
WSJ_20130322_159,E6,E12,0,0.994973,0.000015,0.000939,0.004073
WSJ_20130322_159,E6,E14,0,0.958956,0.000631,0.007917,0.032497
WSJ_20130322_159,E10,E12,0,0.977639,0.000187,0.004187,0.017987
WSJ_20130322_159,E10,E14,0,0.753715,0.015388,0.042485,0.188412
WSJ_20130322_159,E11,E12,0,0.883429,0.003540,0.020244,0.092786
WSJ_20130322_159,E11,E14,3,0.277847,0.172321,0.096419,0.453413
WSJ_20130322_159,E12,E18,0,0.959951,0.000515,0.006882,0.032652
WSJ_20130322_159,E12,E19,0,0.811024,0.010134,0.033932,0.144911
WSJ_20130322_159,E14,E18,0,0.987361,0.000069,0.002301,0.010269
WSJ_20130322_159,E14,E19,0,0.972837,0.000307,0.005360,0.021497
WSJ_20130322_159,E18,E20,1,0.002368,0.887230,0.023044,0.087358
WSJ_20130322_159,E18,E22,1,0.000002,0.998007,0.000306,0.001686
WSJ_20130322_159,E19,E20,1,0.000343,0.964474,0.007185,0.027998
WSJ_20130322_159,E19,E22,1,0.000001,0.998785,0.000191,0.001023
WSJ_20130322_159,E20,E26,1,0.076622,0.601415,0.079732,0.242231
WSJ_20130322_159,E22,E26,0,0.841124,0.024762,0.034093,0.100022
WSJ_20130322_159,E26,E29,0,0.984025,0.000181,0.003569,0.012225
WSJ_20130322_159,E26,E31,0,0.997397,0.000006,0.000508,0.002090
WSJ_20130322_159,E26,E34,0,0.948395,0.001498,0.011152,0.038955
WSJ_20130322_159,E26,E37,0,0.998194,0.000003,0.000344,0.001459
WSJ_20130322_159,E29,E38,0,0.655795,0.038634,0.059581,0.245990
WSJ_20130322_159,E29,E39,1,0.003581,0.907283,0.020524,0.068612
WSJ_20130322_159,E29,E40,1,0.007653,0.840414,0.031137,0.120795
WSJ_20130322_159,E31,E38,1,0.038909,0.594565,0.063798,0.302729
WSJ_20130322_159,E31,E39,1,0.000068,0.986166,0.002660,0.011106
WSJ_20130322_159,E31,E40,1,0.000111,0.978635,0.003777,0.017477
WSJ_20130322_159,E34,E38,0,0.941343,0.001321,0.011842,0.045494
WSJ_20130322_159,E34,E39,1,0.108111,0.542913,0.082554,0.266422
WSJ_20130322_159,E34,E40,1,0.174814,0.375633,0.094610,0.354944
WSJ_20130322_159,E37,E38,1,0.027517,0.668174,0.059491,0.244817
WSJ_20130322_159,E37,E39,1,0.000083,0.985979,0.002874,0.011064
WSJ_20130322_159,E37,E40,1,0.000134,0.978558,0.004051,0.017257
WSJ_20130322_159,E38,E42,0,0.865903,0.004884,0.026121,0.103092
WSJ_20130322_159,E38,E44,1,0.034501,0.622392,0.071154,0.271953
WSJ_20130322_159,E39,E42,0,0.990460,0.000051,0.001984,0.007505
WSJ_20130322_159,E39,E44,0,0.440656,0.111882,0.091579,0.355882
WSJ_20130322_159,E40,E42,0,0.972340,0.000274,0.005530,0.021856
WSJ_20130322_159,E40,E44,3,0.252182,0.193729,0.104377,0.449711
WSJ_20130322_159,E42,E46,0,0.812815,0.008538,0.033471,0.145176
WSJ_20130322_159,E42,E47,3,0.184001,0.276809,0.099722,0.439468
WSJ_20130322_159,E42,E49,3,0.258498,0.210136,0.095788,0.435578
WSJ_20130322_159,E44,E46,0,0.992597,0.000027,0.001387,0.005989
WSJ_20130322_159,E44,E47,0,0.955564,0.000634,0.008555,0.035246
WSJ_20130322_159,E44,E49,0,0.970823,0.000317,0.005432,0.023428
WSJ_20130322_159,E46,E55,0,0.556466,0.066038,0.075846,0.301649
WSJ_20130322_159,E47,E55,0,0.971633,0.000370,0.005716,0.022281
WSJ_20130322_159,E49,E55,0,0.779526,0.016239,0.034793,0.169442
nyt_20130322_strange_computer,E8,E11,0,0.997257,0.000008,0.000575,0.002160
nyt_20130322_strange_computer,E14,E16,1,0.000153,0.980700,0.004140,0.015007
nyt_20130322_strange_computer,E19,E22,0,0.439955,0.156339,0.083895,0.319811
nyt_20130322_strange_computer,E19,E23,1,0.004601,0.897290,0.024225,0.073884
nyt_20130322_strange_computer,E22,E23,1,0.040818,0.710985,0.061059,0.187138
nyt_20130322_strange_computer,E6,E8,1,0.097931,0.624863,0.074765,0.202441
nyt_20130322_strange_computer,E6,E11,0,0.996070,0.000014,0.000824,0.003093
nyt_20130322_strange_computer,E8,E14,0,0.998074,0.000004,0.000393,0.001529
nyt_20130322_strange_computer,E8,E16,0,0.823662,0.021485,0.044372,0.110481
nyt_20130322_strange_computer,E11,E14,0,0.863734,0.007790,0.029409,0.099067
nyt_20130322_strange_computer,E11,E16,1,0.000831,0.955208,0.010929,0.033032
nyt_20130322_strange_computer,E14,E19,3,0.222169,0.325338,0.106505,0.345987
nyt_20130322_strange_computer,E14,E22,1,0.084684,0.504792,0.088449,0.322076
nyt_20130322_strange_computer,E14,E23,1,0.004043,0.889488,0.027265,0.079204
nyt_20130322_strange_computer,E16,E19,0,0.991509,0.000052,0.001927,0.006512
nyt_20130322_strange_computer,E16,E22,0,0.987124,0.000105,0.002955,0.009815
nyt_20130322_strange_computer,E16,E23,0,0.867190,0.008653,0.033004,0.091153
nyt_20130322_strange_computer,E19,E24,0,0.565858,0.099562,0.076738,0.257842
nyt_20130322_strange_computer,E22,E24,0,0.809763,0.020295,0.038592,0.131351
nyt_20130322_strange_computer,E23,E24,0,0.955221,0.001073,0.010967,0.032738
CNN_20130321_821,E4,E5,0,0.736645,0.025391,0.058018,0.179947
CNN_20130321_821,E5,E8,3,0.354449,0.144966,0.097980,0.402605
CNN_20130321_821,E8,E1000,0,0.839253,0.008683,0.032837,0.119228
CNN_20130321_821,E1002,E20,0,0.641391,0.036705,0.078636,0.243268
nyt_20130321_cyprus,E2,E5,1,0.036961,0.698429,0.064080,0.200531
nyt_20130321_cyprus,E7,E2009,1,0.008179,0.830342,0.033245,0.128235
nyt_20130321_cyprus,E13,E15,3,0.189037,0.289683,0.102084,0.419196
nyt_20130321_cyprus,E22,E23,1,0.059793,0.560077,0.073279,0.306851
nyt_20130321_cyprus,E22,E24,1,0.000010,0.995733,0.000753,0.003505
nyt_20130321_cyprus,E23,E24,1,0.000171,0.980738,0.004277,0.014814
nyt_20130321_cyprus,E33,E35,0,0.807050,0.016520,0.040410,0.136021
nyt_20130321_cyprus,E41,E42,1,0.002226,0.910364,0.019773,0.067636
nyt_20130321_cyprus,E46,E47,0,0.985682,0.000141,0.002749,0.011427
nyt_20130321_cyprus,E48,E51,0,0.982762,0.000165,0.003915,0.013159
nyt_20130321_cyprus,E2,E7,0,0.948630,0.001170,0.011465,0.038735
nyt_20130321_cyprus,E2,E2009,0,0.461187,0.120511,0.097367,0.320934
nyt_20130321_cyprus,E5,E7,0,0.990970,0.000058,0.002034,0.006939
nyt_20130321_cyprus,E5,E2009,0,0.897924,0.004806,0.022908,0.074362
nyt_20130321_cyprus,E7,E9,1,0.000104,0.984355,0.003247,0.012293
nyt_20130321_cyprus,E2009,E9,1,0.015456,0.812715,0.038702,0.133128
nyt_20130321_cyprus,E10,E13,0,0.996259,0.000013,0.000799,0.002930
nyt_20130321_cyprus,E10,E15,0,0.995002,0.000020,0.001064,0.003914
nyt_20130321_cyprus,E13,E21,0,0.721727,0.026298,0.053546,0.198428
nyt_20130321_cyprus,E15,E21,0,0.884693,0.004919,0.022965,0.087424
nyt_20130321_cyprus,E21,E22,0,0.826144,0.012278,0.033874,0.127704
nyt_20130321_cyprus,E21,E23,3,0.298621,0.215549,0.095649,0.390180
nyt_20130321_cyprus,E21,E24,1,0.000014,0.995176,0.000902,0.003909
nyt_20130321_cyprus,E22,E25,1,0.000676,0.952643,0.010115,0.036566
nyt_20130321_cyprus,E23,E25,1,0.109633,0.482927,0.093163,0.314277
nyt_20130321_cyprus,E24,E25,0,0.976367,0.000357,0.005724,0.017552
nyt_20130321_cyprus,E33,E36,0,0.598614,0.049972,0.070442,0.280973
nyt_20130321_cyprus,E35,E36,1,0.159669,0.377903,0.088993,0.373435
nyt_20130321_cyprus,E36,E41,0,0.954951,0.000763,0.009620,0.034667
nyt_20130321_cyprus,E36,E42,1,0.033980,0.682997,0.061211,0.221812
nyt_20130321_cyprus,E46,E48,1,0.098524,0.557332,0.075728,0.268416
nyt_20130321_cyprus,E46,E51,0,0.993267,0.000034,0.001473,0.005226
nyt_20130321_cyprus,E47,E48,1,0.000102,0.984096,0.003113,0.012689
nyt_20130321_cyprus,E47,E51,0,0.778454,0.022411,0.038769,0.160367
nyt_20130321_cyprus,E48,E57,1,0.002122,0.917202,0.018385,0.062290
nyt_20130321_cyprus,E51,E57,1,0.000029,0.991542,0.001559,0.006870
bbc_20130322_1353,E1,E5,1,0.000020,0.993311,0.001221,0.005448
bbc_20130322_1353,E8,E10,1,0.000046,0.990768,0.001941,0.007244
bbc_20130322_1353,E15,E16,1,0.000730,0.943568,0.010551,0.045151
bbc_20130322_1353,E19,E20,1,0.000325,0.983692,0.004267,0.011716
bbc_20130322_1353,E19,E21,1,0.000028,0.994534,0.001265,0.004172
bbc_20130322_1353,E20,E21,1,0.011670,0.899166,0.022754,0.066410
bbc_20130322_1353,E23,E25,1,0.013461,0.819442,0.033904,0.133193
bbc_20130322_1353,E23,E26,1,0.001899,0.942460,0.013573,0.042068
bbc_20130322_1353,E23,E27,1,0.000018,0.994781,0.001051,0.004150
bbc_20130322_1353,E25,E26,1,0.000807,0.966378,0.007116,0.025699
bbc_20130322_1353,E25,E27,1,0.000029,0.993538,0.001372,0.005061
bbc_20130322_1353,E26,E27,1,0.000818,0.966634,0.007775,0.024773
bbc_20130322_1353,E28,E29,1,0.000051,0.990630,0.002002,0.007317
bbc_20130322_1353,E28,E31,1,0.000072,0.988639,0.002466,0.008824
bbc_20130322_1353,E29,E31,0,0.348792,0.317972,0.076581,0.256655
bbc_20130322_1353,E33,E34,0,0.886118,0.006760,0.022196,0.084926
bbc_20130322_1353,E35,E36,3,0.257746,0.275413,0.098090,0.368751
bbc_20130322_1353,E35,E37,1,0.000300,0.965307,0.006807,0.027587
bbc_20130322_1353,E36,E37,1,0.000367,0.962815,0.007051,0.029767
bbc_20130322_1353,E1,E8,3,0.335203,0.148708,0.088290,0.427800
bbc_20130322_1353,E1,E10,1,0.000028,0.992333,0.001486,0.006152
bbc_20130322_1353,E5,E8,0,0.993744,0.000025,0.001238,0.004994
bbc_20130322_1353,E5,E10,1,0.060119,0.693194,0.059953,0.186733
bbc_20130322_1353,E8,E11,0,0.545235,0.065260,0.071608,0.317897
bbc_20130322_1353,E10,E11,0,0.993315,0.000033,0.001426,0.005226
bbc_20130322_1353,E11,E13,3,0.124594,0.377329,0.095460,0.402616
bbc_20130322_1353,E13,E15,0,0.992845,0.000035,0.001514,0.005605
bbc_20130322_1353,E13,E16,0,0.907843,0.003397,0.018452,0.070309
bbc_20130322_1353,E15,E17,1,0.000200,0.968270,0.005545,0.025985
bbc_20130322_1353,E16,E17,1,0.083484,0.449441,0.085990,0.381084
bbc_20130322_1353,E17,E19,3,0.319127,0.265329,0.093181,0.322363
bbc_20130322_1353,E17,E20,1,0.000145,0.983972,0.003775,0.012108
bbc_20130322_1353,E17,E21,1,0.000163,0.981647,0.004200,0.013989
bbc_20130322_1353,E19,E23,0,0.889455,0.009172,0.024191,0.077183
bbc_20130322_1353,E19,E25,0,0.958711,0.001437,0.008922,0.030931
bbc_20130322_1353,E19,E26,1,0.268347,0.412501,0.081137,0.238015
bbc_20130322_1353,E19,E27,1,0.001052,0.965637,0.008303,0.025008
bbc_20130322_1353,E20,E23,0,0.993514,0.000048,0.001504,0.004934
bbc_20130322_1353,E20,E25,0,0.988457,0.000158,0.002377,0.009008
bbc_20130322_1353,E20,E26,0,0.860968,0.021803,0.028126,0.089103
bbc_20130322_1353,E20,E27,0,0.368278,0.335220,0.073127,0.223375
bbc_20130322_1353,E21,E23,0,0.996410,0.000015,0.000818,0.002757
bbc_20130322_1353,E21,E25,0,0.995699,0.000024,0.000934,0.003343
bbc_20130322_1353,E21,E26,0,0.948803,0.003480,0.011960,0.035756
bbc_20130322_1353,E21,E27,0,0.699258,0.092436,0.053651,0.154656
bbc_20130322_1353,E23,E28,0,0.803522,0.019079,0.039510,0.137889
bbc_20130322_1353,E23,E29,1,0.009106,0.876744,0.027564,0.086586
bbc_20130322_1353,E23,E31,1,0.017214,0.823745,0.035838,0.123204
bbc_20130322_1353,E25,E28,0,0.801794,0.024760,0.034054,0.139393
bbc_20130322_1353,E25,E29,1,0.008393,0.893076,0.020958,0.077573
bbc_20130322_1353,E25,E31,1,0.049882,0.729264,0.045108,0.175745
bbc_20130322_1353,E26,E28,0,0.973598,0.000531,0.005567,0.020303
bbc_20130322_1353,E26,E29,1,0.202719,0.469219,0.075819,0.252244
bbc_20130322_1353,E26,E31,0,0.547942,0.145280,0.068573,0.238205
bbc_20130322_1353,E27,E28,0,0.994737,0.000029,0.001197,0.004037
bbc_20130322_1353,E27,E29,0,0.698140,0.080574,0.054205,0.167081
bbc_20130322_1353,E27,E31,0,0.889928,0.011961,0.023239,0.074872
bbc_20130322_1353,E28,E33,1,0.090800,0.580342,0.071185,0.257674
bbc_20130322_1353,E28,E34,0,0.823473,0.016074,0.032161,0.128292
bbc_20130322_1353,E29,E33,0,0.947544,0.002146,0.010943,0.039366
bbc_20130322_1353,E29,E34,0,0.987768,0.000109,0.002311,0.009812
bbc_20130322_1353,E31,E33,0,0.924202,0.005686,0.015351,0.054761
bbc_20130322_1353,E31,E34,0,0.976185,0.000481,0.004435,0.018899
bbc_20130322_1353,E33,E35,0,0.996577,0.000009,0.000687,0.002727
bbc_20130322_1353,E33,E36,0,0.992099,0.000041,0.001679,0.006182
bbc_20130322_1353,E33,E37,1,0.149266,0.408264,0.098120,0.344350
bbc_20130322_1353,E34,E35,0,0.993699,0.000024,0.001197,0.005079
bbc_20130322_1353,E34,E36,0,0.985214,0.000112,0.002716,0.011957
bbc_20130322_1353,E34,E37,1,0.155334,0.396553,0.086934,0.361178
nyt_20130321_women_senate,E1000009,E2,0,0.675419,0.054910,0.056843,0.212827
nyt_20130321_women_senate,E4,E5,1,0.000161,0.983059,0.003989,0.012791
nyt_20130321_women_senate,E4,E6,1,0.135082,0.485425,0.084105,0.295387
nyt_20130321_women_senate,E5,E6,0,0.950496,0.001457,0.011157,0.036891
nyt_20130321_women_senate,E9,E10,0,0.990651,0.000061,0.002094,0.007194
nyt_20130321_women_senate,E11,E12,0,0.909549,0.005544,0.021689,0.063217
nyt_20130321_women_senate,E14,E15,1,0.010327,0.852244,0.036848,0.100580
nyt_20130321_women_senate,E16,E17,1,0.158836,0.384766,0.089720,0.366678
nyt_20130321_women_senate,E19,E20,1,0.000397,0.972379,0.006789,0.020435
nyt_20130321_women_senate,E19,E21,1,0.003122,0.905814,0.023021,0.068043
nyt_20130321_women_senate,E20,E21,0,0.547211,0.093624,0.090054,0.269112
nyt_20130321_women_senate,E23,E24,0,0.947394,0.001355,0.011990,0.039262
nyt_20130321_women_senate,E26,E27,0,0.489450,0.154331,0.097056,0.259164
nyt_20130321_women_senate,E26,E1000014,0,0.520826,0.139208,0.093212,0.246753
nyt_20130321_women_senate,E27,E1000014,1,0.085462,0.572828,0.089025,0.252685
nyt_20130321_women_senate,E37,E1000015,3,0.209228,0.274914,0.102735,0.413123
nyt_20130321_women_senate,E40,E41,0,0.951839,0.000944,0.010036,0.037181
nyt_20130321_women_senate,E40,E42,0,0.809651,0.012450,0.036714,0.141185
nyt_20130321_women_senate,E41,E42,3,0.221677,0.272228,0.106219,0.399876
nyt_20130321_women_senate,E43,E47,0,0.990117,0.000067,0.002260,0.007557
nyt_20130321_women_senate,E43,E48,0,0.984407,0.000156,0.003767,0.011670
nyt_20130321_women_senate,E47,E48,0,0.380452,0.176786,0.105521,0.337242
nyt_20130321_women_senate,E49,E50,0,0.987724,0.000094,0.002752,0.009430
nyt_20130321_women_senate,E49,E53,1,0.002751,0.931599,0.017132,0.048518
nyt_20130321_women_senate,E50,E53,1,0.000031,0.992668,0.001510,0.005791
nyt_20130321_women_senate,E1000009,E4,0,0.940071,0.001696,0.012730,0.045503
nyt_20130321_women_senate,E1000009,E5,1,0.000213,0.981404,0.004542,0.013842
nyt_20130321_women_senate,E1000009,E6,1,0.232877,0.369972,0.087287,0.309864
nyt_20130321_women_senate,E2,E4,0,0.969976,0.000438,0.006343,0.023243
nyt_20130321_women_senate,E2,E5,1,0.000904,0.959630,0.009782,0.029684
nyt_20130321_women_senate,E2,E6,0,0.599540,0.088876,0.065497,0.246087
nyt_20130321_women_senate,E4,E7,0,0.890911,0.004666,0.022731,0.081692
nyt_20130321_women_senate,E5,E7,0,0.994421,0.000023,0.001178,0.004378
nyt_20130321_women_senate,E6,E7,0,0.975311,0.000329,0.005250,0.019110
nyt_20130321_women_senate,E7,E8,1,0.000424,0.965657,0.007178,0.026740
nyt_20130321_women_senate,E8,E9,0,0.966368,0.000823,0.007299,0.025510
nyt_20130321_women_senate,E8,E10,0,0.998625,0.000002,0.000258,0.001114
nyt_20130321_women_senate,E11,E1000012,0,0.820945,0.016897,0.038346,0.123813
nyt_20130321_women_senate,E12,E1000012,1,0.094097,0.558339,0.078776,0.268789
nyt_20130321_women_senate,E14,E16,0,0.974239,0.000353,0.005794,0.019615
nyt_20130321_women_senate,E14,E17,0,0.950435,0.001126,0.010905,0.037534
nyt_20130321_women_senate,E15,E16,0,0.985102,0.000136,0.003451,0.011311
nyt_20130321_women_senate,E15,E17,0,0.975737,0.000314,0.005715,0.018233
nyt_20130321_women_senate,E16,E19,0,0.329034,0.250939,0.098065,0.321963
nyt_20130321_women_senate,E16,E20,1,0.000137,0.982133,0.003785,0.013946
nyt_20130321_women_senate,E16,E21,1,0.000725,0.950928,0.010615,0.037732
nyt_20130321_women_senate,E17,E19,0,0.654865,0.060569,0.067848,0.216718
nyt_20130321_women_senate,E17,E20,1,0.000405,0.968068,0.007270,0.024257
nyt_20130321_women_senate,E17,E21,1,0.003702,0.887740,0.024494,0.084064
nyt_20130321_women_senate,E19,E22,3,0.244757,0.310113,0.098289,0.346842
nyt_20130321_women_senate,E20,E22,0,0.941066,0.001542,0.012588,0.044805
nyt_20130321_women_senate,E21,E22,0,0.942157,0.001445,0.012941,0.043457
nyt_20130321_women_senate,E22,E23,0,0.643740,0.049260,0.059561,0.247439
nyt_20130321_women_senate,E22,E24,0,0.988456,0.000080,0.002389,0.009075
nyt_20130321_women_senate,E23,E25,0,0.941826,0.001312,0.012511,0.044350
nyt_20130321_women_senate,E24,E25,0,0.481438,0.110396,0.081459,0.326707
nyt_20130321_women_senate,E25,E26,1,0.000184,0.980981,0.004416,0.014419
nyt_20130321_women_senate,E25,E27,1,0.002104,0.922824,0.017746,0.057326
nyt_20130321_women_senate,E25,E1000014,1,0.001254,0.937941,0.014026,0.046779
nyt_20130321_women_senate,E26,E29,0,0.450070,0.140234,0.113693,0.296003
nyt_20130321_women_senate,E27,E29,1,0.144426,0.408062,0.114992,0.332520
nyt_20130321_women_senate,E1000014,E29,1,0.088522,0.528579,0.097730,0.285169
nyt_20130321_women_senate,E29,E36,0,0.985858,0.000113,0.003191,0.010838
nyt_20130321_women_senate,E36,E37,0,0.554279,0.074863,0.075491,0.295367
nyt_20130321_women_senate,E36,E1000015,0,0.576549,0.065393,0.072316,0.285742
nyt_20130321_women_senate,E37,E40,1,0.000109,0.979739,0.003671,0.016481
nyt_20130321_women_senate,E37,E41,1,0.066249,0.480908,0.087888,0.364955
nyt_20130321_women_senate,E37,E42,1,0.002826,0.873653,0.024132,0.099390
nyt_20130321_women_senate,E1000015,E40,1,0.002549,0.899906,0.019533,0.078012
nyt_20130321_women_senate,E1000015,E41,0,0.539944,0.063781,0.077080,0.319195
nyt_20130321_women_senate,E1000015,E42,1,0.059544,0.530013,0.079664,0.330779
nyt_20130321_women_senate,E40,E43,3,0.265587,0.314446,0.098264,0.321703
nyt_20130321_women_senate,E40,E47,0,0.946671,0.001223,0.011628,0.040478
nyt_20130321_women_senate,E40,E48,0,0.897561,0.004349,0.022329,0.075761
nyt_20130321_women_senate,E41,E43,1,0.009915,0.840674,0.035837,0.113574
nyt_20130321_women_senate,E41,E47,0,0.617365,0.051526,0.073775,0.257333
nyt_20130321_women_senate,E41,E48,0,0.407946,0.146851,0.102925,0.342278
nyt_20130321_women_senate,E42,E43,1,0.090151,0.577094,0.080944,0.251811
nyt_20130321_women_senate,E42,E47,0,0.877979,0.005834,0.026447,0.089740
nyt_20130321_women_senate,E42,E48,0,0.770979,0.021231,0.048691,0.159099
nyt_20130321_women_senate,E43,E49,0,0.953723,0.001298,0.011427,0.033552
nyt_20130321_women_senate,E43,E50,0,0.997764,0.000005,0.000435,0.001797
nyt_20130321_women_senate,E43,E53,1,0.020418,0.827585,0.040108,0.111889
nyt_20130321_women_senate,E47,E49,1,0.092325,0.548227,0.086948,0.272501
nyt_20130321_women_senate,E47,E50,0,0.947745,0.001144,0.011044,0.040067
nyt_20130321_women_senate,E47,E53,1,0.000051,0.990967,0.002000,0.006982
nyt_20130321_women_senate,E48,E49,0,0.622193,0.066311,0.076881,0.234615
nyt_20130321_women_senate,E48,E50,0,0.989767,0.000065,0.002241,0.007927
nyt_20130321_women_senate,E48,E53,1,0.000388,0.972880,0.006789,0.019942
bbc_20130322_1150,E1,E2,0,0.977996,0.000465,0.006062,0.015476
bbc_20130322_1150,E6,E7,1,0.005236,0.852200,0.030830,0.111734
bbc_20130322_1150,E8,E10,1,0.051631,0.701429,0.067925,0.179015
bbc_20130322_1150,E8,E11,0,0.387515,0.231419,0.109175,0.271891
bbc_20130322_1150,E10,E11,0,0.658558,0.078667,0.073779,0.188996
bbc_20130322_1150,E14,E15,1,0.031929,0.721360,0.053733,0.192978
bbc_20130322_1150,E14,E17,0,0.436787,0.159062,0.082568,0.321583
bbc_20130322_1150,E15,E17,0,0.854258,0.011033,0.029519,0.105190
bbc_20130322_1150,E19,E20,0,0.372661,0.217569,0.093812,0.315959
bbc_20130322_1150,E19,E21,0,0.853356,0.009828,0.030519,0.106296
bbc_20130322_1150,E20,E21,0,0.811943,0.017495,0.035309,0.135253
bbc_20130322_1150,E23,E24,1,0.052075,0.616935,0.079156,0.251834
bbc_20130322_1150,E29,E30,0,0.996056,0.000015,0.000856,0.003074
bbc_20130322_1150,E53,E35,0,0.998495,0.000002,0.000278,0.001225
bbc_20130322_1150,E39,E40,0,0.973792,0.000364,0.005424,0.020421
bbc_20130322_1150,E41,E42,1,0.000073,0.990620,0.002324,0.006983
bbc_20130322_1150,E41,E43,1,0.012513,0.855963,0.039155,0.092369
bbc_20130322_1150,E42,E43,0,0.990067,0.000086,0.002474,0.007373
bbc_20130322_1150,E1,E3,0,0.994498,0.000030,0.001289,0.004183
bbc_20130322_1150,E2,E3,0,0.770040,0.036552,0.048711,0.144697
bbc_20130322_1150,E3,E4,1,0.000344,0.977266,0.005976,0.016414
bbc_20130322_1150,E4,E6,0,0.998056,0.000004,0.000368,0.001572
bbc_20130322_1150,E4,E7,0,0.976355,0.000313,0.005579,0.017753
bbc_20130322_1150,E6,E8,1,0.000111,0.983615,0.003409,0.012865
bbc_20130322_1150,E6,E10,1,0.000118,0.983861,0.003489,0.012532
bbc_20130322_1150,E6,E11,1,0.000889,0.951929,0.011728,0.035453
bbc_20130322_1150,E7,E8,1,0.046895,0.715687,0.059293,0.178126
bbc_20130322_1150,E7,E10,1,0.067785,0.668310,0.068475,0.195430
bbc_20130322_1150,E7,E11,0,0.453919,0.186686,0.098533,0.260863
bbc_20130322_1150,E8,E12,0,0.703305,0.042433,0.064578,0.189683
bbc_20130322_1150,E10,E12,0,0.909089,0.005337,0.021954,0.063620
bbc_20130322_1150,E11,E12,0,0.702452,0.051846,0.067840,0.177863
bbc_20130322_1150,E12,E14,0,0.646721,0.048836,0.067951,0.236492
bbc_20130322_1150,E12,E15,0,0.720678,0.035909,0.057717,0.185696
bbc_20130322_1150,E12,E17,0,0.985196,0.000140,0.003527,0.011137
bbc_20130322_1150,E18,E19,0,0.979440,0.000265,0.005174,0.015121
bbc_20130322_1150,E18,E20,0,0.966740,0.000590,0.008280,0.024390
bbc_20130322_1150,E18,E21,0,0.923980,0.002256,0.017622,0.056141
bbc_20130322_1150,E19,E23,0,0.935794,0.001539,0.013498,0.049169
bbc_20130322_1150,E19,E24,1,0.118383,0.484921,0.094726,0.301969
bbc_20130322_1150,E20,E23,0,0.948001,0.001044,0.010474,0.040480
bbc_20130322_1150,E20,E24,1,0.150136,0.442283,0.093971,0.313610
bbc_20130322_1150,E21,E23,0,0.829883,0.008774,0.031255,0.130088
bbc_20130322_1150,E21,E24,1,0.016664,0.775732,0.045558,0.162045
bbc_20130322_1150,E28,E29,1,0.000004,0.997671,0.000437,0.001888
bbc_20130322_1150,E28,E30,1,0.026692,0.736059,0.050157,0.187093
bbc_20130322_1150,E29,E34,0,0.999511,0.000000,0.000084,0.000405
bbc_20130322_1150,E30,E34,0,0.978077,0.000243,0.004723,0.016957
bbc_20130322_1150,E34,E53,1,0.000161,0.980929,0.004174,0.014736
bbc_20130322_1150,E34,E35,0,0.961094,0.000696,0.007976,0.030234
bbc_20130322_1150,E53,E36,0,0.995269,0.000016,0.000968,0.003747
bbc_20130322_1150,E35,E36,1,0.092136,0.482402,0.083556,0.341906
bbc_20130322_1150,E36,E39,1,0.000289,0.965521,0.006663,0.027526
bbc_20130322_1150,E36,E40,1,0.048885,0.577282,0.075193,0.298641
bbc_20130322_1150,E39,E41,0,0.993391,0.000037,0.001512,0.005060
bbc_20130322_1150,E39,E42,1,0.013878,0.846091,0.038455,0.101576
bbc_20130322_1150,E39,E43,0,0.937243,0.002626,0.015356,0.044775
bbc_20130322_1150,E40,E41,0,0.867894,0.009386,0.026413,0.096308
bbc_20130322_1150,E40,E42,1,0.000080,0.987624,0.002672,0.009625
bbc_20130322_1150,E40,E43,1,0.246572,0.345342,0.091152,0.316933
bbc_20130322_1150,E41,E44,0,0.872575,0.013901,0.036047,0.077477
bbc_20130322_1150,E42,E44,0,0.996118,0.000017,0.000889,0.002976
bbc_20130322_1150,E43,E44,0,0.517361,0.147821,0.088956,0.245862
bbc_20130322_332,E1,E2,0,0.590168,0.066186,0.072837,0.270810
bbc_20130322_332,E1,E3,1,0.010226,0.824977,0.034484,0.130312
bbc_20130322_332,E1,E4,1,0.000012,0.995238,0.000863,0.003887
bbc_20130322_332,E2,E3,1,0.009257,0.830014,0.037138,0.123590
bbc_20130322_332,E2,E4,1,0.000006,0.996823,0.000551,0.002621
bbc_20130322_332,E3,E4,1,0.000069,0.989903,0.002337,0.007690
bbc_20130322_332,E12,E13,1,0.008789,0.829973,0.035761,0.125477
bbc_20130322_332,E17,E18,1,0.021521,0.747788,0.053883,0.176809
bbc_20130322_332,E22,E23,0,0.995114,0.000021,0.001067,0.003798
bbc_20130322_332,E27,E28,1,0.173624,0.438363,0.102540,0.285472
bbc_20130322_332,E27,E29,0,0.992495,0.000047,0.001736,0.005722
bbc_20130322_332,E28,E29,0,0.992567,0.000047,0.001728,0.005658
bbc_20130322_332,E31,E33,1,0.002670,0.925291,0.016849,0.055190
bbc_20130322_332,E31,E34,1,0.018228,0.812281,0.044339,0.125152
bbc_20130322_332,E31,E35,1,0.010118,0.856757,0.031576,0.101549
bbc_20130322_332,E33,E34,0,0.500223,0.177074,0.075178,0.247525
bbc_20130322_332,E33,E35,0,0.488537,0.176185,0.075147,0.260130
bbc_20130322_332,E34,E35,0,0.592716,0.124168,0.064294,0.218821
bbc_20130322_332,E37,E38,0,0.722939,0.027839,0.048877,0.200345
bbc_20130322_332,E37,E40,0,0.454300,0.109219,0.086203,0.350278
bbc_20130322_332,E38,E40,0,0.473063,0.118846,0.082146,0.325946
bbc_20130322_332,E1,E5,0,0.543118,0.077004,0.075134,0.304744
bbc_20130322_332,E2,E5,0,0.726357,0.028524,0.053448,0.191671
bbc_20130322_332,E3,E5,0,0.943573,0.001757,0.012590,0.042080
bbc_20130322_332,E4,E5,0,0.995501,0.000017,0.000964,0.003517
bbc_20130322_332,E5,E9,1,0.000598,0.956018,0.009651,0.033733
bbc_20130322_332,E9,E11,1,0.002275,0.921665,0.020262,0.055798
bbc_20130322_332,E11,E12,0,0.967612,0.000554,0.008166,0.023668
bbc_20130322_332,E11,E13,0,0.853342,0.008989,0.037769,0.099900
bbc_20130322_332,E12,E17,1,0.006769,0.853744,0.029676,0.109811
bbc_20130322_332,E12,E18,1,0.001282,0.936397,0.013732,0.048589
bbc_20130322_332,E13,E17,1,0.139779,0.406325,0.104742,0.349153
bbc_20130322_332,E13,E18,1,0.063724,0.573438,0.084502,0.278337
bbc_20130322_332,E17,E19,0,0.873773,0.005835,0.027036,0.093356
bbc_20130322_332,E18,E19,0,0.944307,0.001342,0.012772,0.041580
bbc_20130322_332,E19,E22,1,0.001144,0.940053,0.014049,0.044753
bbc_20130322_332,E19,E23,0,0.990201,0.000070,0.002282,0.007447
bbc_20130322_332,E22,E24,1,0.035296,0.731913,0.055903,0.176888
bbc_20130322_332,E23,E24,1,0.000065,0.988364,0.002377,0.009194
bbc_20130322_332,E27,E30,0,0.984861,0.000168,0.003674,0.011297
bbc_20130322_332,E28,E30,0,0.985487,0.000163,0.003571,0.010779
bbc_20130322_332,E29,E30,3,0.288497,0.308864,0.084833,0.317806
bbc_20130322_332,E30,E31,0,0.460827,0.148709,0.082847,0.307617
bbc_20130322_332,E30,E33,1,0.101233,0.568174,0.074729,0.255864
bbc_20130322_332,E30,E34,1,0.100466,0.587467,0.070705,0.241363
bbc_20130322_332,E30,E35,1,0.089080,0.600332,0.067762,0.242826
bbc_20130322_332,E31,E36,1,0.053065,0.686866,0.066193,0.193876
bbc_20130322_332,E33,E36,0,0.718542,0.058365,0.052776,0.170316
bbc_20130322_332,E34,E36,0,0.780818,0.040803,0.042671,0.135707
bbc_20130322_332,E35,E36,0,0.828035,0.030601,0.033561,0.107803
bbc_20130322_332,E36,E37,0,0.992013,0.000042,0.001615,0.006329
bbc_20130322_332,E36,E38,0,0.997018,0.000008,0.000599,0.002375
bbc_20130322_332,E36,E40,0,0.990668,0.000058,0.002073,0.007202
bbc_20130322_1600,E2,E5,0,0.874098,0.008906,0.025846,0.091150
bbc_20130322_1600,E6,E7,1,0.003068,0.935672,0.019501,0.041759
bbc_20130322_1600,E6,E8,0,0.968044,0.000652,0.008261,0.023044
bbc_20130322_1600,E6,E9,0,0.973767,0.000617,0.006947,0.018668
bbc_20130322_1600,E7,E8,0,0.998682,0.000002,0.000265,0.001052
bbc_20130322_1600,E7,E9,0,0.996200,0.000019,0.000896,0.002884
bbc_20130322_1600,E8,E9,1,0.040360,0.749953,0.047573,0.162114
bbc_20130322_1600,E10,E11,0,0.577376,0.098107,0.070930,0.253588
bbc_20130322_1600,E10,E12,0,0.912909,0.003968,0.017414,0.065709
bbc_20130322_1600,E11,E12,0,0.901506,0.004731,0.019236,0.074528
bbc_20130322_1600,E16,E20,1,0.094638,0.554221,0.079049,0.272092
bbc_20130322_1600,E21,E22,0,0.878814,0.007927,0.023645,0.089614
bbc_20130322_1600,E2,E6,0,0.547054,0.129827,0.082841,0.240278
bbc_20130322_1600,E2,E7,1,0.090639,0.627434,0.079824,0.202102
bbc_20130322_1600,E2,E8,0,0.997250,0.000008,0.000571,0.002171
bbc_20130322_1600,E2,E9,0,0.985177,0.000183,0.003544,0.011096
bbc_20130322_1600,E5,E6,1,0.172966,0.505447,0.078392,0.243194
bbc_20130322_1600,E5,E7,1,0.003159,0.938903,0.015559,0.042379
bbc_20130322_1600,E5,E8,0,0.992553,0.000053,0.001669,0.005725
bbc_20130322_1600,E5,E9,0,0.934078,0.004044,0.014096,0.047782
bbc_20130322_1600,E6,E10,1,0.043624,0.724622,0.059872,0.171882
bbc_20130322_1600,E6,E11,0,0.752682,0.036148,0.052944,0.158225
bbc_20130322_1600,E6,E12,0,0.930655,0.003009,0.016093,0.050244
bbc_20130322_1600,E7,E10,0,0.639089,0.101927,0.068401,0.190582
bbc_20130322_1600,E7,E11,0,0.707627,0.055116,0.057537,0.179720
bbc_20130322_1600,E7,E12,0,0.981791,0.000257,0.004341,0.013611
bbc_20130322_1600,E8,E10,1,0.000022,0.993827,0.001201,0.004950
bbc_20130322_1600,E8,E11,1,0.000079,0.986250,0.002677,0.010994
bbc_20130322_1600,E8,E12,1,0.001499,0.936015,0.012052,0.050434
bbc_20130322_1600,E9,E10,1,0.001413,0.954336,0.009658,0.034592
bbc_20130322_1600,E9,E11,1,0.014011,0.840166,0.029591,0.116232
bbc_20130322_1600,E9,E12,1,0.203432,0.401479,0.078446,0.316643
bbc_20130322_1600,E10,E13,0,0.996967,0.000009,0.000631,0.002393
bbc_20130322_1600,E11,E13,0,0.996561,0.000011,0.000720,0.002708
bbc_20130322_1600,E12,E13,0,0.993566,0.000032,0.001396,0.005006
bbc_20130322_1600,E13,E30,1,0.015819,0.801691,0.037971,0.144520
bbc_20130322_1600,E30,E14,0,0.949847,0.001304,0.010687,0.038162
bbc_20130322_1600,E14,E16,0,0.673830,0.044648,0.065920,0.215602
bbc_20130322_1600,E14,E20,3,0.207581,0.284226,0.121664,0.386530
bbc_20130322_1600,E16,E21,1,0.061451,0.627142,0.066369,0.245038
bbc_20130322_1600,E16,E22,0,0.722306,0.034033,0.049681,0.193980
bbc_20130322_1600,E20,E21,3,0.288770,0.282729,0.095712,0.332789
bbc_20130322_1600,E20,E22,0,0.931832,0.002222,0.014420,0.051526
bbc_20130322_1600,E21,E25,0,0.994655,0.000020,0.001078,0.004247
bbc_20130322_1600,E22,E25,0,0.967170,0.000450,0.005992,0.026388
WSJ_20130322_804,E1,E2002,0,0.974529,0.000339,0.005581,0.019551
WSJ_20130322_804,E11,E13,0,0.834283,0.007756,0.030316,0.127646
WSJ_20130322_804,E11,E14,1,0.007044,0.842156,0.033404,0.117396
WSJ_20130322_804,E13,E14,1,0.001486,0.921089,0.016845,0.060580
WSJ_20130322_804,E22,E23,3,0.220361,0.270949,0.097929,0.410760
WSJ_20130322_804,E25,E26,3,0.197370,0.329073,0.114776,0.358781
WSJ_20130322_804,E25,E30,0,0.985505,0.000129,0.003380,0.010987
WSJ_20130322_804,E26,E30,0,0.975431,0.000289,0.005299,0.018981
WSJ_20130322_804,E9,E11,0,0.409490,0.135530,0.094613,0.360367
WSJ_20130322_804,E9,E13,0,0.950509,0.000850,0.009703,0.038938
WSJ_20130322_804,E9,E14,1,0.075954,0.538472,0.085806,0.299768
WSJ_20130322_804,E11,E16,1,0.058143,0.587819,0.067413,0.286625
WSJ_20130322_804,E13,E16,1,0.008748,0.807058,0.034644,0.149550
WSJ_20130322_804,E14,E16,3,0.163562,0.369207,0.094302,0.372929
WSJ_20130322_804,E16,E17,0,0.989524,0.000057,0.002049,0.008370
WSJ_20130322_804,E17,E18,1,0.000126,0.981055,0.003791,0.015029
WSJ_20130322_804,E21,E22,0,0.876178,0.005664,0.025828,0.092331
WSJ_20130322_804,E21,E23,3,0.211232,0.282383,0.094844,0.411541
WSJ_20130322_804,E22,E25,3,0.340330,0.162321,0.109749,0.387600
WSJ_20130322_804,E22,E26,0,0.623454,0.042801,0.070837,0.262907
WSJ_20130322_804,E22,E30,0,0.944233,0.001214,0.012073,0.042480
WSJ_20130322_804,E23,E25,0,0.637158,0.043995,0.066396,0.252451
WSJ_20130322_804,E23,E26,0,0.795341,0.013099,0.038027,0.153533
WSJ_20130322_804,E23,E30,0,0.963060,0.000566,0.007394,0.028980
WSJ_20130322_804,E25,E33,0,0.967431,0.000472,0.007750,0.024347
WSJ_20130322_804,E26,E33,0,0.968478,0.000410,0.006824,0.024288
WSJ_20130322_804,E30,E33,3,0.304330,0.160022,0.105810,0.429838
WSJ_20130322_804,E33,E35,1,0.054681,0.591659,0.083165,0.270496
WSJ_20130318_731,E1,E2,1,0.027711,0.737745,0.061971,0.172572
WSJ_20130318_731,E1,E3,1,0.011557,0.831367,0.041690,0.115387
WSJ_20130318_731,E2,E3,1,0.045072,0.684506,0.067116,0.203307
WSJ_20130318_731,E11,E12,1,0.000497,0.961869,0.008486,0.029148
WSJ_20130318_731,E11,E13,1,0.005333,0.859451,0.033831,0.101385
WSJ_20130318_731,E12,E13,0,0.630270,0.051900,0.075255,0.242575
WSJ_20130318_731,E20,E21,0,0.998307,0.000003,0.000319,0.001372
WSJ_20130318_731,E20,E22,0,0.996232,0.000012,0.000764,0.002993
WSJ_20130318_731,E21,E22,0,0.537623,0.065610,0.080868,0.315899
WSJ_20130318_731,E9,E10,1,0.000612,0.963222,0.009125,0.027041
WSJ_20130318_731,E10,E11,0,0.997419,0.000007,0.000527,0.002047
WSJ_20130318_731,E10,E12,0,0.974971,0.000563,0.005900,0.018565
WSJ_20130318_731,E10,E13,0,0.992352,0.000052,0.001804,0.005792
WSJ_20130318_731,E11,E14,1,0.036415,0.664518,0.072369,0.226698
WSJ_20130318_731,E12,E14,0,0.791670,0.015258,0.046699,0.146373
WSJ_20130318_731,E13,E14,0,0.386703,0.167880,0.112762,0.332654
CNN_20130322_1003,E1,E2,1,0.000387,0.976813,0.006279,0.016520
CNN_20130322_1003,E1,E3,0,0.414256,0.218133,0.093680,0.273932
CNN_20130322_1003,E1,E5,0,0.953932,0.001629,0.010301,0.034138
CNN_20130322_1003,E2,E3,0,0.963341,0.001314,0.009420,0.025925
CNN_20130322_1003,E2,E5,0,0.996749,0.000012,0.000721,0.002518
CNN_20130322_1003,E3,E5,0,0.932309,0.003750,0.014503,0.049438
CNN_20130322_1003,E6,E7,1,0.013876,0.899898,0.024916,0.061310
CNN_20130322_1003,E9,E10,1,0.091821,0.720663,0.042811,0.144706
CNN_20130322_1003,E9,E11,1,0.001605,0.963076,0.008480,0.026840
CNN_20130322_1003,E9,E1000,1,0.000036,0.994110,0.001410,0.004443
CNN_20130322_1003,E10,E11,1,0.010310,0.912934,0.018866,0.057890
CNN_20130322_1003,E10,E1000,1,0.000217,0.987243,0.003125,0.009414
CNN_20130322_1003,E11,E1000,1,0.008630,0.902001,0.023941,0.065427
CNN_20130322_1003,E12,E13,1,0.046934,0.746167,0.051746,0.155153
CNN_20130322_1003,E12,E14,1,0.000067,0.990808,0.002203,0.006923
CNN_20130322_1003,E12,E15,1,0.000161,0.985098,0.003634,0.011106
CNN_20130322_1003,E13,E14,1,0.002327,0.949480,0.012375,0.035818
CNN_20130322_1003,E13,E15,1,0.004772,0.923497,0.018306,0.053425
CNN_20130322_1003,E14,E15,1,0.072194,0.716323,0.053330,0.158153
CNN_20130322_1003,E17,E19,1,0.007246,0.879670,0.031088,0.081997
CNN_20130322_1003,E17,E20,0,0.986715,0.000117,0.003192,0.009976
CNN_20130322_1003,E19,E20,0,0.998242,0.000003,0.000351,0.001403
CNN_20130322_1003,E23,E27,0,0.687373,0.054877,0.056998,0.200751
CNN_20130322_1003,E30,E31,1,0.000425,0.968755,0.007459,0.023361
CNN_20130322_1003,E30,E32,1,0.000137,0.985260,0.003556,0.011047
CNN_20130322_1003,E30,E33,1,0.000009,0.996810,0.000661,0.002520
CNN_20130322_1003,E31,E32,1,0.000203,0.981618,0.004534,0.013645
CNN_20130322_1003,E31,E33,1,0.000030,0.994093,0.001366,0.004510
CNN_20130322_1003,E32,E33,1,0.004574,0.925684,0.019126,0.050616
CNN_20130322_1003,E34,E36,1,0.000209,0.979868,0.004483,0.015441
CNN_20130322_1003,E40,E41,1,0.000159,0.987398,0.003327,0.009116
CNN_20130322_1003,E40,E42,1,0.000113,0.990010,0.002690,0.007188
CNN_20130322_1003,E41,E42,1,0.012239,0.909258,0.021267,0.057236
CNN_20130322_1003,E43,E44,0,0.386881,0.212270,0.086152,0.314697
CNN_20130322_1003,E45,E47,0,0.755195,0.030781,0.048675,0.165349
CNN_20130322_1003,E55,E57,0,0.979350,0.000311,0.004412,0.015926
CNN_20130322_1003,E1,E6,0,0.655119,0.102644,0.065408,0.176829
CNN_20130322_1003,E1,E7,0,0.395319,0.302317,0.086479,0.215884
CNN_20130322_1003,E2,E6,0,0.985035,0.000356,0.004148,0.010461
CNN_20130322_1003,E2,E7,0,0.966632,0.001884,0.009448,0.022036
CNN_20130322_1003,E3,E6,0,0.718884,0.076487,0.054982,0.149647
CNN_20130322_1003,E3,E7,1,0.327969,0.378174,0.082735,0.211122
CNN_20130322_1003,E5,E6,1,0.004644,0.936657,0.014189,0.044510
CNN_20130322_1003,E5,E7,1,0.000507,0.980581,0.004807,0.014106
CNN_20130322_1003,E6,E9,0,0.994202,0.000072,0.001460,0.004265
CNN_20130322_1003,E6,E10,0,0.985647,0.000497,0.003601,0.010254
CNN_20130322_1003,E6,E11,0,0.826578,0.037183,0.037221,0.099018
CNN_20130322_1003,E6,E1000,1,0.189654,0.541445,0.074556,0.194345
CNN_20130322_1003,E7,E9,0,0.996519,0.000029,0.000895,0.002557
CNN_20130322_1003,E7,E10,0,0.991174,0.000219,0.002351,0.006256
CNN_20130322_1003,E7,E11,0,0.903039,0.014497,0.023685,0.058779
CNN_20130322_1003,E7,E1000,1,0.356321,0.364056,0.081726,0.197897
CNN_20130322_1003,E9,E12,1,0.041310,0.801662,0.037351,0.119678
CNN_20130322_1003,E9,E13,1,0.017032,0.870528,0.026601,0.085839
CNN_20130322_1003,E9,E14,1,0.000069,0.992154,0.001796,0.005981
CNN_20130322_1003,E9,E15,1,0.000201,0.985658,0.003223,0.010917
CNN_20130322_1003,E10,E12,1,0.192953,0.556200,0.061187,0.189660
CNN_20130322_1003,E10,E13,1,0.094024,0.696525,0.050828,0.158623
CNN_20130322_1003,E10,E14,1,0.000467,0.981743,0.004218,0.013572
CNN_20130322_1003,E10,E15,1,0.001336,0.966663,0.007485,0.024516
CNN_20130322_1003,E11,E12,0,0.945476,0.003961,0.013775,0.036788
CNN_20130322_1003,E11,E13,0,0.907435,0.009708,0.022459,0.060399
CNN_20130322_1003,E11,E14,1,0.176990,0.544458,0.073770,0.204783
CNN_20130322_1003,E11,E15,1,0.329733,0.346150,0.084792,0.239325
CNN_20130322_1003,E1000,E12,0,0.991853,0.000116,0.002212,0.005818
CNN_20130322_1003,E1000,E13,0,0.987611,0.000246,0.003438,0.008705
CNN_20130322_1003,E1000,E14,0,0.790488,0.051643,0.044523,0.113345
CNN_20130322_1003,E1000,E15,0,0.872062,0.019430,0.030262,0.078246
CNN_20130322_1003,E12,E17,1,0.000830,0.961861,0.009605,0.027704
CNN_20130322_1003,E12,E19,1,0.000041,0.992581,0.001691,0.005687
CNN_20130322_1003,E12,E20,0,0.867735,0.011492,0.028035,0.092738
CNN_20130322_1003,E13,E17,1,0.032159,0.780775,0.050066,0.137000
CNN_20130322_1003,E13,E19,1,0.000296,0.980092,0.005063,0.014549
CNN_20130322_1003,E13,E20,0,0.974553,0.000517,0.006032,0.018899
CNN_20130322_1003,E14,E17,0,0.426465,0.251100,0.086828,0.235606
CNN_20130322_1003,E14,E19,1,0.012108,0.888273,0.025877,0.073742
CNN_20130322_1003,E14,E20,0,0.995790,0.000020,0.000968,0.003222
CNN_20130322_1003,E15,E17,0,0.336174,0.303316,0.094965,0.265545
CNN_20130322_1003,E15,E19,1,0.007739,0.900325,0.023352,0.068584
CNN_20130322_1003,E15,E20,0,0.994122,0.000032,0.001348,0.004497
CNN_20130322_1003,E17,E21,0,0.518574,0.140611,0.096071,0.244743
CNN_20130322_1003,E19,E21,0,0.991948,0.000103,0.002127,0.005823
CNN_20130322_1003,E20,E21,1,0.007093,0.903927,0.021684,0.067296
CNN_20130322_1003,E21,E23,0,0.444980,0.204547,0.085940,0.264533
CNN_20130322_1003,E21,E27,0,0.918801,0.005474,0.018095,0.057629
CNN_20130322_1003,E30,E34,0,0.920942,0.003555,0.019467,0.056036
CNN_20130322_1003,E30,E36,1,0.005579,0.890856,0.026091,0.077475
CNN_20130322_1003,E31,E34,0,0.978929,0.000303,0.004913,0.015854
CNN_20130322_1003,E31,E36,1,0.112316,0.590977,0.071436,0.225270
CNN_20130322_1003,E32,E34,0,0.997516,0.000006,0.000515,0.001963
CNN_20130322_1003,E32,E36,0,0.938714,0.003396,0.014675,0.043215
CNN_20130322_1003,E33,E34,0,0.999224,0.000001,0.000149,0.000626
CNN_20130322_1003,E33,E36,0,0.986044,0.000327,0.003624,0.010004
CNN_20130322_1003,E34,E38,1,0.042317,0.652326,0.064410,0.240948
CNN_20130322_1003,E36,E38,0,0.927555,0.003522,0.015153,0.053770
CNN_20130322_1003,E38,E40,0,0.615586,0.085767,0.079421,0.219227
CNN_20130322_1003,E38,E41,1,0.003263,0.936977,0.016453,0.043307
CNN_20130322_1003,E38,E42,1,0.001686,0.957294,0.011656,0.029365
CNN_20130322_1003,E40,E43,0,0.959753,0.001170,0.008932,0.030145
CNN_20130322_1003,E40,E44,0,0.951907,0.002114,0.010912,0.035066
CNN_20130322_1003,E41,E43,0,0.996038,0.000018,0.000888,0.003055
CNN_20130322_1003,E41,E44,0,0.995593,0.000028,0.001031,0.003348
CNN_20130322_1003,E42,E43,0,0.997556,0.000008,0.000537,0.001899
CNN_20130322_1003,E42,E44,0,0.997493,0.000010,0.000581,0.001916
CNN_20130322_1003,E43,E45,0,0.659600,0.044027,0.066341,0.230032
CNN_20130322_1003,E43,E47,0,0.778279,0.027104,0.041997,0.152620
CNN_20130322_1003,E44,E45,0,0.340128,0.235595,0.093812,0.330465
CNN_20130322_1003,E44,E47,0,0.425132,0.218145,0.075912,0.280812
CNN_20130322_1003,E45,E48,0,0.828562,0.015359,0.038175,0.117904
CNN_20130322_1003,E47,E48,0,0.608073,0.097340,0.066494,0.228093
CNN_20130322_1003,E48,E50,0,0.966176,0.000624,0.007946,0.025254
CNN_20130322_1003,E50,E51,1,0.001957,0.927062,0.014721,0.056259
CNN_20130322_1003,E51,E52,0,0.755438,0.019230,0.045423,0.179909
CNN_20130322_1003,E52,E53,0,0.989449,0.000065,0.002292,0.008193
CNN_20130322_1003,E53,E55,1,0.002534,0.908883,0.019538,0.069045
