WSJ_20130322_159,E5,E6,1,0.020803,0.833221,0.040734,0.105242
WSJ_20130322_159,E5,E10,0,0.446195,0.187574,0.092751,0.273479
WSJ_20130322_159,E5,E11,0,0.811249,0.026733,0.041220,0.120797
WSJ_20130322_159,E6,E10,0,0.635142,0.062366,0.068394,0.234098
WSJ_20130322_159,E6,E11,0,0.837268,0.013516,0.032790,0.116426
WSJ_20130322_159,E10,E11,0,0.444709,0.154969,0.096753,0.303569
WSJ_20130322_159,E12,E14,1,0.010443,0.814460,0.034716,0.140380
WSJ_20130322_159,E18,E19,1,0.179147,0.379035,0.108870,0.332948
WSJ_20130322_159,E20,E22,1,0.000092,0.987154,0.003037,0.009716
WSJ_20130322_159,E29,E31,0,0.922617,0.002493,0.014509,0.060381
WSJ_20130322_159,E29,E34,1,0.009099,0.841687,0.031511,0.117703
WSJ_20130322_159,E29,E37,0,0.926077,0.003182,0.015713,0.055028
WSJ_20130322_159,E31,E34,1,0.000588,0.956410,0.008719,0.034284
WSJ_20130322_159,E31,E37,0,0.620893,0.060572,0.066455,0.252080
WSJ_20130322_159,E34,E37,0,0.993205,0.000047,0.001452,0.005296
WSJ_20130322_159,E38,E39,1,0.003092,0.906628,0.021495,0.068785
WSJ_20130322_159,E38,E40,1,0.006616,0.833910,0.035460,0.124014
WSJ_20130322_159,E39,E40,1,0.185491,0.394872,0.092872,0.326766
WSJ_20130322_159,E42,E44,1,0.000108,0.981277,0.003307,0.015308
WSJ_20130322_159,E46,E47,1,0.000839,0.948167,0.011514,0.039480
WSJ_20130322_159,E46,E49,1,0.014478,0.774352,0.042054,0.169117
WSJ_20130322_159,E47,E49,0,0.666709,0.051937,0.052785,0.228569
WSJ_20130322_159,E1,E5,1,0.006192,0.888879,0.026032,0.078896
WSJ_20130322_159,E1,E6,1,0.000429,0.970194,0.007276,0.022101
WSJ_20130322_159,E1,E10,1,0.102530,0.509565,0.093463,0.294441
WSJ_20130322_159,E1,E11,3,0.281030,0.282625,0.101765,0.334580
WSJ_20130322_159,E5,E12,0,0.985989,0.000195,0.003344,0.010473
WSJ_20130322_159,E5,E14,0,0.505282,0.147129,0.078405,0.269184
WSJ_20130322_159,E6,E12,0,0.990586,0.000077,0.001995,0.007343
WSJ_20130322_159,E6,E14,0,0.577160,0.088399,0.066328,0.268113
WSJ_20130322_159,E10,E12,0,0.927950,0.002734,0.016192,0.053124
WSJ_20130322_159,E10,E14,1,0.068930,0.581654,0.074674,0.274742
WSJ_20130322_159,E11,E12,0,0.806070,0.015008,0.039446,0.139476
WSJ_20130322_159,E11,E14,1,0.014517,0.770612,0.043430,0.171441
WSJ_20130322_159,E12,E18,0,0.987453,0.000083,0.002277,0.010188
WSJ_20130322_159,E12,E19,0,0.590876,0.081820,0.080143,0.247161
WSJ_20130322_159,E14,E18,0,0.995858,0.000011,0.000644,0.003487
WSJ_20130322_159,E14,E19,0,0.928401,0.002793,0.015674,0.053133
WSJ_20130322_159,E18,E20,1,0.000079,0.986543,0.002848,0.010530
WSJ_20130322_159,E18,E22,1,0.000008,0.996557,0.000692,0.002743
WSJ_20130322_159,E19,E20,1,0.000584,0.963369,0.009321,0.026727
WSJ_20130322_159,E19,E22,1,0.000014,0.995836,0.000926,0.003225
WSJ_20130322_159,E20,E26,1,0.029369,0.749635,0.054671,0.166325
WSJ_20130322_159,E22,E26,0,0.960173,0.001908,0.011028,0.026890
WSJ_20130322_159,E26,E29,0,0.985759,0.000149,0.003075,0.011016
WSJ_20130322_159,E26,E31,0,0.996199,0.000015,0.000720,0.003066
WSJ_20130322_159,E26,E34,0,0.835751,0.015562,0.036477,0.112211
WSJ_20130322_159,E26,E37,0,0.994220,0.000041,0.001289,0.004450
WSJ_20130322_159,E29,E38,0,0.459775,0.136487,0.084240,0.319498
WSJ_20130322_159,E29,E39,1,0.002155,0.927673,0.015983,0.054188
WSJ_20130322_159,E29,E40,1,0.002957,0.896647,0.021017,0.079379
WSJ_20130322_159,E31,E38,1,0.048597,0.596293,0.068920,0.286190
WSJ_20130322_159,E31,E39,1,0.000207,0.977674,0.004796,0.017323
WSJ_20130322_159,E31,E40,1,0.000319,0.967214,0.006385,0.026083
WSJ_20130322_159,E34,E38,0,0.961388,0.000853,0.008226,0.029533
WSJ_20130322_159,E34,E39,1,0.280258,0.325368,0.093151,0.301223
WSJ_20130322_159,E34,E40,3,0.217016,0.313180,0.099145,0.370659
WSJ_20130322_159,E37,E38,1,0.027563,0.701760,0.056618,0.214059
WSJ_20130322_159,E37,E39,1,0.000130,0.983867,0.003694,0.012310
WSJ_20130322_159,E37,E40,1,0.000199,0.976418,0.004896,0.018487
WSJ_20130322_159,E38,E42,0,0.827056,0.008937,0.032623,0.131385
WSJ_20130322_159,E38,E44,1,0.003130,0.884029,0.022813,0.090029
WSJ_20130322_159,E39,E42,0,0.991593,0.000063,0.001776,0.006567
WSJ_20130322_159,E39,E44,1,0.123934,0.505277,0.077438,0.293351
WSJ_20130322_159,E40,E42,0,0.982276,0.000139,0.003253,0.014333
WSJ_20130322_159,E40,E44,1,0.064483,0.500703,0.078538,0.356276
WSJ_20130322_159,E42,E46,0,0.500084,0.090926,0.075576,0.333414
WSJ_20130322_159,E42,E47,1,0.005846,0.842713,0.027325,0.124115
WSJ_20130322_159,E42,E49,3,0.331487,0.197632,0.086015,0.384866
WSJ_20130322_159,E44,E46,0,0.990247,0.000057,0.001780,0.007916
WSJ_20130322_159,E44,E47,0,0.917920,0.002693,0.014314,0.065073
WSJ_20130322_159,E44,E49,0,0.982037,0.000179,0.003249,0.014535
WSJ_20130322_159,E46,E55,0,0.476249,0.126064,0.089207,0.308480
WSJ_20130322_159,E47,E55,0,0.940337,0.002238,0.011829,0.045596
WSJ_20130322_159,E49,E55,0,0.877213,0.011447,0.022835,0.088506
nyt_20130322_strange_computer,E8,E11,0,0.995882,0.000024,0.000904,0.003190
nyt_20130322_strange_computer,E14,E16,1,0.000072,0.988869,0.002593,0.008466
nyt_20130322_strange_computer,E19,E22,0,0.791265,0.022221,0.044004,0.142509
nyt_20130322_strange_computer,E19,E23,1,0.013603,0.847605,0.037530,0.101263
nyt_20130322_strange_computer,E22,E23,1,0.031544,0.749810,0.059622,0.159024
nyt_20130322_strange_computer,E6,E8,1,0.212950,0.445110,0.095539,0.246401
nyt_20130322_strange_computer,E6,E11,0,0.997732,0.000008,0.000441,0.001820
nyt_20130322_strange_computer,E8,E14,0,0.997148,0.000013,0.000607,0.002233
nyt_20130322_strange_computer,E8,E16,1,0.252124,0.380565,0.106664,0.260647
nyt_20130322_strange_computer,E11,E14,0,0.776546,0.018391,0.047399,0.157665
nyt_20130322_strange_computer,E11,E16,1,0.000246,0.977701,0.005458,0.016594
nyt_20130322_strange_computer,E14,E19,1,0.106339,0.531299,0.092175,0.270188
nyt_20130322_strange_computer,E14,E22,0,0.621447,0.056926,0.074956,0.246671
nyt_20130322_strange_computer,E14,E23,1,0.001350,0.944684,0.014490,0.039476
nyt_20130322_strange_computer,E16,E19,0,0.986226,0.000162,0.003221,0.010390
nyt_20130322_strange_computer,E16,E22,0,0.988657,0.000103,0.002459,0.008781
nyt_20130322_strange_computer,E16,E23,0,0.899944,0.006779,0.025820,0.067457
nyt_20130322_strange_computer,E19,E24,0,0.824386,0.018882,0.036908,0.119824
nyt_20130322_strange_computer,E22,E24,0,0.818955,0.016759,0.038867,0.125419
nyt_20130322_strange_computer,E23,E24,0,0.896197,0.008180,0.024817,0.070805
CNN_20130321_821,E4,E5,1,0.073978,0.580472,0.080396,0.265154
CNN_20130321_821,E5,E8,0,0.746165,0.024765,0.047929,0.181141
CNN_20130321_821,E8,E1000,0,0.899545,0.003324,0.022457,0.074675
CNN_20130321_821,E1002,E20,0,0.813387,0.010256,0.041586,0.134770
nyt_20130321_cyprus,E2,E5,0,0.795979,0.032842,0.054662,0.116517
nyt_20130321_cyprus,E7,E2009,1,0.002496,0.914220,0.018920,0.064364
nyt_20130321_cyprus,E13,E15,0,0.767933,0.017582,0.046573,0.167912
nyt_20130321_cyprus,E22,E23,1,0.151610,0.403949,0.086800,0.357640
nyt_20130321_cyprus,E22,E24,1,0.000034,0.992727,0.001612,0.005627
nyt_20130321_cyprus,E23,E24,1,0.000317,0.973033,0.006196,0.020453
nyt_20130321_cyprus,E33,E35,0,0.691181,0.061333,0.059640,0.187846
nyt_20130321_cyprus,E41,E42,1,0.129777,0.493421,0.097751,0.279050
nyt_20130321_cyprus,E46,E47,0,0.990350,0.000091,0.002205,0.007354
nyt_20130321_cyprus,E48,E51,0,0.975808,0.000343,0.005335,0.018515
nyt_20130321_cyprus,E2,E7,0,0.916429,0.003811,0.020725,0.059034
nyt_20130321_cyprus,E2,E2009,0,0.736754,0.034613,0.061098,0.167535
nyt_20130321_cyprus,E5,E7,0,0.581650,0.088560,0.093616,0.236175
nyt_20130321_cyprus,E5,E2009,1,0.214334,0.362129,0.124520,0.299017
nyt_20130321_cyprus,E7,E9,1,0.000142,0.984232,0.003840,0.011785
nyt_20130321_cyprus,E2009,E9,1,0.018739,0.756339,0.058943,0.165979
nyt_20130321_cyprus,E10,E13,0,0.940588,0.002291,0.014496,0.042626
nyt_20130321_cyprus,E10,E15,0,0.985894,0.000144,0.003049,0.010913
nyt_20130321_cyprus,E13,E21,0,0.755160,0.029423,0.050181,0.165236
nyt_20130321_cyprus,E15,E21,0,0.707671,0.036077,0.057423,0.198829
nyt_20130321_cyprus,E21,E22,0,0.924527,0.003355,0.016134,0.055984
nyt_20130321_cyprus,E21,E23,0,0.503407,0.110580,0.076982,0.309031
nyt_20130321_cyprus,E21,E24,1,0.000086,0.987972,0.002830,0.009111
nyt_20130321_cyprus,E22,E25,1,0.000183,0.981124,0.004538,0.014155
nyt_20130321_cyprus,E23,E25,1,0.003259,0.899092,0.022490,0.075159
nyt_20130321_cyprus,E24,E25,0,0.895991,0.007725,0.027688,0.068596
nyt_20130321_cyprus,E33,E36,0,0.584239,0.080550,0.072233,0.262978
nyt_20130321_cyprus,E35,E36,0,0.365606,0.188007,0.086425,0.359961
nyt_20130321_cyprus,E36,E41,0,0.895889,0.003577,0.020851,0.079683
nyt_20130321_cyprus,E36,E42,3,0.299432,0.261034,0.102352,0.337182
nyt_20130321_cyprus,E46,E48,0,0.454986,0.159028,0.093932,0.292053
nyt_20130321_cyprus,E46,E51,0,0.986856,0.000141,0.002969,0.010034
nyt_20130321_cyprus,E47,E48,1,0.000424,0.969931,0.007314,0.022330
nyt_20130321_cyprus,E47,E51,0,0.609967,0.084981,0.077038,0.228013
nyt_20130321_cyprus,E48,E57,1,0.000180,0.981197,0.004506,0.014117
nyt_20130321_cyprus,E51,E57,1,0.000006,0.997351,0.000544,0.002099
bbc_20130322_1353,E1,E5,1,0.000095,0.988383,0.002935,0.008588
bbc_20130322_1353,E8,E10,1,0.000044,0.991592,0.001902,0.006463
bbc_20130322_1353,E15,E16,1,0.013028,0.777753,0.043779,0.165440
bbc_20130322_1353,E19,E20,1,0.000159,0.986958,0.003642,0.009241
bbc_20130322_1353,E19,E21,1,0.000217,0.983483,0.004612,0.011689
bbc_20130322_1353,E20,E21,1,0.078344,0.741736,0.060170,0.119749
bbc_20130322_1353,E23,E25,0,0.637863,0.071246,0.062256,0.228636
bbc_20130322_1353,E23,E26,1,0.033474,0.733398,0.055532,0.177596
bbc_20130322_1353,E23,E27,1,0.000433,0.969632,0.007255,0.022679
bbc_20130322_1353,E25,E26,1,0.000218,0.978931,0.004693,0.016158
bbc_20130322_1353,E25,E27,1,0.000020,0.994713,0.001160,0.004107
bbc_20130322_1353,E26,E27,1,0.000886,0.956924,0.009962,0.032228
bbc_20130322_1353,E28,E29,1,0.000088,0.987992,0.002870,0.009050
bbc_20130322_1353,E28,E31,1,0.000169,0.982475,0.004173,0.013183
bbc_20130322_1353,E29,E31,1,0.118384,0.615260,0.068698,0.197658
bbc_20130322_1353,E33,E34,0,0.950704,0.001695,0.012433,0.035168
bbc_20130322_1353,E35,E36,0,0.688121,0.068510,0.061146,0.182224
bbc_20130322_1353,E35,E37,1,0.001805,0.934220,0.014778,0.049197
bbc_20130322_1353,E36,E37,1,0.000449,0.965425,0.007461,0.026665
bbc_20130322_1353,E1,E8,0,0.668155,0.045198,0.060941,0.225705
bbc_20130322_1353,E1,E10,1,0.000152,0.985098,0.003868,0.010882
bbc_20130322_1353,E5,E8,0,0.992805,0.000050,0.001522,0.005623
bbc_20130322_1353,E5,E10,1,0.094828,0.636351,0.081054,0.187767
bbc_20130322_1353,E8,E11,3,0.210247,0.275191,0.104994,0.409569
bbc_20130322_1353,E10,E11,0,0.989536,0.000099,0.002344,0.008021
bbc_20130322_1353,E11,E13,1,0.062060,0.546776,0.085176,0.305988
bbc_20130322_1353,E13,E15,0,0.858084,0.008285,0.029748,0.103883
bbc_20130322_1353,E13,E16,0,0.932946,0.002538,0.015237,0.049278
bbc_20130322_1353,E15,E17,1,0.089192,0.472477,0.086476,0.351855
bbc_20130322_1353,E16,E17,3,0.145139,0.342852,0.097931,0.414079
bbc_20130322_1353,E17,E19,1,0.000974,0.953592,0.011245,0.034189
bbc_20130322_1353,E17,E20,1,0.000014,0.996098,0.000920,0.002968
bbc_20130322_1353,E17,E21,1,0.000041,0.992966,0.001765,0.005228
bbc_20130322_1353,E19,E23,0,0.931805,0.002927,0.014336,0.050931
bbc_20130322_1353,E19,E25,0,0.993115,0.000049,0.001487,0.005349
bbc_20130322_1353,E19,E26,0,0.628307,0.090511,0.070081,0.211100
bbc_20130322_1353,E19,E27,1,0.026912,0.783942,0.044246,0.144900
bbc_20130322_1353,E20,E23,0,0.995131,0.000037,0.001157,0.003675
bbc_20130322_1353,E20,E25,0,0.996752,0.000018,0.000728,0.002502
bbc_20130322_1353,E20,E26,0,0.951206,0.002896,0.012368,0.033530
bbc_20130322_1353,E20,E27,0,0.691812,0.090277,0.059297,0.158614
bbc_20130322_1353,E21,E23,0,0.986620,0.000263,0.003545,0.009573
bbc_20130322_1353,E21,E25,0,0.991674,0.000104,0.002108,0.006115
bbc_20130322_1353,E21,E26,0,0.796373,0.045154,0.045413,0.113060
bbc_20130322_1353,E21,E27,1,0.169956,0.566913,0.075067,0.188064
bbc_20130322_1353,E23,E28,3,0.262218,0.283831,0.097424,0.356527
bbc_20130322_1353,E23,E29,1,0.000984,0.954671,0.011239,0.033106
bbc_20130322_1353,E23,E31,1,0.043171,0.760009,0.051880,0.144939
bbc_20130322_1353,E25,E28,3,0.301578,0.288095,0.086223,0.324104
bbc_20130322_1353,E25,E29,1,0.000345,0.977264,0.005512,0.016879
bbc_20130322_1353,E25,E31,1,0.003010,0.939411,0.013819,0.043760
bbc_20130322_1353,E26,E28,0,0.880578,0.007706,0.024590,0.087126
bbc_20130322_1353,E26,E29,1,0.028260,0.791353,0.046243,0.134144
bbc_20130322_1353,E26,E31,1,0.167426,0.516785,0.078754,0.237035
bbc_20130322_1353,E27,E28,0,0.973528,0.000472,0.005671,0.020329
bbc_20130322_1353,E27,E29,1,0.261479,0.389847,0.088382,0.260292
bbc_20130322_1353,E27,E31,0,0.646240,0.103365,0.061803,0.188592
bbc_20130322_1353,E28,E33,1,0.020976,0.742124,0.049771,0.187129
bbc_20130322_1353,E28,E34,3,0.236364,0.300314,0.092737,0.370585
bbc_20130322_1353,E29,E33,0,0.830397,0.016412,0.033944,0.119247
bbc_20130322_1353,E29,E34,0,0.969092,0.000644,0.006438,0.023826
bbc_20130322_1353,E31,E33,0,0.738780,0.042991,0.048258,0.169971
bbc_20130322_1353,E31,E34,0,0.955711,0.001498,0.009045,0.033747
bbc_20130322_1353,E33,E35,0,0.982472,0.000232,0.004064,0.013233
bbc_20130322_1353,E33,E36,0,0.992385,0.000058,0.001666,0.005891
bbc_20130322_1353,E33,E37,0,0.977719,0.000348,0.005311,0.016622
bbc_20130322_1353,E34,E35,0,0.928887,0.003092,0.014771,0.053250
bbc_20130322_1353,E34,E36,0,0.990511,0.000080,0.002041,0.007368
bbc_20130322_1353,E34,E37,0,0.680521,0.048557,0.059352,0.211570
nyt_20130321_women_senate,E1000009,E2,0,0.792659,0.032612,0.037174,0.137555
nyt_20130321_women_senate,E4,E5,1,0.000111,0.985382,0.003326,0.011181
nyt_20130321_women_senate,E4,E6,1,0.149828,0.456571,0.079013,0.314588
nyt_20130321_women_senate,E5,E6,0,0.957505,0.001317,0.008475,0.032704
nyt_20130321_women_senate,E9,E10,0,0.994452,0.000036,0.001189,0.004324
nyt_20130321_women_senate,E11,E12,0,0.960754,0.001035,0.010308,0.027904
nyt_20130321_women_senate,E14,E15,1,0.095572,0.542575,0.091307,0.270545
nyt_20130321_women_senate,E16,E17,3,0.211383,0.338111,0.089973,0.360533
nyt_20130321_women_senate,E19,E20,1,0.000052,0.990460,0.002132,0.007356
nyt_20130321_women_senate,E19,E21,1,0.000591,0.962031,0.008978,0.028400
nyt_20130321_women_senate,E20,E21,0,0.468503,0.163986,0.090104,0.277408
nyt_20130321_women_senate,E23,E24,0,0.957777,0.001128,0.009642,0.031453
nyt_20130321_women_senate,E26,E27,0,0.884360,0.010855,0.031577,0.073208
nyt_20130321_women_senate,E26,E1000014,0,0.957079,0.001821,0.012534,0.028566
nyt_20130321_women_senate,E27,E1000014,1,0.059679,0.619281,0.084939,0.236101
nyt_20130321_women_senate,E37,E1000015,3,0.232311,0.237459,0.102562,0.427668
nyt_20130321_women_senate,E40,E41,0,0.981451,0.000212,0.003743,0.014594
nyt_20130321_women_senate,E40,E42,0,0.772604,0.033395,0.046709,0.147292
nyt_20130321_women_senate,E41,E42,1,0.072508,0.611589,0.073910,0.241993
nyt_20130321_women_senate,E43,E47,0,0.995177,0.000020,0.000878,0.003925
nyt_20130321_women_senate,E43,E48,0,0.987724,0.000102,0.002484,0.009690
nyt_20130321_women_senate,E47,E48,0,0.449825,0.121333,0.094739,0.334103
nyt_20130321_women_senate,E49,E50,0,0.964492,0.000725,0.007183,0.027599
nyt_20130321_women_senate,E49,E53,1,0.010590,0.869263,0.030992,0.089155
nyt_20130321_women_senate,E50,E53,1,0.000273,0.977602,0.005403,0.016722
nyt_20130321_women_senate,E1000009,E4,0,0.809734,0.028631,0.037727,0.123909
nyt_20130321_women_senate,E1000009,E5,1,0.000108,0.987167,0.003122,0.009603
nyt_20130321_women_senate,E1000009,E6,0,0.484771,0.199826,0.071149,0.244255
nyt_20130321_women_senate,E2,E4,0,0.846842,0.010609,0.028066,0.114484
nyt_20130321_women_senate,E2,E5,1,0.000504,0.963639,0.007739,0.028118
nyt_20130321_women_senate,E2,E6,0,0.491061,0.129884,0.071550,0.307505
nyt_20130321_women_senate,E4,E7,0,0.957445,0.001241,0.009274,0.032040
nyt_20130321_women_senate,E5,E7,0,0.997501,0.000009,0.000498,0.001992
nyt_20130321_women_senate,E6,E7,0,0.988070,0.000195,0.002680,0.009054
nyt_20130321_women_senate,E7,E8,1,0.002351,0.933920,0.014594,0.049135
nyt_20130321_women_senate,E8,E9,0,0.987553,0.000132,0.002811,0.009504
nyt_20130321_women_senate,E8,E10,0,0.999075,0.000002,0.000162,0.000761
nyt_20130321_women_senate,E11,E1000012,0,0.914197,0.003867,0.019058,0.062878
nyt_20130321_women_senate,E12,E1000012,1,0.205929,0.366718,0.093228,0.334124
nyt_20130321_women_senate,E14,E16,0,0.950079,0.001887,0.011570,0.036464
nyt_20130321_women_senate,E14,E17,0,0.948205,0.001558,0.011390,0.038848
nyt_20130321_women_senate,E15,E16,0,0.962574,0.000857,0.008705,0.027864
nyt_20130321_women_senate,E15,E17,0,0.960376,0.000787,0.008790,0.030047
nyt_20130321_women_senate,E16,E19,0,0.350502,0.214984,0.089357,0.345158
nyt_20130321_women_senate,E16,E20,1,0.000060,0.989247,0.002359,0.008334
nyt_20130321_women_senate,E16,E21,1,0.000532,0.962361,0.008392,0.028715
nyt_20130321_women_senate,E17,E19,0,0.562116,0.086967,0.072397,0.278520
nyt_20130321_women_senate,E17,E20,1,0.000141,0.982404,0.003932,0.013522
nyt_20130321_women_senate,E17,E21,1,0.001570,0.930853,0.015282,0.052295
nyt_20130321_women_senate,E19,E22,1,0.033504,0.709684,0.053325,0.203487
nyt_20130321_women_senate,E20,E22,0,0.932253,0.003101,0.014003,0.050643
nyt_20130321_women_senate,E21,E22,0,0.822954,0.014489,0.034050,0.128507
nyt_20130321_women_senate,E22,E23,0,0.919326,0.003011,0.015073,0.062590
nyt_20130321_women_senate,E22,E24,0,0.996063,0.000016,0.000728,0.003193
nyt_20130321_women_senate,E23,E25,0,0.854771,0.008371,0.029502,0.107356
nyt_20130321_women_senate,E24,E25,3,0.306817,0.193611,0.096130,0.403442
nyt_20130321_women_senate,E25,E26,1,0.000080,0.988379,0.002731,0.008811
nyt_20130321_women_senate,E25,E27,1,0.021939,0.764798,0.052975,0.160288
nyt_20130321_women_senate,E25,E1000014,1,0.007941,0.846125,0.036175,0.109759
nyt_20130321_women_senate,E26,E29,0,0.729296,0.038574,0.065184,0.166947
nyt_20130321_women_senate,E27,E29,1,0.052145,0.621374,0.084327,0.242154
nyt_20130321_women_senate,E1000014,E29,1,0.057622,0.608770,0.086287,0.247320
nyt_20130321_women_senate,E29,E36,0,0.986412,0.000135,0.002926,0.010527
nyt_20130321_women_senate,E36,E37,0,0.735384,0.023786,0.046407,0.194423
nyt_20130321_women_senate,E36,E1000015,0,0.413029,0.125305,0.087447,0.374219
nyt_20130321_women_senate,E37,E40,1,0.000112,0.983142,0.003480,0.013267
nyt_20130321_women_senate,E37,E41,1,0.056710,0.519252,0.079372,0.344665
nyt_20130321_women_senate,E37,E42,1,0.000367,0.968306,0.007015,0.024312
nyt_20130321_women_senate,E1000015,E40,1,0.000621,0.955093,0.009039,0.035247
nyt_20130321_women_senate,E1000015,E41,3,0.307981,0.167032,0.093141,0.431846
nyt_20130321_women_senate,E1000015,E42,1,0.009282,0.819131,0.036987,0.134601
nyt_20130321_women_senate,E40,E43,0,0.762884,0.031012,0.041128,0.164976
nyt_20130321_women_senate,E40,E47,0,0.991887,0.000051,0.001588,0.006474
nyt_20130321_women_senate,E40,E48,0,0.983691,0.000173,0.003462,0.012674
nyt_20130321_women_senate,E41,E43,1,0.053211,0.635155,0.060019,0.251615
nyt_20130321_women_senate,E41,E47,0,0.897183,0.004420,0.019188,0.079210
nyt_20130321_women_senate,E41,E48,0,0.784103,0.016661,0.042127,0.157109
nyt_20130321_women_senate,E42,E43,0,0.358538,0.272266,0.086012,0.283184
nyt_20130321_women_senate,E42,E47,0,0.981100,0.000306,0.004378,0.014217
nyt_20130321_women_senate,E42,E48,0,0.957037,0.001248,0.010611,0.031104
nyt_20130321_women_senate,E43,E49,1,0.175252,0.424707,0.088452,0.311589
nyt_20130321_women_senate,E43,E50,0,0.969375,0.000533,0.005828,0.024264
nyt_20130321_women_senate,E43,E53,1,0.007026,0.889774,0.024642,0.078559
nyt_20130321_women_senate,E47,E49,1,0.000260,0.976091,0.005554,0.018094
nyt_20130321_women_senate,E47,E50,1,0.166651,0.400790,0.088093,0.344466
nyt_20130321_women_senate,E47,E53,1,0.000025,0.994140,0.001328,0.004507
nyt_20130321_women_senate,E48,E49,1,0.001086,0.947479,0.012931,0.038504
nyt_20130321_women_senate,E48,E50,0,0.432097,0.148401,0.091480,0.328022
nyt_20130321_women_senate,E48,E53,1,0.000098,0.987631,0.003041,0.009230
bbc_20130322_1150,E1,E2,0,0.988417,0.000301,0.003390,0.007892
bbc_20130322_1150,E6,E7,1,0.025030,0.703517,0.061187,0.210267
bbc_20130322_1150,E8,E10,1,0.015325,0.853227,0.037593,0.093855
bbc_20130322_1150,E8,E11,0,0.694720,0.068377,0.076191,0.160711
bbc_20130322_1150,E10,E11,0,0.862971,0.014475,0.039722,0.082831
bbc_20130322_1150,E14,E15,1,0.016574,0.800267,0.040331,0.142829
bbc_20130322_1150,E14,E17,1,0.027517,0.748657,0.049301,0.174525
bbc_20130322_1150,E15,E17,3,0.322929,0.245008,0.097019,0.335045
bbc_20130322_1150,E19,E20,1,0.132347,0.441209,0.096382,0.330062
bbc_20130322_1150,E19,E21,0,0.945649,0.001310,0.010732,0.042310
bbc_20130322_1150,E20,E21,0,0.978142,0.000302,0.004412,0.017144
bbc_20130322_1150,E23,E24,1,0.024825,0.778615,0.057899,0.138661
bbc_20130322_1150,E29,E30,0,0.993286,0.000051,0.001499,0.005163
bbc_20130322_1150,E53,E35,0,0.998986,0.000003,0.000213,0.000798
bbc_20130322_1150,E39,E40,0,0.985829,0.000160,0.003224,0.010787
bbc_20130322_1150,E41,E42,1,0.000127,0.987290,0.003439,0.009144
bbc_20130322_1150,E41,E43,0,0.654790,0.090658,0.072427,0.182125
bbc_20130322_1150,E42,E43,0,0.994387,0.000054,0.001444,0.004115
bbc_20130322_1150,E1,E3,0,0.998179,0.000009,0.000442,0.001371
bbc_20130322_1150,E2,E3,0,0.908040,0.013211,0.021908,0.056841
bbc_20130322_1150,E3,E4,1,0.000300,0.977877,0.005650,0.016173
bbc_20130322_1150,E4,E6,0,0.998099,0.000005,0.000347,0.001549
bbc_20130322_1150,E4,E7,0,0.986892,0.000122,0.002784,0.010201
bbc_20130322_1150,E6,E8,1,0.000158,0.982407,0.004140,0.013295
bbc_20130322_1150,E6,E10,1,0.000043,0.991827,0.001860,0.006270
bbc_20130322_1150,E6,E11,1,0.000520,0.967652,0.008420,0.023408
bbc_20130322_1150,E7,E8,1,0.050451,0.694924,0.065743,0.188882
bbc_20130322_1150,E7,E10,1,0.003070,0.923994,0.020203,0.052732
bbc_20130322_1150,E7,E11,1,0.082272,0.609794,0.094357,0.213577
bbc_20130322_1150,E8,E12,0,0.855952,0.015960,0.034005,0.094083
bbc_20130322_1150,E10,E12,0,0.951549,0.002021,0.012844,0.033586
bbc_20130322_1150,E11,E12,0,0.462940,0.149303,0.109635,0.278123
bbc_20130322_1150,E12,E14,0,0.972839,0.000536,0.006804,0.019821
bbc_20130322_1150,E12,E15,0,0.972125,0.000474,0.006402,0.020999
bbc_20130322_1150,E12,E17,0,0.901480,0.004731,0.022656,0.071133
bbc_20130322_1150,E18,E19,0,0.772975,0.015938,0.050259,0.160827
bbc_20130322_1150,E18,E20,0,0.504439,0.111924,0.088652,0.294984
bbc_20130322_1150,E18,E21,0,0.987490,0.000114,0.002643,0.009753
bbc_20130322_1150,E19,E23,0,0.968123,0.000617,0.007288,0.023972
bbc_20130322_1150,E19,E24,0,0.469550,0.150072,0.100996,0.279382
bbc_20130322_1150,E20,E23,0,0.946516,0.001733,0.011166,0.040585
bbc_20130322_1150,E20,E24,0,0.569359,0.110324,0.082666,0.237651
bbc_20130322_1150,E21,E23,0,0.454478,0.152176,0.085015,0.308331
bbc_20130322_1150,E21,E24,1,0.017635,0.805519,0.045658,0.131189
bbc_20130322_1150,E28,E29,1,0.000025,0.993996,0.001337,0.004643
bbc_20130322_1150,E28,E30,1,0.033711,0.709827,0.055454,0.201008
bbc_20130322_1150,E29,E34,0,0.999234,0.000001,0.000144,0.000621
bbc_20130322_1150,E30,E34,0,0.982982,0.000290,0.003717,0.013011
bbc_20130322_1150,E34,E53,1,0.000109,0.987020,0.003205,0.009667
bbc_20130322_1150,E34,E35,0,0.944501,0.001877,0.011437,0.042185
bbc_20130322_1150,E53,E36,0,0.996929,0.000017,0.000706,0.002347
bbc_20130322_1150,E35,E36,1,0.012122,0.809530,0.039168,0.139179
bbc_20130322_1150,E36,E39,1,0.000579,0.963607,0.008945,0.026869
bbc_20130322_1150,E36,E40,1,0.040839,0.657584,0.071083,0.230493
bbc_20130322_1150,E39,E41,0,0.997073,0.000014,0.000638,0.002276
bbc_20130322_1150,E39,E42,1,0.058435,0.669422,0.076115,0.196028
bbc_20130322_1150,E39,E43,0,0.976137,0.000479,0.006157,0.017228
bbc_20130322_1150,E40,E41,0,0.906113,0.005255,0.021350,0.067282
bbc_20130322_1150,E40,E42,1,0.000211,0.980275,0.004941,0.014573
bbc_20130322_1150,E40,E43,0,0.563301,0.103177,0.085522,0.247999
bbc_20130322_1150,E41,E44,0,0.866589,0.023618,0.034303,0.075490
bbc_20130322_1150,E42,E44,0,0.997009,0.000021,0.000760,0.002210
bbc_20130322_1150,E43,E44,0,0.505761,0.210593,0.082070,0.201576
bbc_20130322_332,E1,E2,0,0.417973,0.179021,0.090102,0.312903
bbc_20130322_332,E1,E3,1,0.004260,0.884848,0.024175,0.086717
bbc_20130322_332,E1,E4,1,0.000004,0.997998,0.000409,0.001590
bbc_20130322_332,E2,E3,1,0.003262,0.897047,0.023113,0.076578
bbc_20130322_332,E2,E4,1,0.000006,0.997464,0.000534,0.001996
bbc_20130322_332,E3,E4,1,0.000043,0.992721,0.001802,0.005434
bbc_20130322_332,E12,E13,1,0.035936,0.654360,0.058795,0.250909
bbc_20130322_332,E17,E18,1,0.088141,0.580382,0.079237,0.252239
bbc_20130322_332,E22,E23,0,0.988631,0.000096,0.002355,0.008919
bbc_20130322_332,E27,E28,0,0.390081,0.163470,0.099519,0.346931
bbc_20130322_332,E27,E29,0,0.949899,0.001236,0.010336,0.038529
bbc_20130322_332,E28,E29,0,0.852404,0.009039,0.027842,0.110715
bbc_20130322_332,E31,E33,1,0.010054,0.855604,0.041149,0.093193
bbc_20130322_332,E31,E34,1,0.018835,0.817461,0.048981,0.114723
bbc_20130322_332,E31,E35,0,0.391671,0.201844,0.110633,0.295851
bbc_20130322_332,E33,E34,0,0.420899,0.267384,0.103234,0.208482
bbc_20130322_332,E33,E35,0,0.583677,0.125479,0.087829,0.203014
bbc_20130322_332,E34,E35,0,0.478218,0.203100,0.096629,0.222053
bbc_20130322_332,E37,E38,0,0.898615,0.002357,0.016818,0.082209
bbc_20130322_332,E37,E40,0,0.447899,0.074852,0.085510,0.391739
bbc_20130322_332,E38,E40,3,0.155299,0.312665,0.094611,0.437425
bbc_20130322_332,E1,E5,0,0.396313,0.147649,0.088689,0.367348
bbc_20130322_332,E2,E5,0,0.597951,0.054024,0.070451,0.277574
bbc_20130322_332,E3,E5,0,0.929269,0.002313,0.014545,0.053874
bbc_20130322_332,E4,E5,0,0.997482,0.000009,0.000506,0.002003
bbc_20130322_332,E5,E9,1,0.000115,0.984678,0.003501,0.011706
bbc_20130322_332,E9,E11,1,0.000081,0.988216,0.002770,0.008934
bbc_20130322_332,E11,E12,0,0.949628,0.001141,0.011741,0.037491
bbc_20130322_332,E11,E13,0,0.853902,0.007371,0.030869,0.107858
bbc_20130322_332,E12,E17,1,0.000472,0.964464,0.007837,0.027227
bbc_20130322_332,E12,E18,1,0.000827,0.951456,0.010528,0.037189
bbc_20130322_332,E13,E17,1,0.002735,0.896060,0.020982,0.080223
bbc_20130322_332,E13,E18,1,0.005035,0.857574,0.028230,0.109161
bbc_20130322_332,E17,E19,0,0.948489,0.001085,0.010209,0.040218
bbc_20130322_332,E18,E19,0,0.960654,0.000713,0.007987,0.030646
bbc_20130322_332,E19,E22,1,0.000078,0.987743,0.002733,0.009446
bbc_20130322_332,E19,E23,0,0.887434,0.006488,0.025352,0.080726
bbc_20130322_332,E22,E24,1,0.010462,0.830316,0.036615,0.122606
bbc_20130322_332,E23,E24,1,0.000045,0.991079,0.001955,0.006921
bbc_20130322_332,E27,E30,0,0.896291,0.005620,0.024295,0.073794
bbc_20130322_332,E28,E30,0,0.733689,0.033839,0.054726,0.177746
bbc_20130322_332,E29,E30,1,0.058676,0.629433,0.070551,0.241340
bbc_20130322_332,E30,E31,0,0.395574,0.200812,0.092200,0.311415
bbc_20130322_332,E30,E33,1,0.024847,0.794253,0.051607,0.129293
bbc_20130322_332,E30,E34,1,0.162469,0.500619,0.094333,0.242579
bbc_20130322_332,E30,E35,0,0.357111,0.243972,0.101204,0.297713
bbc_20130322_332,E31,E36,1,0.193586,0.396272,0.105461,0.304681
bbc_20130322_332,E33,E36,0,0.524054,0.159365,0.084568,0.232013
bbc_20130322_332,E34,E36,0,0.419645,0.247925,0.089641,0.242788
bbc_20130322_332,E35,E36,0,0.797646,0.034541,0.044728,0.123086
bbc_20130322_332,E36,E37,0,0.982034,0.000183,0.003591,0.014192
bbc_20130322_332,E36,E38,0,0.992656,0.000031,0.001227,0.006086
bbc_20130322_332,E36,E40,0,0.988072,0.000081,0.002229,0.009617
bbc_20130322_1600,E2,E5,0,0.828713,0.022450,0.036142,0.112695
bbc_20130322_1600,E6,E7,1,0.003159,0.934970,0.019981,0.041891
bbc_20130322_1600,E6,E8,0,0.990071,0.000141,0.002600,0.007188
bbc_20130322_1600,E6,E9,0,0.693901,0.093841,0.059291,0.152967
bbc_20130322_1600,E7,E8,0,0.998704,0.000005,0.000301,0.000990
bbc_20130322_1600,E7,E9,0,0.992215,0.000157,0.002299,0.005329
bbc_20130322_1600,E8,E9,1,0.004156,0.935630,0.015403,0.044811
bbc_20130322_1600,E10,E11,0,0.924086,0.006435,0.019848,0.049631
bbc_20130322_1600,E10,E12,0,0.985625,0.000252,0.003750,0.010374
bbc_20130322_1600,E11,E12,0,0.940477,0.003205,0.014911,0.041406
bbc_20130322_1600,E16,E20,1,0.025883,0.789765,0.046813,0.137538
bbc_20130322_1600,E21,E22,0,0.893273,0.008048,0.020895,0.077784
bbc_20130322_1600,E2,E6,0,0.814794,0.025867,0.041505,0.117835
bbc_20130322_1600,E2,E7,1,0.025418,0.813951,0.048370,0.112261
bbc_20130322_1600,E2,E8,0,0.990370,0.000108,0.002328,0.007193
bbc_20130322_1600,E2,E9,0,0.953090,0.002778,0.011335,0.032797
bbc_20130322_1600,E5,E6,0,0.537367,0.166357,0.076214,0.220062
bbc_20130322_1600,E5,E7,1,0.004418,0.933075,0.018417,0.044090
bbc_20130322_1600,E5,E8,0,0.990288,0.000133,0.002387,0.007192
bbc_20130322_1600,E5,E9,0,0.856895,0.026109,0.029778,0.087218
bbc_20130322_1600,E6,E10,1,0.042730,0.761945,0.062932,0.132393
bbc_20130322_1600,E6,E11,0,0.651981,0.086703,0.075842,0.185475
bbc_20130322_1600,E6,E12,0,0.971703,0.000807,0.007688,0.019802
bbc_20130322_1600,E7,E10,0,0.855621,0.027799,0.038906,0.077675
bbc_20130322_1600,E7,E11,0,0.985542,0.000313,0.004146,0.009999
bbc_20130322_1600,E7,E12,0,0.995178,0.000042,0.001205,0.003575
bbc_20130322_1600,E8,E10,1,0.000053,0.992362,0.001955,0.005630
bbc_20130322_1600,E8,E11,1,0.004164,0.921423,0.019212,0.055201
bbc_20130322_1600,E8,E12,1,0.154291,0.515580,0.081066,0.249063
bbc_20130322_1600,E9,E10,1,0.001135,0.966326,0.009330,0.023209
bbc_20130322_1600,E9,E11,1,0.209499,0.468228,0.083719,0.238555
bbc_20130322_1600,E9,E12,0,0.824526,0.026686,0.036725,0.112063
bbc_20130322_1600,E10,E13,0,0.984274,0.000357,0.004167,0.011203
bbc_20130322_1600,E11,E13,0,0.866277,0.016530,0.031807,0.085386
bbc_20130322_1600,E12,E13,0,0.586559,0.118199,0.077600,0.217642
bbc_20130322_1600,E13,E30,1,0.035189,0.736159,0.058054,0.170598
bbc_20130322_1600,E30,E14,0,0.898606,0.009792,0.025398,0.066203
bbc_20130322_1600,E14,E16,0,0.625841,0.102421,0.075443,0.196295
bbc_20130322_1600,E14,E20,0,0.442850,0.207647,0.103457,0.246046
bbc_20130322_1600,E16,E21,0,0.601338,0.101491,0.065104,0.232068
bbc_20130322_1600,E16,E22,0,0.900143,0.009409,0.020530,0.069917
bbc_20130322_1600,E20,E21,0,0.811749,0.020121,0.037307,0.130824
bbc_20130322_1600,E20,E22,0,0.980296,0.000321,0.004265,0.015118
bbc_20130322_1600,E21,E25,0,0.986615,0.000171,0.002779,0.010436
bbc_20130322_1600,E22,E25,0,0.951238,0.001776,0.009263,0.037722
WSJ_20130322_804,E1,E2002,0,0.931300,0.002234,0.013508,0.052958
WSJ_20130322_804,E11,E13,0,0.708698,0.029096,0.054564,0.207642
WSJ_20130322_804,E11,E14,1,0.015615,0.785462,0.043454,0.155468
WSJ_20130322_804,E13,E14,1,0.004118,0.874957,0.024502,0.096423
WSJ_20130322_804,E22,E23,1,0.024202,0.662988,0.061249,0.251562
WSJ_20130322_804,E25,E26,0,0.705884,0.040738,0.069753,0.183625
WSJ_20130322_804,E25,E30,0,0.973973,0.000397,0.005878,0.019752
WSJ_20130322_804,E26,E30,0,0.985651,0.000106,0.002688,0.011555
WSJ_20130322_804,E9,E11,3,0.286328,0.266938,0.101662,0.345072
WSJ_20130322_804,E9,E13,0,0.928782,0.002050,0.014374,0.054794
WSJ_20130322_804,E9,E14,1,0.115689,0.492841,0.086018,0.305452
WSJ_20130322_804,E11,E16,1,0.027102,0.691968,0.058111,0.222819
WSJ_20130322_804,E13,E16,1,0.005791,0.837909,0.030121,0.126179
WSJ_20130322_804,E14,E16,1,0.063448,0.613649,0.067726,0.255177
WSJ_20130322_804,E16,E17,0,0.986152,0.000132,0.002832,0.010885
WSJ_20130322_804,E17,E18,1,0.000218,0.976171,0.005154,0.018458
WSJ_20130322_804,E21,E22,0,0.828540,0.015024,0.036882,0.119554
WSJ_20130322_804,E21,E23,0,0.619053,0.063521,0.066624,0.250803
WSJ_20130322_804,E22,E25,1,0.020799,0.710280,0.059360,0.209561
WSJ_20130322_804,E22,E26,1,0.062042,0.492736,0.090198,0.355024
WSJ_20130322_804,E22,E30,0,0.783404,0.013930,0.041671,0.160995
WSJ_20130322_804,E23,E25,0,0.481142,0.109819,0.082493,0.326545
WSJ_20130322_804,E23,E26,0,0.534312,0.066292,0.073674,0.325722
WSJ_20130322_804,E23,E30,0,0.978433,0.000220,0.004058,0.017288
WSJ_20130322_804,E25,E33,0,0.960244,0.000855,0.009627,0.029273
WSJ_20130322_804,E26,E33,0,0.905842,0.002459,0.017471,0.074228
WSJ_20130322_804,E30,E33,3,0.171079,0.339756,0.098258,0.390908
WSJ_20130322_804,E33,E35,3,0.311005,0.251247,0.104432,0.333316
WSJ_20130318_731,E1,E2,1,0.001315,0.946127,0.014351,0.038206
WSJ_20130318_731,E1,E3,1,0.006994,0.865257,0.037392,0.090357
WSJ_20130318_731,E2,E3,1,0.173280,0.492371,0.095281,0.239069
WSJ_20130318_731,E11,E12,1,0.001024,0.948360,0.012086,0.038530
WSJ_20130318_731,E11,E13,1,0.003202,0.893741,0.024878,0.078179
WSJ_20130318_731,E12,E13,0,0.882522,0.006331,0.024117,0.087029
WSJ_20130318_731,E20,E21,0,0.998922,0.000003,0.000221,0.000855
WSJ_20130318_731,E20,E22,0,0.995998,0.000026,0.000934,0.003041
WSJ_20130318_731,E21,E22,3,0.289872,0.212221,0.114675,0.383232
WSJ_20130318_731,E9,E10,1,0.000589,0.962490,0.008878,0.028042
WSJ_20130318_731,E10,E11,0,0.998890,0.000002,0.000194,0.000914
WSJ_20130318_731,E10,E12,0,0.979082,0.000404,0.004283,0.016230
WSJ_20130318_731,E10,E13,0,0.996897,0.000012,0.000610,0.002481
WSJ_20130318_731,E11,E14,1,0.107463,0.474553,0.101741,0.316243
WSJ_20130318_731,E12,E14,0,0.696853,0.044055,0.063088,0.196003
WSJ_20130318_731,E13,E14,0,0.445168,0.167377,0.104261,0.283195
CNN_20130322_1003,E1,E2,1,0.000149,0.987172,0.003666,0.009012
CNN_20130322_1003,E1,E3,0,0.838235,0.029480,0.041076,0.091210
CNN_20130322_1003,E1,E5,0,0.973587,0.000817,0.006646,0.018950
CNN_20130322_1003,E2,E3,0,0.993770,0.000078,0.001748,0.004403
CNN_20130322_1003,E2,E5,0,0.997761,0.000010,0.000509,0.001719
CNN_20130322_1003,E3,E5,0,0.578188,0.134183,0.070832,0.216797
CNN_20130322_1003,E6,E7,1,0.000430,0.981539,0.005582,0.012449
CNN_20130322_1003,E9,E10,1,0.314291,0.402577,0.067540,0.215593
CNN_20130322_1003,E9,E11,1,0.000100,0.990907,0.002363,0.006630
CNN_20130322_1003,E9,E1000,1,0.000009,0.997151,0.000672,0.002168
CNN_20130322_1003,E10,E11,1,0.000635,0.978797,0.005324,0.015245
CNN_20130322_1003,E10,E1000,1,0.000019,0.995832,0.001031,0.003118
CNN_20130322_1003,E11,E1000,1,0.016420,0.876336,0.030276,0.076967
CNN_20130322_1003,E12,E13,1,0.011138,0.864674,0.036330,0.087858
CNN_20130322_1003,E12,E14,1,0.000063,0.991695,0.002209,0.006033
CNN_20130322_1003,E12,E15,1,0.000056,0.991754,0.002099,0.006092
CNN_20130322_1003,E13,E14,1,0.001253,0.968030,0.010081,0.020636
CNN_20130322_1003,E13,E15,1,0.000396,0.978359,0.006459,0.014786
CNN_20130322_1003,E14,E15,1,0.015337,0.878423,0.034400,0.071840
CNN_20130322_1003,E17,E19,1,0.000259,0.980969,0.005319,0.013452
CNN_20130322_1003,E17,E20,0,0.830593,0.013699,0.037332,0.118377
CNN_20130322_1003,E19,E20,0,0.998433,0.000006,0.000367,0.001194
CNN_20130322_1003,E23,E27,0,0.484614,0.180074,0.083726,0.251586
CNN_20130322_1003,E30,E31,1,0.004241,0.884178,0.028128,0.083453
CNN_20130322_1003,E30,E32,1,0.000060,0.989917,0.002330,0.007693
CNN_20130322_1003,E30,E33,1,0.000029,0.994198,0.001422,0.004351
CNN_20130322_1003,E31,E32,1,0.000097,0.987311,0.003051,0.009541
CNN_20130322_1003,E31,E33,1,0.000038,0.993333,0.001655,0.004974
CNN_20130322_1003,E32,E33,1,0.072199,0.736337,0.053293,0.138171
CNN_20130322_1003,E34,E36,1,0.000014,0.995744,0.000919,0.003323
CNN_20130322_1003,E40,E41,1,0.000415,0.979098,0.006145,0.014342
CNN_20130322_1003,E40,E42,1,0.000113,0.989577,0.002979,0.007331
CNN_20130322_1003,E41,E42,1,0.001467,0.969824,0.008998,0.019711
CNN_20130322_1003,E43,E44,0,0.853905,0.011086,0.028329,0.106680
CNN_20130322_1003,E45,E47,0,0.522876,0.100502,0.088791,0.287831
CNN_20130322_1003,E55,E57,0,0.994340,0.000037,0.001205,0.004418
CNN_20130322_1003,E1,E6,0,0.622723,0.142010,0.075118,0.160149
CNN_20130322_1003,E1,E7,1,0.041268,0.814862,0.049314,0.094556
CNN_20130322_1003,E2,E6,0,0.990572,0.000190,0.002855,0.006383
CNN_20130322_1003,E2,E7,0,0.867943,0.026341,0.036622,0.069093
CNN_20130322_1003,E3,E6,1,0.107323,0.666444,0.068816,0.157417
CNN_20130322_1003,E3,E7,1,0.000761,0.974949,0.007689,0.016601
CNN_20130322_1003,E5,E6,1,0.009117,0.913581,0.022273,0.055028
CNN_20130322_1003,E5,E7,1,0.000072,0.992273,0.002169,0.005486
CNN_20130322_1003,E6,E9,0,0.998058,0.000008,0.000427,0.001507
CNN_20130322_1003,E6,E10,0,0.998351,0.000007,0.000373,0.001269
CNN_20130322_1003,E6,E11,0,0.734431,0.080928,0.051516,0.133125
CNN_20130322_1003,E6,E1000,1,0.048144,0.775181,0.051073,0.125602
CNN_20130322_1003,E7,E9,0,0.999130,0.000002,0.000192,0.000675
CNN_20130322_1003,E7,E10,0,0.999156,0.000003,0.000193,0.000649
CNN_20130322_1003,E7,E11,0,0.927367,0.010443,0.018675,0.043515
CNN_20130322_1003,E7,E1000,1,0.255809,0.475199,0.083632,0.185359
CNN_20130322_1003,E9,E12,1,0.086775,0.706013,0.055463,0.151748
CNN_20130322_1003,E9,E13,1,0.000218,0.984388,0.004342,0.011052
CNN_20130322_1003,E9,E14,1,0.000005,0.998039,0.000468,0.001488
CNN_20130322_1003,E9,E15,1,0.000005,0.998060,0.000440,0.001496
CNN_20130322_1003,E10,E12,1,0.341992,0.377280,0.072924,0.207804
CNN_20130322_1003,E10,E13,1,0.001136,0.966974,0.009053,0.022837
CNN_20130322_1003,E10,E14,1,0.000011,0.997136,0.000715,0.002138
CNN_20130322_1003,E10,E15,1,0.000011,0.996811,0.000769,0.002408
CNN_20130322_1003,E11,E12,0,0.985625,0.000400,0.003797,0.010178
CNN_20130322_1003,E11,E13,0,0.585783,0.154880,0.077143,0.182194
CNN_20130322_1003,E11,E14,1,0.006376,0.932402,0.018820,0.042401
CNN_20130322_1003,E11,E15,1,0.002703,0.947656,0.014609,0.035033
CNN_20130322_1003,E1000,E12,0,0.997910,0.000015,0.000559,0.001516
CNN_20130322_1003,E1000,E13,0,0.967608,0.001986,0.009871,0.020535
CNN_20130322_1003,E1000,E14,1,0.355017,0.401799,0.081199,0.161985
CNN_20130322_1003,E1000,E15,1,0.198609,0.543487,0.083332,0.174572
CNN_20130322_1003,E12,E17,1,0.000255,0.979128,0.005437,0.015181
CNN_20130322_1003,E12,E19,1,0.000005,0.997896,0.000471,0.001628
CNN_20130322_1003,E12,E20,1,0.060499,0.668343,0.066404,0.204753
CNN_20130322_1003,E13,E17,1,0.004665,0.918779,0.023654,0.052902
CNN_20130322_1003,E13,E19,1,0.000052,0.992988,0.001913,0.005047
CNN_20130322_1003,E13,E20,0,0.879151,0.015712,0.030149,0.074988
CNN_20130322_1003,E14,E17,1,0.135183,0.575006,0.086301,0.203510
CNN_20130322_1003,E14,E19,1,0.000289,0.982613,0.005177,0.011921
CNN_20130322_1003,E14,E20,0,0.985887,0.000311,0.003829,0.009974
CNN_20130322_1003,E15,E17,1,0.268862,0.365692,0.104434,0.261012
CNN_20130322_1003,E15,E19,1,0.000686,0.970959,0.008765,0.019590
CNN_20130322_1003,E15,E20,0,0.989458,0.000140,0.002719,0.007682
CNN_20130322_1003,E17,E21,0,0.615216,0.073349,0.080266,0.231169
CNN_20130322_1003,E19,E21,0,0.995400,0.000043,0.001209,0.003348
CNN_20130322_1003,E20,E21,1,0.042329,0.751755,0.052344,0.153573
CNN_20130322_1003,E21,E23,0,0.984924,0.000227,0.003413,0.011437
CNN_20130322_1003,E21,E27,0,0.870964,0.014503,0.031139,0.083394
CNN_20130322_1003,E30,E34,0,0.940010,0.001788,0.014364,0.043838
CNN_20130322_1003,E30,E36,1,0.000571,0.968878,0.008702,0.021849
CNN_20130322_1003,E31,E34,0,0.977124,0.000335,0.004969,0.017572
CNN_20130322_1003,E31,E36,1,0.000420,0.973016,0.006594,0.019970
CNN_20130322_1003,E32,E34,0,0.998705,0.000003,0.000250,0.001042
CNN_20130322_1003,E32,E36,0,0.518854,0.184661,0.080856,0.215629
CNN_20130322_1003,E33,E34,0,0.998800,0.000004,0.000256,0.000940
CNN_20130322_1003,E33,E36,1,0.251738,0.489849,0.073076,0.185337
CNN_20130322_1003,E34,E38,1,0.016861,0.774524,0.050525,0.158090
CNN_20130322_1003,E36,E38,0,0.962238,0.001211,0.009739,0.026812
CNN_20130322_1003,E38,E40,0,0.546597,0.167003,0.096727,0.189673
CNN_20130322_1003,E38,E41,1,0.003539,0.941176,0.018618,0.036667
CNN_20130322_1003,E38,E42,1,0.000938,0.970425,0.009383,0.019254
CNN_20130322_1003,E40,E43,0,0.982674,0.000236,0.004035,0.013055
CNN_20130322_1003,E40,E44,0,0.995773,0.000026,0.000944,0.003257
CNN_20130322_1003,E41,E43,0,0.995234,0.000027,0.001010,0.003729
CNN_20130322_1003,E41,E44,0,0.998873,0.000003,0.000227,0.000897
CNN_20130322_1003,E42,E43,0,0.996635,0.000017,0.000730,0.002618
CNN_20130322_1003,E42,E44,0,0.999199,0.000002,0.000165,0.000635
CNN_20130322_1003,E43,E45,3,0.174646,0.317006,0.102949,0.405399
CNN_20130322_1003,E43,E47,0,0.401923,0.157977,0.093674,0.346427
CNN_20130322_1003,E44,E45,1,0.019661,0.739005,0.049771,0.191563
CNN_20130322_1003,E44,E47,1,0.020652,0.759863,0.046621,0.172863
CNN_20130322_1003,E45,E48,0,0.476804,0.124906,0.092401,0.305889
CNN_20130322_1003,E47,E48,1,0.239444,0.346022,0.100242,0.314292
CNN_20130322_1003,E48,E50,0,0.893881,0.006665,0.025494,0.073960
CNN_20130322_1003,E50,E51,1,0.003139,0.907114,0.022629,0.067117
CNN_20130322_1003,E51,E52,0,0.850865,0.007746,0.031825,0.109565
CNN_20130322_1003,E52,E53,0,0.971939,0.000402,0.006114,0.021544
CNN_20130322_1003,E53,E55,0,0.831566,0.012576,0.036945,0.118913
