WSJ_20130322_159,E5,E6,1,0.011176,0.875172,0.029013,0.084639
WSJ_20130322_159,E5,E10,0,0.519680,0.147804,0.087589,0.244927
WSJ_20130322_159,E5,E11,0,0.952773,0.001405,0.011773,0.034050
WSJ_20130322_159,E6,E10,0,0.785357,0.024486,0.045309,0.144848
WSJ_20130322_159,E6,E11,0,0.992272,0.000037,0.001685,0.006007
WSJ_20130322_159,E10,E11,0,0.910085,0.002799,0.018316,0.068800
WSJ_20130322_159,E12,E14,3,0.125549,0.385427,0.088797,0.400227
WSJ_20130322_159,E18,E19,3,0.278677,0.258616,0.103634,0.359073
WSJ_20130322_159,E20,E22,1,0.000015,0.994950,0.000962,0.004073
WSJ_20130322_159,E29,E31,0,0.967868,0.000302,0.005754,0.026077
WSJ_20130322_159,E29,E34,0,0.558544,0.070630,0.072403,0.298423
WSJ_20130322_159,E29,E37,0,0.920480,0.002033,0.015238,0.062249
WSJ_20130322_159,E31,E34,1,0.071843,0.489949,0.082808,0.355400
WSJ_20130322_159,E31,E37,0,0.571186,0.050524,0.071893,0.306397
WSJ_20130322_159,E34,E37,0,0.958043,0.000561,0.008336,0.033060
WSJ_20130322_159,E38,E39,1,0.001238,0.948968,0.011394,0.038399
WSJ_20130322_159,E38,E40,1,0.031201,0.672602,0.061528,0.234669
WSJ_20130322_159,E39,E40,3,0.322106,0.230091,0.103731,0.344071
WSJ_20130322_159,E42,E44,1,0.000097,0.983933,0.003004,0.012966
WSJ_20130322_159,E46,E47,1,0.002222,0.924938,0.015086,0.057753
WSJ_20130322_159,E46,E49,0,0.446177,0.135660,0.083324,0.334840
WSJ_20130322_159,E47,E49,0,0.938135,0.001607,0.011765,0.048493
WSJ_20130322_159,E1,E5,1,0.189715,0.388691,0.095117,0.326478
WSJ_20130322_159,E1,E6,1,0.010348,0.852061,0.032509,0.105082
WSJ_20130322_159,E1,E10,1,0.076596,0.542342,0.081651,0.299411
WSJ_20130322_159,E1,E11,0,0.907576,0.003085,0.019407,0.069931
WSJ_20130322_159,E5,E12,0,0.990068,0.000059,0.002252,0.007621
WSJ_20130322_159,E5,E14,0,0.818732,0.016166,0.036237,0.128864
WSJ_20130322_159,E6,E12,0,0.992199,0.000033,0.001624,0.006144
WSJ_20130322_159,E6,E14,0,0.864259,0.006296,0.025398,0.104047
WSJ_20130322_159,E10,E12,0,0.868305,0.003878,0.022666,0.105151
WSJ_20130322_159,E10,E14,3,0.205521,0.279793,0.095740,0.418946
WSJ_20130322_159,E11,E12,3,0.370938,0.109942,0.089066,0.430053
WSJ_20130322_159,E11,E14,1,0.009025,0.805056,0.035487,0.150432
WSJ_20130322_159,E12,E18,0,0.913150,0.001558,0.014225,0.071067
WSJ_20130322_159,E12,E19,0,0.846463,0.006703,0.028722,0.118112
WSJ_20130322_159,E14,E18,0,0.992199,0.000020,0.001248,0.006532
WSJ_20130322_159,E14,E19,0,0.960900,0.000443,0.007197,0.031461
WSJ_20130322_159,E18,E20,1,0.000786,0.949396,0.010683,0.039135
WSJ_20130322_159,E18,E22,1,0.000005,0.997175,0.000522,0.002298
WSJ_20130322_159,E19,E20,1,0.003406,0.893139,0.021656,0.081800
WSJ_20130322_159,E19,E22,1,0.000007,0.996878,0.000579,0.002537
WSJ_20130322_159,E20,E26,1,0.127383,0.462182,0.080803,0.329632
WSJ_20130322_159,E22,E26,0,0.993590,0.000040,0.001638,0.004732
WSJ_20130322_159,E26,E29,0,0.987317,0.000080,0.002664,0.009939
WSJ_20130322_159,E26,E31,0,0.997658,0.000004,0.000476,0.001861
WSJ_20130322_159,E26,E34,0,0.985414,0.000113,0.003271,0.011202
WSJ_20130322_159,E26,E37,0,0.995331,0.000016,0.001016,0.003637
WSJ_20130322_159,E29,E38,0,0.780845,0.014109,0.039716,0.165331
WSJ_20130322_159,E29,E39,1,0.004035,0.896528,0.020659,0.078778
WSJ_20130322_159,E29,E40,1,0.070553,0.533598,0.077678,0.318171
WSJ_20130322_159,E31,E38,3,0.179461,0.269081,0.102479,0.448978
WSJ_20130322_159,E31,E39,1,0.000358,0.967746,0.006586,0.025310
WSJ_20130322_159,E31,E40,1,0.003223,0.878431,0.023522,0.094824
WSJ_20130322_159,E34,E38,0,0.802189,0.006995,0.032676,0.158140
WSJ_20130322_159,E34,E39,1,0.017247,0.761007,0.044835,0.176910
WSJ_20130322_159,E34,E40,3,0.118758,0.383493,0.096245,0.401503
WSJ_20130322_159,E37,E38,3,0.118354,0.345292,0.090398,0.445956
WSJ_20130322_159,E37,E39,1,0.000237,0.974432,0.005141,0.020190
WSJ_20130322_159,E37,E40,1,0.001721,0.916183,0.016369,0.065726
WSJ_20130322_159,E38,E42,0,0.938144,0.000868,0.010500,0.050487
WSJ_20130322_159,E38,E44,1,0.004209,0.876589,0.023245,0.095958
WSJ_20130322_159,E39,E42,0,0.983744,0.000112,0.003305,0.012839
WSJ_20130322_159,E39,E44,1,0.040874,0.666987,0.059993,0.232146
WSJ_20130322_159,E40,E42,0,0.983228,0.000092,0.003118,0.013562
WSJ_20130322_159,E40,E44,3,0.089896,0.404568,0.084271,0.421264
WSJ_20130322_159,E42,E46,0,0.885625,0.003239,0.019200,0.091936
WSJ_20130322_159,E42,E47,1,0.013289,0.779417,0.038148,0.169146
WSJ_20130322_159,E42,E49,0,0.442241,0.136264,0.077677,0.343818
WSJ_20130322_159,E44,E46,0,0.994391,0.000015,0.001016,0.004578
WSJ_20130322_159,E44,E47,0,0.880457,0.003843,0.018161,0.097539
WSJ_20130322_159,E44,E49,0,0.988181,0.000068,0.002266,0.009485
WSJ_20130322_159,E46,E55,0,0.958999,0.000610,0.008067,0.032325
WSJ_20130322_159,E47,E55,0,0.995395,0.000014,0.000938,0.003653
WSJ_20130322_159,E49,E55,0,0.929596,0.002370,0.014498,0.053536
nyt_20130322_strange_computer,E8,E11,0,0.998607,0.000002,0.000305,0.001086
nyt_20130322_strange_computer,E14,E16,1,0.000929,0.957946,0.010796,0.030329
nyt_20130322_strange_computer,E19,E22,3,0.290188,0.250790,0.101296,0.357725
nyt_20130322_strange_computer,E19,E23,3,0.246936,0.310573,0.102864,0.339627
nyt_20130322_strange_computer,E22,E23,0,0.711072,0.034326,0.060317,0.194285
nyt_20130322_strange_computer,E6,E8,1,0.000965,0.960207,0.010475,0.028353
nyt_20130322_strange_computer,E6,E11,0,0.994935,0.000021,0.001173,0.003872
nyt_20130322_strange_computer,E8,E14,0,0.997775,0.000005,0.000513,0.001707
nyt_20130322_strange_computer,E8,E16,0,0.958670,0.001239,0.010951,0.029141
nyt_20130322_strange_computer,E11,E14,0,0.800786,0.015139,0.044219,0.139856
nyt_20130322_strange_computer,E11,E16,1,0.001388,0.941702,0.013797,0.043113
nyt_20130322_strange_computer,E14,E19,0,0.384674,0.179337,0.102358,0.333631
nyt_20130322_strange_computer,E14,E22,0,0.518305,0.115906,0.090202,0.275587
nyt_20130322_strange_computer,E14,E23,0,0.440575,0.146771,0.096751,0.315903
nyt_20130322_strange_computer,E16,E19,0,0.983881,0.000161,0.004004,0.011953
nyt_20130322_strange_computer,E16,E22,0,0.974834,0.000324,0.005994,0.018847
nyt_20130322_strange_computer,E16,E23,0,0.982362,0.000187,0.004379,0.013072
nyt_20130322_strange_computer,E19,E24,0,0.615094,0.078801,0.076269,0.229836
nyt_20130322_strange_computer,E22,E24,0,0.838857,0.013841,0.038355,0.108947
nyt_20130322_strange_computer,E23,E24,0,0.485423,0.130969,0.098590,0.285018
CNN_20130321_821,E4,E5,1,0.142552,0.475030,0.097848,0.284570
CNN_20130321_821,E5,E8,0,0.928390,0.002402,0.014709,0.054500
CNN_20130321_821,E8,E1000,0,0.588113,0.069767,0.073276,0.268844
CNN_20130321_821,E1002,E20,0,0.797612,0.009339,0.041182,0.151867
nyt_20130321_cyprus,E2,E5,1,0.063550,0.625056,0.088214,0.223180
nyt_20130321_cyprus,E7,E2009,1,0.011370,0.807094,0.035518,0.146018
nyt_20130321_cyprus,E13,E15,1,0.116208,0.445313,0.095638,0.342841
nyt_20130321_cyprus,E22,E23,1,0.025207,0.765594,0.047682,0.161518
nyt_20130321_cyprus,E22,E24,1,0.000020,0.994608,0.001127,0.004245
nyt_20130321_cyprus,E23,E24,1,0.000161,0.983332,0.003855,0.012652
nyt_20130321_cyprus,E33,E35,0,0.378604,0.197709,0.106275,0.317413
nyt_20130321_cyprus,E41,E42,1,0.001669,0.933573,0.015357,0.049401
nyt_20130321_cyprus,E46,E47,0,0.989008,0.000071,0.002409,0.008512
nyt_20130321_cyprus,E48,E51,0,0.983738,0.000145,0.003769,0.012348
nyt_20130321_cyprus,E2,E7,0,0.962329,0.000741,0.009986,0.026945
nyt_20130321_cyprus,E2,E2009,0,0.578104,0.053568,0.081625,0.286703
nyt_20130321_cyprus,E5,E7,0,0.977790,0.000314,0.005895,0.016002
nyt_20130321_cyprus,E5,E2009,0,0.762653,0.020059,0.048766,0.168522
nyt_20130321_cyprus,E7,E9,1,0.000474,0.967509,0.007507,0.024510
nyt_20130321_cyprus,E2009,E9,1,0.144636,0.445013,0.099591,0.310760
nyt_20130321_cyprus,E10,E13,0,0.978292,0.000283,0.005583,0.015843
nyt_20130321_cyprus,E10,E15,0,0.981180,0.000218,0.004683,0.013919
nyt_20130321_cyprus,E13,E21,0,0.705224,0.032904,0.059867,0.202005
nyt_20130321_cyprus,E15,E21,0,0.887917,0.004527,0.024245,0.083311
nyt_20130321_cyprus,E21,E22,0,0.780842,0.020040,0.043641,0.155477
nyt_20130321_cyprus,E21,E23,1,0.175597,0.395093,0.096989,0.332322
nyt_20130321_cyprus,E21,E24,1,0.000054,0.990773,0.002033,0.007139
nyt_20130321_cyprus,E22,E25,1,0.001913,0.930804,0.014696,0.052587
nyt_20130321_cyprus,E23,E25,1,0.150483,0.463507,0.083750,0.302260
nyt_20130321_cyprus,E24,E25,0,0.982748,0.000199,0.004362,0.012691
nyt_20130321_cyprus,E33,E36,0,0.400306,0.164592,0.104333,0.330769
nyt_20130321_cyprus,E35,E36,3,0.201747,0.344844,0.095549,0.357860
nyt_20130321_cyprus,E36,E41,0,0.962339,0.000512,0.007669,0.029480
nyt_20130321_cyprus,E36,E42,1,0.052153,0.647781,0.067122,0.232944
nyt_20130321_cyprus,E46,E48,1,0.069373,0.613650,0.070964,0.246014
nyt_20130321_cyprus,E46,E51,0,0.986377,0.000113,0.003173,0.010338
nyt_20130321_cyprus,E47,E48,1,0.000194,0.981135,0.004446,0.014224
nyt_20130321_cyprus,E47,E51,0,0.393292,0.177909,0.100606,0.328193
nyt_20130321_cyprus,E48,E57,1,0.000244,0.980300,0.004876,0.014579
nyt_20130321_cyprus,E51,E57,1,0.000008,0.996737,0.000647,0.002608
bbc_20130322_1353,E1,E5,1,0.000113,0.984832,0.003258,0.011797
bbc_20130322_1353,E8,E10,1,0.000028,0.992617,0.001413,0.005943
bbc_20130322_1353,E15,E16,1,0.001020,0.947214,0.010660,0.041106
bbc_20130322_1353,E19,E20,1,0.005330,0.930814,0.019873,0.043983
bbc_20130322_1353,E19,E21,1,0.004438,0.934497,0.019770,0.041296
bbc_20130322_1353,E20,E21,0,0.455132,0.252320,0.090287,0.202261
bbc_20130322_1353,E23,E25,1,0.070846,0.590413,0.077569,0.261171
bbc_20130322_1353,E23,E26,1,0.000966,0.952366,0.011050,0.035618
bbc_20130322_1353,E23,E27,1,0.000059,0.990364,0.002131,0.007446
bbc_20130322_1353,E25,E26,1,0.001122,0.952896,0.011546,0.034436
bbc_20130322_1353,E25,E27,1,0.000025,0.994425,0.001232,0.004318
bbc_20130322_1353,E26,E27,1,0.000293,0.978146,0.005501,0.016060
bbc_20130322_1353,E28,E29,1,0.000215,0.979075,0.004627,0.016082
bbc_20130322_1353,E28,E31,1,0.001327,0.950690,0.010795,0.037188
bbc_20130322_1353,E29,E31,0,0.750180,0.054216,0.051066,0.144538
bbc_20130322_1353,E33,E34,0,0.893118,0.005726,0.024252,0.076903
bbc_20130322_1353,E35,E36,0,0.646233,0.067492,0.075628,0.210647
bbc_20130322_1353,E35,E37,1,0.004828,0.897523,0.023935,0.073714
bbc_20130322_1353,E36,E37,1,0.000647,0.959427,0.008448,0.031478
bbc_20130322_1353,E1,E8,0,0.947878,0.000999,0.010589,0.040534
bbc_20130322_1353,E1,E10,1,0.000044,0.991115,0.001823,0.007018
bbc_20130322_1353,E5,E8,0,0.996811,0.000009,0.000714,0.002466
bbc_20130322_1353,E5,E10,1,0.110761,0.597171,0.075244,0.216824
bbc_20130322_1353,E8,E11,0,0.654043,0.037261,0.056093,0.252603
bbc_20130322_1353,E10,E11,0,0.997529,0.000006,0.000563,0.001901
bbc_20130322_1353,E11,E13,1,0.119466,0.416543,0.087924,0.376067
bbc_20130322_1353,E13,E15,0,0.935613,0.001568,0.014053,0.048766
bbc_20130322_1353,E13,E16,0,0.425575,0.150785,0.088074,0.335567
bbc_20130322_1353,E15,E17,1,0.005219,0.879284,0.023814,0.091683
bbc_20130322_1353,E16,E17,1,0.049962,0.605149,0.064484,0.280404
bbc_20130322_1353,E17,E19,1,0.041051,0.710327,0.053319,0.195303
bbc_20130322_1353,E17,E20,1,0.000047,0.991415,0.001881,0.006657
bbc_20130322_1353,E17,E21,1,0.000238,0.979355,0.004870,0.015538
bbc_20130322_1353,E19,E23,0,0.838349,0.017061,0.037984,0.106606
bbc_20130322_1353,E19,E25,0,0.949083,0.002206,0.013160,0.035551
bbc_20130322_1353,E19,E26,1,0.012596,0.863030,0.035683,0.088692
bbc_20130322_1353,E19,E27,1,0.000784,0.970799,0.008420,0.019996
bbc_20130322_1353,E20,E23,0,0.978669,0.000354,0.005438,0.015539
bbc_20130322_1353,E20,E25,0,0.987165,0.000147,0.003362,0.009326
bbc_20130322_1353,E20,E26,0,0.810412,0.028636,0.044388,0.116564
bbc_20130322_1353,E20,E27,1,0.060207,0.734775,0.058090,0.146928
bbc_20130322_1353,E21,E23,0,0.959840,0.001245,0.010528,0.028387
bbc_20130322_1353,E21,E25,0,0.976792,0.000481,0.006303,0.016424
bbc_20130322_1353,E21,E26,0,0.686544,0.074790,0.068896,0.169771
bbc_20130322_1353,E21,E27,1,0.020635,0.850214,0.038146,0.091006
bbc_20130322_1353,E23,E28,0,0.901867,0.004371,0.021396,0.072366
bbc_20130322_1353,E23,E29,1,0.016293,0.803298,0.040802,0.139607
bbc_20130322_1353,E23,E31,0,0.839719,0.018849,0.036573,0.104859
bbc_20130322_1353,E25,E28,0,0.715960,0.043691,0.056636,0.183713
bbc_20130322_1353,E25,E29,1,0.013789,0.846841,0.033858,0.105512
bbc_20130322_1353,E25,E31,0,0.445514,0.221179,0.086524,0.246784
bbc_20130322_1353,E26,E28,0,0.957899,0.000970,0.010138,0.030992
bbc_20130322_1353,E26,E29,1,0.281223,0.316403,0.100124,0.302250
bbc_20130322_1353,E26,E31,0,0.888058,0.010187,0.027348,0.074407
bbc_20130322_1353,E27,E28,0,0.994846,0.000023,0.001239,0.003891
bbc_20130322_1353,E27,E29,0,0.894473,0.007762,0.024453,0.073312
bbc_20130322_1353,E27,E31,0,0.990307,0.000105,0.002572,0.007015
bbc_20130322_1353,E28,E33,1,0.006981,0.870343,0.026910,0.095766
bbc_20130322_1353,E28,E34,1,0.086795,0.551323,0.074461,0.287421
bbc_20130322_1353,E29,E33,0,0.831220,0.016618,0.036205,0.115957
bbc_20130322_1353,E29,E34,0,0.960886,0.000849,0.008641,0.029624
bbc_20130322_1353,E31,E33,0,0.580367,0.122359,0.076046,0.221228
bbc_20130322_1353,E31,E34,0,0.894527,0.007879,0.023485,0.074108
bbc_20130322_1353,E33,E35,0,0.996270,0.000011,0.000825,0.002894
bbc_20130322_1353,E33,E36,0,0.992437,0.000051,0.001967,0.005546
bbc_20130322_1353,E33,E37,0,0.790190,0.026174,0.047969,0.135666
bbc_20130322_1353,E34,E35,0,0.997835,0.000004,0.000467,0.001694
bbc_20130322_1353,E34,E36,0,0.994775,0.000020,0.001165,0.004040
bbc_20130322_1353,E34,E37,0,0.718405,0.039229,0.054698,0.187669
nyt_20130321_women_senate,E1000009,E2,0,0.825269,0.021854,0.039950,0.112927
nyt_20130321_women_senate,E4,E5,1,0.000052,0.991858,0.001909,0.006181
nyt_20130321_women_senate,E4,E6,0,0.415770,0.248776,0.087395,0.248059
nyt_20130321_women_senate,E5,E6,0,0.994881,0.000025,0.001250,0.003845
nyt_20130321_women_senate,E9,E10,0,0.977754,0.000291,0.005442,0.016513
nyt_20130321_women_senate,E11,E12,0,0.935445,0.002731,0.017122,0.044703
nyt_20130321_women_senate,E14,E15,1,0.002739,0.928007,0.019587,0.049666
nyt_20130321_women_senate,E16,E17,1,0.200902,0.374027,0.095229,0.329843
nyt_20130321_women_senate,E19,E20,1,0.000438,0.974563,0.006672,0.018327
nyt_20130321_women_senate,E19,E21,1,0.074849,0.603560,0.077640,0.243951
nyt_20130321_women_senate,E20,E21,0,0.831752,0.013857,0.034955,0.119436
nyt_20130321_women_senate,E23,E24,0,0.845367,0.013303,0.036424,0.104906
nyt_20130321_women_senate,E26,E27,0,0.748539,0.048394,0.072410,0.130656
nyt_20130321_women_senate,E26,E1000014,0,0.579512,0.104836,0.091697,0.223955
nyt_20130321_women_senate,E27,E1000014,1,0.040458,0.742378,0.072119,0.145045
nyt_20130321_women_senate,E37,E1000015,1,0.068460,0.546485,0.090989,0.294066
nyt_20130321_women_senate,E40,E41,0,0.973188,0.000467,0.006094,0.020251
nyt_20130321_women_senate,E40,E42,0,0.797459,0.021820,0.040628,0.140094
nyt_20130321_women_senate,E41,E42,1,0.150107,0.468031,0.084076,0.297786
nyt_20130321_women_senate,E43,E47,0,0.997208,0.000006,0.000564,0.002222
nyt_20130321_women_senate,E43,E48,0,0.997209,0.000005,0.000554,0.002231
nyt_20130321_women_senate,E47,E48,0,0.774057,0.015292,0.044557,0.166094
nyt_20130321_women_senate,E49,E50,0,0.978230,0.000286,0.005366,0.016118
nyt_20130321_women_senate,E49,E53,1,0.007784,0.906384,0.027642,0.058190
nyt_20130321_women_senate,E50,E53,1,0.000079,0.989543,0.002482,0.007895
nyt_20130321_women_senate,E1000009,E4,0,0.644093,0.094100,0.075201,0.186606
nyt_20130321_women_senate,E1000009,E5,1,0.000057,0.991395,0.002025,0.006523
nyt_20130321_women_senate,E1000009,E6,1,0.133787,0.568195,0.076737,0.221280
nyt_20130321_women_senate,E2,E4,0,0.667135,0.066898,0.068141,0.197826
nyt_20130321_women_senate,E2,E5,1,0.000060,0.990796,0.002122,0.007023
nyt_20130321_women_senate,E2,E6,0,0.420887,0.230133,0.087919,0.261061
nyt_20130321_women_senate,E4,E7,0,0.847901,0.018841,0.037066,0.096192
nyt_20130321_women_senate,E5,E7,0,0.997693,0.000007,0.000570,0.001731
nyt_20130321_women_senate,E6,E7,0,0.926588,0.005266,0.018552,0.049594
nyt_20130321_women_senate,E7,E8,1,0.005829,0.903361,0.021891,0.068920
nyt_20130321_women_senate,E8,E9,0,0.989936,0.000064,0.002313,0.007687
nyt_20130321_women_senate,E8,E10,0,0.998124,0.000004,0.000445,0.001427
nyt_20130321_women_senate,E11,E1000012,0,0.385839,0.243388,0.098744,0.272029
nyt_20130321_women_senate,E12,E1000012,1,0.003600,0.923102,0.019298,0.053999
nyt_20130321_women_senate,E14,E16,0,0.994998,0.000022,0.001202,0.003778
nyt_20130321_women_senate,E14,E17,0,0.991063,0.000063,0.002260,0.006614
nyt_20130321_women_senate,E15,E16,0,0.997397,0.000007,0.000618,0.001977
nyt_20130321_women_senate,E15,E17,0,0.995102,0.000019,0.001123,0.003756
nyt_20130321_women_senate,E16,E19,1,0.001213,0.951776,0.011569,0.035442
nyt_20130321_women_senate,E16,E20,1,0.000023,0.993832,0.001258,0.004887
nyt_20130321_women_senate,E16,E21,1,0.000459,0.967772,0.007335,0.024433
nyt_20130321_women_senate,E17,E19,1,0.027777,0.775899,0.049014,0.147310
nyt_20130321_women_senate,E17,E20,1,0.000096,0.987120,0.002884,0.009900
nyt_20130321_women_senate,E17,E21,1,0.005848,0.863970,0.027232,0.102950
nyt_20130321_women_senate,E19,E22,0,0.407224,0.204699,0.095426,0.292650
nyt_20130321_women_senate,E20,E22,0,0.950085,0.001445,0.011020,0.037450
nyt_20130321_women_senate,E21,E22,0,0.818478,0.010262,0.034166,0.137093
nyt_20130321_women_senate,E22,E23,0,0.920551,0.002735,0.016315,0.060399
nyt_20130321_women_senate,E22,E24,0,0.989825,0.000071,0.002384,0.007720
nyt_20130321_women_senate,E23,E25,0,0.887662,0.004639,0.023360,0.084339
nyt_20130321_women_senate,E24,E25,0,0.440199,0.135845,0.088305,0.335651
nyt_20130321_women_senate,E25,E26,1,0.000209,0.979720,0.004707,0.015365
nyt_20130321_women_senate,E25,E27,1,0.001561,0.945397,0.015780,0.037263
nyt_20130321_women_senate,E25,E1000014,1,0.001175,0.948144,0.012864,0.037817
nyt_20130321_women_senate,E26,E29,0,0.855706,0.008330,0.035071,0.100893
nyt_20130321_women_senate,E27,E29,1,0.028864,0.722942,0.069413,0.178781
nyt_20130321_women_senate,E1000014,E29,1,0.052165,0.624209,0.078519,0.245107
nyt_20130321_women_senate,E29,E36,0,0.989119,0.000061,0.002340,0.008480
nyt_20130321_women_senate,E36,E37,0,0.722229,0.021099,0.050404,0.206267
nyt_20130321_women_senate,E36,E1000015,0,0.400279,0.134692,0.104618,0.360411
nyt_20130321_women_senate,E37,E40,1,0.000116,0.984115,0.003335,0.012434
nyt_20130321_women_senate,E37,E41,1,0.034145,0.702756,0.056051,0.207048
nyt_20130321_women_senate,E37,E42,1,0.000424,0.965442,0.007188,0.026946
nyt_20130321_women_senate,E1000015,E40,1,0.013288,0.794846,0.043511,0.148355
nyt_20130321_women_senate,E1000015,E41,0,0.696095,0.031234,0.059985,0.212686
nyt_20130321_women_senate,E1000015,E42,1,0.067550,0.535270,0.084256,0.312924
nyt_20130321_women_senate,E40,E43,0,0.400679,0.164812,0.091005,0.343504
nyt_20130321_women_senate,E40,E47,0,0.991762,0.000040,0.001782,0.006416
nyt_20130321_women_senate,E40,E48,0,0.992113,0.000036,0.001688,0.006164
nyt_20130321_women_senate,E41,E43,1,0.011147,0.819240,0.034913,0.134700
nyt_20130321_women_senate,E41,E47,0,0.929359,0.002005,0.014592,0.054044
nyt_20130321_women_senate,E41,E48,0,0.936278,0.001477,0.013463,0.048782
nyt_20130321_women_senate,E42,E43,1,0.094378,0.502472,0.079416,0.323733
nyt_20130321_women_senate,E42,E47,0,0.975873,0.000239,0.004950,0.018937
nyt_20130321_women_senate,E42,E48,0,0.980161,0.000164,0.004159,0.015516
nyt_20130321_women_senate,E43,E49,0,0.851420,0.008654,0.032587,0.107339
nyt_20130321_women_senate,E43,E50,0,0.995500,0.000012,0.000903,0.003584
nyt_20130321_women_senate,E43,E53,1,0.011928,0.863064,0.033006,0.092002
nyt_20130321_women_senate,E47,E49,1,0.001686,0.929763,0.016112,0.052439
nyt_20130321_women_senate,E47,E50,0,0.528487,0.087304,0.077929,0.306280
nyt_20130321_women_senate,E47,E53,1,0.000014,0.995767,0.000897,0.003322
nyt_20130321_women_senate,E48,E49,1,0.004934,0.878161,0.029087,0.087818
nyt_20130321_women_senate,E48,E50,0,0.703379,0.031779,0.057484,0.207358
nyt_20130321_women_senate,E48,E53,1,0.000037,0.992902,0.001607,0.005454
bbc_20130322_1150,E1,E2,0,0.992271,0.000083,0.002204,0.005442
bbc_20130322_1150,E6,E7,1,0.031304,0.689342,0.058574,0.220780
bbc_20130322_1150,E8,E10,1,0.018774,0.806111,0.045408,0.129707
bbc_20130322_1150,E8,E11,3,0.285370,0.283603,0.117001,0.314026
bbc_20130322_1150,E10,E11,0,0.684455,0.067528,0.074674,0.173343
bbc_20130322_1150,E14,E15,1,0.013924,0.830755,0.036356,0.118964
bbc_20130322_1150,E14,E17,1,0.124683,0.531731,0.082890,0.260696
bbc_20130322_1150,E15,E17,0,0.700096,0.043920,0.058572,0.197413
bbc_20130322_1150,E19,E20,1,0.010586,0.831415,0.040448,0.117551
bbc_20130322_1150,E19,E21,0,0.811140,0.012445,0.039959,0.136456
bbc_20130322_1150,E20,E21,0,0.919328,0.002696,0.017367,0.060610
bbc_20130322_1150,E23,E24,3,0.245454,0.273224,0.105899,0.375423
bbc_20130322_1150,E29,E30,0,0.997194,0.000010,0.000770,0.002026
bbc_20130322_1150,E53,E35,0,0.996033,0.000015,0.000956,0.002996
bbc_20130322_1150,E39,E40,0,0.988523,0.000102,0.003002,0.008373
bbc_20130322_1150,E41,E42,1,0.000081,0.989077,0.002579,0.008262
bbc_20130322_1150,E41,E43,1,0.107042,0.596285,0.090148,0.206525
bbc_20130322_1150,E42,E43,0,0.994614,0.000029,0.001384,0.003973
bbc_20130322_1150,E1,E3,0,0.997974,0.000006,0.000501,0.001520
bbc_20130322_1150,E2,E3,0,0.841879,0.024513,0.037207,0.096400
bbc_20130322_1150,E3,E4,1,0.000324,0.979805,0.005520,0.014350
bbc_20130322_1150,E4,E6,0,0.999460,0.000000,0.000101,0.000439
bbc_20130322_1150,E4,E7,0,0.994966,0.000021,0.001160,0.003853
bbc_20130322_1150,E6,E8,1,0.000227,0.976325,0.005092,0.018356
bbc_20130322_1150,E6,E10,1,0.000092,0.986923,0.002889,0.010096
bbc_20130322_1150,E6,E11,1,0.000704,0.958916,0.009824,0.030555
bbc_20130322_1150,E7,E8,1,0.022783,0.757292,0.053883,0.166042
bbc_20130322_1150,E7,E10,1,0.005243,0.898494,0.026242,0.070022
bbc_20130322_1150,E7,E11,1,0.100049,0.550273,0.096967,0.252711
bbc_20130322_1150,E8,E12,0,0.582682,0.083440,0.080871,0.253007
bbc_20130322_1150,E10,E12,0,0.933604,0.003197,0.017329,0.045869
bbc_20130322_1150,E11,E12,0,0.536404,0.138992,0.095921,0.228683
bbc_20130322_1150,E12,E14,0,0.937150,0.002105,0.016035,0.044710
bbc_20130322_1150,E12,E15,0,0.972658,0.000491,0.007583,0.019268
bbc_20130322_1150,E12,E17,0,0.974225,0.000343,0.006361,0.019071
bbc_20130322_1150,E18,E19,0,0.953133,0.000896,0.012215,0.033755
bbc_20130322_1150,E18,E20,0,0.391471,0.167796,0.118170,0.322563
bbc_20130322_1150,E18,E21,0,0.977554,0.000258,0.005709,0.016479
bbc_20130322_1150,E19,E23,0,0.842107,0.008658,0.034201,0.115035
bbc_20130322_1150,E19,E24,0,0.726892,0.029237,0.056535,0.187336
bbc_20130322_1150,E20,E23,0,0.967835,0.000404,0.006721,0.025040
bbc_20130322_1150,E20,E24,0,0.839311,0.010176,0.033158,0.117355
bbc_20130322_1150,E21,E23,0,0.776251,0.015694,0.041319,0.166736
bbc_20130322_1150,E21,E24,3,0.322279,0.213229,0.099095,0.365398
bbc_20130322_1150,E28,E29,1,0.000024,0.994310,0.001326,0.004340
bbc_20130322_1150,E28,E30,1,0.092352,0.535120,0.078844,0.293683
bbc_20130322_1150,E29,E34,0,0.999113,0.000001,0.000219,0.000667
bbc_20130322_1150,E30,E34,0,0.951591,0.001481,0.011676,0.035252
bbc_20130322_1150,E34,E53,1,0.000289,0.977148,0.005398,0.017165
bbc_20130322_1150,E34,E35,0,0.879568,0.009808,0.027836,0.082788
bbc_20130322_1150,E53,E36,0,0.977613,0.000301,0.005488,0.016598
bbc_20130322_1150,E35,E36,1,0.024884,0.784879,0.049054,0.141182
bbc_20130322_1150,E36,E39,1,0.000248,0.976019,0.005497,0.018236
bbc_20130322_1150,E36,E40,1,0.014317,0.774688,0.049094,0.161901
bbc_20130322_1150,E39,E41,0,0.996786,0.000012,0.000813,0.002389
bbc_20130322_1150,E39,E42,1,0.058972,0.647592,0.074082,0.219354
bbc_20130322_1150,E39,E43,0,0.974719,0.000419,0.006955,0.017907
bbc_20130322_1150,E40,E41,0,0.944600,0.001911,0.013708,0.039780
bbc_20130322_1150,E40,E42,1,0.000286,0.976504,0.005616,0.017594
bbc_20130322_1150,E40,E43,0,0.440189,0.180327,0.100050,0.279433
bbc_20130322_1150,E41,E44,0,0.565422,0.129539,0.088279,0.216760
bbc_20130322_1150,E42,E44,0,0.997129,0.000010,0.000724,0.002136
bbc_20130322_1150,E43,E44,0,0.607048,0.115852,0.082765,0.194336
bbc_20130322_332,E1,E2,0,0.562769,0.079363,0.071753,0.286115
bbc_20130322_332,E1,E3,1,0.164794,0.408448,0.086578,0.340180
bbc_20130322_332,E1,E4,1,0.000024,0.994230,0.001237,0.004510
bbc_20130322_332,E2,E3,1,0.109657,0.511596,0.088196,0.290551
bbc_20130322_332,E2,E4,1,0.000012,0.995782,0.000836,0.003370
bbc_20130322_332,E3,E4,1,0.000020,0.994843,0.001098,0.004039
bbc_20130322_332,E12,E13,1,0.009103,0.799824,0.038066,0.153007
bbc_20130322_332,E17,E18,1,0.065614,0.528882,0.085882,0.319622
bbc_20130322_332,E22,E23,0,0.995722,0.000012,0.000902,0.003364
bbc_20130322_332,E27,E28,0,0.395748,0.176034,0.102984,0.325234
bbc_20130322_332,E27,E29,0,0.968458,0.000450,0.007447,0.023645
bbc_20130322_332,E28,E29,0,0.964287,0.000549,0.008207,0.026958
bbc_20130322_332,E31,E33,1,0.256091,0.355049,0.108624,0.280235
bbc_20130322_332,E31,E34,1,0.010174,0.876331,0.031164,0.082330
bbc_20130322_332,E31,E35,1,0.037169,0.739549,0.066291,0.156991
bbc_20130322_332,E33,E34,1,0.286377,0.372254,0.094818,0.246551
bbc_20130322_332,E33,E35,0,0.459097,0.205383,0.105378,0.230142
bbc_20130322_332,E34,E35,0,0.662525,0.097841,0.077606,0.162027
bbc_20130322_332,E37,E38,0,0.566699,0.042267,0.070501,0.320533
bbc_20130322_332,E37,E40,3,0.232700,0.222846,0.100229,0.444225
bbc_20130322_332,E38,E40,0,0.442487,0.116145,0.087929,0.353439
bbc_20130322_332,E1,E5,0,0.465858,0.114355,0.082539,0.337248
bbc_20130322_332,E2,E5,3,0.254594,0.277832,0.103891,0.363683
bbc_20130322_332,E3,E5,0,0.788274,0.022211,0.044365,0.145150
bbc_20130322_332,E4,E5,0,0.996174,0.000015,0.000938,0.002873
bbc_20130322_332,E5,E9,1,0.001642,0.930768,0.015738,0.051852
bbc_20130322_332,E9,E11,1,0.003745,0.896385,0.027380,0.072490
bbc_20130322_332,E11,E12,0,0.986816,0.000103,0.003180,0.009902
bbc_20130322_332,E11,E13,0,0.762137,0.014132,0.051330,0.172401
bbc_20130322_332,E12,E17,1,0.003644,0.881469,0.024155,0.090732
bbc_20130322_332,E12,E18,1,0.004643,0.870817,0.026997,0.097544
bbc_20130322_332,E13,E17,1,0.097348,0.421844,0.096378,0.384429
bbc_20130322_332,E13,E18,1,0.092552,0.429849,0.097312,0.380287
bbc_20130322_332,E17,E19,0,0.547243,0.041466,0.075210,0.336081
bbc_20130322_332,E18,E19,0,0.737786,0.014210,0.048993,0.199011
bbc_20130322_332,E19,E22,1,0.001435,0.931592,0.015223,0.051750
bbc_20130322_332,E19,E23,0,0.855432,0.005961,0.029687,0.108920
bbc_20130322_332,E22,E24,1,0.007900,0.842699,0.035448,0.113953
bbc_20130322_332,E23,E24,1,0.000045,0.990852,0.001868,0.007235
bbc_20130322_332,E27,E30,0,0.990906,0.000058,0.002171,0.006866
bbc_20130322_332,E28,E30,0,0.989747,0.000070,0.002433,0.007750
bbc_20130322_332,E29,E30,0,0.701606,0.051221,0.061009,0.186164
bbc_20130322_332,E30,E31,1,0.097065,0.549733,0.079004,0.274198
bbc_20130322_332,E30,E33,1,0.059760,0.656690,0.067384,0.216167
bbc_20130322_332,E30,E34,1,0.027010,0.792753,0.046592,0.133646
bbc_20130322_332,E30,E35,1,0.080629,0.613677,0.082850,0.222844
bbc_20130322_332,E31,E36,1,0.247428,0.355158,0.107604,0.289810
bbc_20130322_332,E33,E36,0,0.396379,0.251819,0.096378,0.255425
bbc_20130322_332,E34,E36,0,0.603158,0.144973,0.078318,0.173550
bbc_20130322_332,E35,E36,0,0.708210,0.072871,0.073755,0.145164
bbc_20130322_332,E36,E37,0,0.994863,0.000022,0.001218,0.003898
bbc_20130322_332,E36,E38,0,0.995060,0.000016,0.001055,0.003869
bbc_20130322_332,E36,E40,0,0.992254,0.000040,0.001771,0.005934
bbc_20130322_1600,E2,E5,0,0.687914,0.056626,0.061490,0.193970
bbc_20130322_1600,E6,E7,1,0.164188,0.537581,0.090495,0.207737
bbc_20130322_1600,E6,E8,0,0.992841,0.000074,0.002198,0.004887
bbc_20130322_1600,E6,E9,0,0.952931,0.002483,0.013888,0.030698
bbc_20130322_1600,E7,E8,0,0.998549,0.000004,0.000391,0.001056
bbc_20130322_1600,E7,E9,0,0.982288,0.000464,0.005088,0.012161
bbc_20130322_1600,E8,E9,1,0.007935,0.912243,0.021904,0.057918
bbc_20130322_1600,E10,E11,1,0.040333,0.754669,0.055534,0.149464
bbc_20130322_1600,E10,E12,0,0.820134,0.023603,0.040848,0.115415
bbc_20130322_1600,E11,E12,0,0.862337,0.015559,0.033344,0.088761
bbc_20130322_1600,E16,E20,0,0.538720,0.134224,0.086582,0.240475
bbc_20130322_1600,E21,E22,0,0.861909,0.013335,0.030933,0.093823
bbc_20130322_1600,E2,E6,0,0.787140,0.036063,0.050003,0.126793
bbc_20130322_1600,E2,E7,1,0.140073,0.566498,0.078903,0.214526
bbc_20130322_1600,E2,E8,0,0.992287,0.000070,0.002279,0.005363
bbc_20130322_1600,E2,E9,0,0.825318,0.026679,0.038791,0.109212
bbc_20130322_1600,E5,E6,0,0.489554,0.165849,0.083307,0.261290
bbc_20130322_1600,E5,E7,1,0.094313,0.646778,0.067108,0.191801
bbc_20130322_1600,E5,E8,0,0.989881,0.000121,0.002759,0.007239
bbc_20130322_1600,E5,E9,0,0.819639,0.028062,0.038125,0.114174
bbc_20130322_1600,E6,E10,1,0.205973,0.472515,0.099098,0.222414
bbc_20130322_1600,E6,E11,1,0.011158,0.884764,0.030711,0.073367
bbc_20130322_1600,E6,E12,1,0.099183,0.605526,0.080093,0.215198
bbc_20130322_1600,E7,E10,0,0.605746,0.120347,0.076217,0.197691
bbc_20130322_1600,E7,E11,0,0.415858,0.280072,0.094829,0.209241
bbc_20130322_1600,E7,E12,0,0.810979,0.033944,0.046023,0.109054
bbc_20130322_1600,E8,E10,1,0.000144,0.987396,0.003285,0.009175
bbc_20130322_1600,E8,E11,1,0.000093,0.990119,0.002534,0.007253
bbc_20130322_1600,E8,E12,1,0.000781,0.970292,0.007879,0.021048
bbc_20130322_1600,E9,E10,1,0.008196,0.901927,0.023691,0.066185
bbc_20130322_1600,E9,E11,1,0.002344,0.953422,0.013188,0.031047
bbc_20130322_1600,E9,E12,1,0.065486,0.709806,0.058491,0.166217
bbc_20130322_1600,E10,E13,0,0.991217,0.000079,0.002380,0.006325
bbc_20130322_1600,E11,E13,0,0.988103,0.000159,0.003377,0.008360
bbc_20130322_1600,E12,E13,0,0.960955,0.001581,0.010298,0.027167
bbc_20130322_1600,E13,E30,1,0.009308,0.881831,0.030479,0.078382
bbc_20130322_1600,E30,E14,0,0.955027,0.001209,0.011930,0.031833
bbc_20130322_1600,E14,E16,1,0.204738,0.417419,0.107218,0.270624
bbc_20130322_1600,E14,E20,0,0.555158,0.111557,0.098851,0.234434
bbc_20130322_1600,E16,E21,0,0.417477,0.194447,0.095177,0.292900
bbc_20130322_1600,E16,E22,0,0.949833,0.001352,0.011202,0.037613
bbc_20130322_1600,E20,E21,0,0.437860,0.189445,0.096549,0.276145
bbc_20130322_1600,E20,E22,0,0.946464,0.002220,0.013893,0.037423
bbc_20130322_1600,E21,E25,0,0.989216,0.000079,0.002528,0.008177
bbc_20130322_1600,E22,E25,0,0.973620,0.000351,0.005245,0.020783
WSJ_20130322_804,E1,E2002,0,0.909740,0.003157,0.017833,0.069270
WSJ_20130322_804,E11,E13,0,0.853155,0.006395,0.029411,0.111039
WSJ_20130322_804,E11,E14,1,0.006094,0.860041,0.031184,0.102681
WSJ_20130322_804,E13,E14,1,0.001286,0.940571,0.013924,0.044219
WSJ_20130322_804,E22,E23,1,0.015355,0.749387,0.049267,0.185992
WSJ_20130322_804,E25,E26,3,0.308612,0.196668,0.121485,0.373235
WSJ_20130322_804,E25,E30,0,0.973803,0.000356,0.006596,0.019245
WSJ_20130322_804,E26,E30,0,0.991586,0.000038,0.001769,0.006606
WSJ_20130322_804,E9,E11,3,0.165321,0.365700,0.101382,0.367598
WSJ_20130322_804,E9,E13,0,0.927292,0.001520,0.013525,0.057663
WSJ_20130322_804,E9,E14,1,0.023318,0.731167,0.052137,0.193378
WSJ_20130322_804,E11,E16,3,0.337648,0.170529,0.100601,0.391221
WSJ_20130322_804,E13,E16,1,0.061182,0.541039,0.081140,0.316639
WSJ_20130322_804,E14,E16,0,0.573210,0.060836,0.072246,0.293708
WSJ_20130322_804,E16,E17,0,0.963525,0.000448,0.007336,0.028691
WSJ_20130322_804,E17,E18,1,0.000070,0.988720,0.002463,0.008747
WSJ_20130322_804,E21,E22,3,0.258000,0.279350,0.104940,0.357710
WSJ_20130322_804,E21,E23,1,0.067856,0.552664,0.084418,0.295063
WSJ_20130322_804,E22,E25,3,0.208588,0.293178,0.105953,0.392281
WSJ_20130322_804,E22,E26,1,0.082649,0.448522,0.089595,0.379234
WSJ_20130322_804,E22,E30,0,0.890369,0.003086,0.020894,0.085652
WSJ_20130322_804,E23,E25,0,0.812195,0.013071,0.038355,0.136378
WSJ_20130322_804,E23,E26,0,0.662643,0.033218,0.059863,0.244276
WSJ_20130322_804,E23,E30,0,0.988105,0.000072,0.002632,0.009192
WSJ_20130322_804,E25,E33,0,0.963594,0.000624,0.009137,0.026645
WSJ_20130322_804,E26,E33,0,0.979185,0.000172,0.004271,0.016371
WSJ_20130322_804,E30,E33,3,0.324452,0.167855,0.094883,0.412810
WSJ_20130322_804,E33,E35,1,0.018723,0.742465,0.049802,0.189009
WSJ_20130318_731,E1,E2,1,0.289769,0.318997,0.111412,0.279823
WSJ_20130318_731,E1,E3,0,0.356618,0.188926,0.115664,0.338792
WSJ_20130318_731,E2,E3,3,0.306338,0.270039,0.104362,0.319261
WSJ_20130318_731,E11,E12,1,0.001779,0.947299,0.012939,0.037983
WSJ_20130318_731,E11,E13,0,0.600085,0.078381,0.083847,0.237687
WSJ_20130318_731,E12,E13,0,0.957446,0.000727,0.009054,0.032772
WSJ_20130318_731,E20,E21,0,0.995507,0.000017,0.001035,0.003442
WSJ_20130318_731,E20,E22,0,0.992767,0.000040,0.001697,0.005496
WSJ_20130318_731,E21,E22,0,0.764363,0.015649,0.046318,0.173671
WSJ_20130318_731,E9,E10,1,0.000608,0.964789,0.008696,0.025907
WSJ_20130318_731,E10,E11,0,0.994072,0.000040,0.001643,0.004245
WSJ_20130318_731,E10,E12,0,0.962204,0.001397,0.010011,0.026388
WSJ_20130318_731,E10,E13,0,0.996894,0.000011,0.000756,0.002339
WSJ_20130318_731,E11,E14,1,0.036564,0.651614,0.071463,0.240358
WSJ_20130318_731,E12,E14,0,0.697007,0.039243,0.063170,0.200580
WSJ_20130318_731,E13,E14,3,0.215192,0.309592,0.112575,0.362641
CNN_20130322_1003,E1,E2,1,0.000350,0.983519,0.005266,0.010865
CNN_20130322_1003,E1,E3,0,0.865948,0.026047,0.037804,0.070201
CNN_20130322_1003,E1,E5,0,0.928020,0.004784,0.019972,0.047224
CNN_20130322_1003,E2,E3,0,0.993176,0.000080,0.002069,0.004674
CNN_20130322_1003,E2,E5,0,0.994124,0.000038,0.001583,0.004255
CNN_20130322_1003,E3,E5,0,0.371440,0.297774,0.104745,0.226041
CNN_20130322_1003,E6,E7,1,0.009742,0.929539,0.023658,0.037061
CNN_20130322_1003,E9,E10,1,0.213899,0.506159,0.074080,0.205862
CNN_20130322_1003,E9,E11,1,0.000073,0.992227,0.002051,0.005648
CNN_20130322_1003,E9,E1000,1,0.000020,0.995796,0.001002,0.003182
CNN_20130322_1003,E10,E11,1,0.000577,0.980160,0.005469,0.013794
CNN_20130322_1003,E10,E1000,1,0.000058,0.993038,0.001828,0.005076
CNN_20130322_1003,E11,E1000,1,0.032932,0.831896,0.040328,0.094844
CNN_20130322_1003,E12,E13,0,0.763464,0.065335,0.054062,0.117139
CNN_20130322_1003,E12,E14,1,0.000138,0.989348,0.002951,0.007563
CNN_20130322_1003,E12,E15,1,0.000089,0.991003,0.002394,0.006514
CNN_20130322_1003,E13,E14,1,0.000079,0.991933,0.002163,0.005825
CNN_20130322_1003,E13,E15,1,0.000068,0.992282,0.002018,0.005632
CNN_20130322_1003,E14,E15,1,0.046927,0.800297,0.044227,0.108549
CNN_20130322_1003,E17,E19,1,0.062273,0.651176,0.073863,0.212688
CNN_20130322_1003,E17,E20,0,0.975730,0.000363,0.006379,0.017528
CNN_20130322_1003,E19,E20,0,0.997708,0.000007,0.000591,0.001694
CNN_20130322_1003,E23,E27,1,0.136066,0.519134,0.088941,0.255859
CNN_20130322_1003,E30,E31,1,0.003859,0.896697,0.025257,0.074187
CNN_20130322_1003,E30,E32,1,0.000048,0.991503,0.001877,0.006572
CNN_20130322_1003,E30,E33,1,0.000020,0.995391,0.001103,0.003485
CNN_20130322_1003,E31,E32,1,0.000065,0.990292,0.002213,0.007431
CNN_20130322_1003,E31,E33,1,0.000032,0.993976,0.001398,0.004594
CNN_20130322_1003,E32,E33,1,0.045789,0.776659,0.051303,0.126249
CNN_20130322_1003,E34,E36,1,0.000071,0.991288,0.002285,0.006356
CNN_20130322_1003,E40,E41,1,0.000928,0.968866,0.008555,0.021651
CNN_20130322_1003,E40,E42,1,0.000284,0.983681,0.005040,0.010996
CNN_20130322_1003,E41,E42,1,0.014223,0.889569,0.031166,0.065042
CNN_20130322_1003,E43,E44,0,0.872820,0.010063,0.028911,0.088206
CNN_20130322_1003,E45,E47,3,0.269767,0.275485,0.103711,0.351037
CNN_20130322_1003,E55,E57,0,0.959698,0.000966,0.009085,0.030250
CNN_20130322_1003,E1,E6,0,0.565164,0.202384,0.081663,0.150789
CNN_20130322_1003,E1,E7,1,0.119447,0.685077,0.075521,0.119955
CNN_20130322_1003,E2,E6,0,0.980471,0.000776,0.006572,0.012180
CNN_20130322_1003,E2,E7,0,0.920128,0.011556,0.026885,0.041430
CNN_20130322_1003,E3,E6,1,0.037117,0.825803,0.048582,0.088498
CNN_20130322_1003,E3,E7,1,0.002311,0.962077,0.013293,0.022319
CNN_20130322_1003,E5,E6,1,0.020210,0.865368,0.037824,0.076598
CNN_20130322_1003,E5,E7,1,0.001479,0.965595,0.011774,0.021152
CNN_20130322_1003,E6,E9,0,0.993245,0.000092,0.002075,0.004588
CNN_20130322_1003,E6,E10,0,0.986354,0.000371,0.003926,0.009349
CNN_20130322_1003,E6,E11,1,0.134600,0.655606,0.070832,0.138962
CNN_20130322_1003,E6,E1000,1,0.015180,0.894744,0.028574,0.061502
CNN_20130322_1003,E7,E9,0,0.997238,0.000015,0.000875,0.001872
CNN_20130322_1003,E7,E10,0,0.995923,0.000038,0.001344,0.002695
CNN_20130322_1003,E7,E11,0,0.610121,0.178450,0.079971,0.131458
CNN_20130322_1003,E7,E1000,1,0.150037,0.634193,0.081645,0.134125
CNN_20130322_1003,E9,E12,1,0.009440,0.911911,0.022291,0.056359
CNN_20130322_1003,E9,E13,1,0.056921,0.759470,0.051445,0.132164
CNN_20130322_1003,E9,E14,1,0.000012,0.996926,0.000728,0.002334
CNN_20130322_1003,E9,E15,1,0.000014,0.996611,0.000797,0.002578
CNN_20130322_1003,E10,E12,1,0.120360,0.664435,0.062846,0.152359
CNN_20130322_1003,E10,E13,0,0.415837,0.322045,0.082596,0.179522
CNN_20130322_1003,E10,E14,1,0.000040,0.994841,0.001377,0.003742
CNN_20130322_1003,E10,E15,1,0.000053,0.994215,0.001642,0.004090
CNN_20130322_1003,E11,E12,0,0.964195,0.002380,0.010287,0.023137
CNN_20130322_1003,E11,E13,0,0.987103,0.000359,0.004106,0.008432
CNN_20130322_1003,E11,E14,1,0.044023,0.812854,0.043002,0.100121
CNN_20130322_1003,E11,E15,1,0.047405,0.799036,0.045735,0.107824
CNN_20130322_1003,E1000,E12,0,0.993202,0.000093,0.002029,0.004676
CNN_20130322_1003,E1000,E13,0,0.996784,0.000022,0.000981,0.002213
CNN_20130322_1003,E1000,E14,0,0.474875,0.266839,0.079958,0.178329
CNN_20130322_1003,E1000,E15,0,0.484268,0.251677,0.081057,0.182998
CNN_20130322_1003,E12,E17,1,0.015501,0.860996,0.034882,0.088621
CNN_20130322_1003,E12,E19,1,0.004762,0.928091,0.018522,0.048625
CNN_20130322_1003,E12,E20,0,0.964969,0.001404,0.009542,0.024084
CNN_20130322_1003,E13,E17,1,0.008177,0.900196,0.025656,0.065972
CNN_20130322_1003,E13,E19,1,0.005995,0.920018,0.020557,0.053431
CNN_20130322_1003,E13,E20,0,0.975394,0.000681,0.006762,0.017163
CNN_20130322_1003,E14,E17,0,0.812445,0.033960,0.043406,0.110189
CNN_20130322_1003,E14,E19,0,0.747774,0.055642,0.050326,0.146259
CNN_20130322_1003,E14,E20,0,0.998939,0.000002,0.000256,0.000803
CNN_20130322_1003,E15,E17,0,0.848378,0.018291,0.034435,0.098896
CNN_20130322_1003,E15,E19,0,0.808686,0.031334,0.040928,0.119052
CNN_20130322_1003,E15,E20,0,0.998981,0.000002,0.000242,0.000775
CNN_20130322_1003,E17,E21,0,0.385420,0.211362,0.107119,0.296100
CNN_20130322_1003,E19,E21,0,0.904019,0.008715,0.025921,0.061345
CNN_20130322_1003,E20,E21,1,0.000680,0.966339,0.008388,0.024594
CNN_20130322_1003,E21,E23,0,0.812890,0.029717,0.050891,0.106501
CNN_20130322_1003,E21,E27,0,0.699507,0.060873,0.071772,0.167848
CNN_20130322_1003,E30,E34,0,0.958706,0.000949,0.011032,0.029312
CNN_20130322_1003,E30,E36,1,0.000660,0.966733,0.008684,0.023923
CNN_20130322_1003,E31,E34,0,0.973064,0.000333,0.005906,0.020697
CNN_20130322_1003,E31,E36,1,0.001302,0.955892,0.010497,0.032309
CNN_20130322_1003,E32,E34,0,0.999057,0.000001,0.000213,0.000729
CNN_20130322_1003,E32,E36,0,0.909635,0.008303,0.022719,0.059343
CNN_20130322_1003,E33,E34,0,0.999494,0.000001,0.000120,0.000385
CNN_20130322_1003,E33,E36,0,0.948481,0.005223,0.015568,0.030728
CNN_20130322_1003,E34,E38,0,0.605294,0.083697,0.073081,0.237928
CNN_20130322_1003,E36,E38,0,0.994823,0.000028,0.001345,0.003804
CNN_20130322_1003,E38,E40,1,0.259299,0.341797,0.098196,0.300707
CNN_20130322_1003,E38,E41,1,0.000333,0.979778,0.005539,0.014350
CNN_20130322_1003,E38,E42,1,0.000183,0.986054,0.004110,0.009653
CNN_20130322_1003,E40,E43,0,0.882052,0.007602,0.025278,0.085069
CNN_20130322_1003,E40,E44,0,0.969050,0.000728,0.007511,0.022712
CNN_20130322_1003,E41,E43,0,0.989959,0.000079,0.002357,0.007605
CNN_20130322_1003,E41,E44,0,0.997061,0.000010,0.000726,0.002203
CNN_20130322_1003,E42,E43,0,0.995521,0.000024,0.001287,0.003168
CNN_20130322_1003,E42,E44,0,0.998334,0.000004,0.000454,0.001207
CNN_20130322_1003,E43,E45,0,0.694958,0.031217,0.055811,0.218013
CNN_20130322_1003,E43,E47,3,0.289091,0.269337,0.103891,0.337682
CNN_20130322_1003,E44,E45,3,0.211428,0.327468,0.092164,0.368939
CNN_20130322_1003,E44,E47,1,0.021702,0.756137,0.046161,0.176000
CNN_20130322_1003,E45,E48,0,0.423852,0.127524,0.097923,0.350701
CNN_20130322_1003,E47,E48,0,0.602657,0.062542,0.070695,0.264106
CNN_20130322_1003,E48,E50,0,0.929278,0.001968,0.015236,0.053518
CNN_20130322_1003,E50,E51,1,0.006298,0.867398,0.027243,0.099061
CNN_20130322_1003,E51,E52,0,0.853339,0.008462,0.029219,0.108981
CNN_20130322_1003,E52,E53,0,0.939767,0.001290,0.013460,0.045482
CNN_20130322_1003,E53,E55,0,0.826965,0.010416,0.040738,0.121881
