WSJ_20130322_159,E5,E6,1,0.029154,0.812592,0.037576,0.120678
WSJ_20130322_159,E5,E10,0,0.756717,0.041383,0.048099,0.153802
WSJ_20130322_159,E5,E11,0,0.878005,0.009138,0.024009,0.088848
WSJ_20130322_159,E6,E10,0,0.893218,0.007578,0.023281,0.075924
WSJ_20130322_159,E6,E11,0,0.921124,0.003432,0.015878,0.059566
WSJ_20130322_159,E10,E11,3,0.333532,0.222631,0.094431,0.349406
WSJ_20130322_159,E12,E14,3,0.300275,0.301686,0.087617,0.310422
WSJ_20130322_159,E18,E19,0,0.328177,0.288170,0.087931,0.295722
WSJ_20130322_159,E20,E22,1,0.000523,0.972057,0.006396,0.021023
WSJ_20130322_159,E29,E31,0,0.917993,0.003281,0.015274,0.063452
WSJ_20130322_159,E29,E34,0,0.436498,0.178197,0.090881,0.294424
WSJ_20130322_159,E29,E37,0,0.939729,0.002192,0.012710,0.045368
WSJ_20130322_159,E31,E34,1,0.079399,0.589635,0.079915,0.251052
WSJ_20130322_159,E31,E37,0,0.744684,0.032681,0.049724,0.172910
WSJ_20130322_159,E34,E37,0,0.950777,0.001371,0.011185,0.036667
WSJ_20130322_159,E38,E39,1,0.001347,0.953477,0.011072,0.034104
WSJ_20130322_159,E38,E40,1,0.071389,0.572940,0.076595,0.279076
WSJ_20130322_159,E39,E40,0,0.684837,0.050925,0.063181,0.201057
WSJ_20130322_159,E42,E44,1,0.005915,0.897547,0.019887,0.076650
WSJ_20130322_159,E46,E47,1,0.007752,0.880452,0.024711,0.087085
WSJ_20130322_159,E46,E49,0,0.609107,0.091654,0.063967,0.235272
WSJ_20130322_159,E47,E49,0,0.930017,0.004197,0.014400,0.051386
WSJ_20130322_159,E1,E5,1,0.068321,0.662609,0.060048,0.209022
WSJ_20130322_159,E1,E6,1,0.009806,0.874209,0.026434,0.089552
WSJ_20130322_159,E1,E10,0,0.400912,0.203857,0.092704,0.302528
WSJ_20130322_159,E1,E11,0,0.438122,0.155372,0.085985,0.320522
WSJ_20130322_159,E5,E12,0,0.989504,0.000116,0.002245,0.008135
WSJ_20130322_159,E5,E14,0,0.914454,0.006580,0.017568,0.061398
WSJ_20130322_159,E6,E12,0,0.992071,0.000066,0.001617,0.006246
WSJ_20130322_159,E6,E14,0,0.955138,0.001637,0.009466,0.033759
WSJ_20130322_159,E10,E12,0,0.926205,0.002452,0.014759,0.056584
WSJ_20130322_159,E10,E14,0,0.444249,0.167467,0.087161,0.301124
WSJ_20130322_159,E11,E12,0,0.946085,0.001622,0.011739,0.040554
WSJ_20130322_159,E11,E14,0,0.507381,0.136062,0.079127,0.277431
WSJ_20130322_159,E12,E18,0,0.945103,0.001368,0.010821,0.042708
WSJ_20130322_159,E12,E19,0,0.467843,0.161527,0.086603,0.284027
WSJ_20130322_159,E14,E18,0,0.985188,0.000147,0.002850,0.011815
WSJ_20130322_159,E14,E19,0,0.782091,0.034198,0.040245,0.143467
WSJ_20130322_159,E18,E20,1,0.002358,0.928268,0.015103,0.054271
WSJ_20130322_159,E18,E22,1,0.000029,0.994644,0.001099,0.004228
WSJ_20130322_159,E19,E20,1,0.000911,0.960714,0.008542,0.029832
WSJ_20130322_159,E19,E22,1,0.000020,0.995867,0.000840,0.003273
WSJ_20130322_159,E20,E26,1,0.097166,0.624657,0.060574,0.217603
WSJ_20130322_159,E22,E26,0,0.945633,0.003269,0.011181,0.039918
WSJ_20130322_159,E26,E29,0,0.993174,0.000045,0.001261,0.005521
WSJ_20130322_159,E26,E31,0,0.997354,0.000008,0.000438,0.002200
WSJ_20130322_159,E26,E34,0,0.985811,0.000193,0.003144,0.010851
WSJ_20130322_159,E26,E37,0,0.996575,0.000016,0.000650,0.002759
WSJ_20130322_159,E29,E38,0,0.606359,0.099558,0.064010,0.230072
WSJ_20130322_159,E29,E39,1,0.000986,0.962368,0.008102,0.028544
WSJ_20130322_159,E29,E40,1,0.056040,0.612101,0.070383,0.261476
WSJ_20130322_159,E31,E38,1,0.175099,0.453262,0.082713,0.288926
WSJ_20130322_159,E31,E39,1,0.000184,0.984618,0.003364,0.011834
WSJ_20130322_159,E31,E40,1,0.006665,0.864486,0.028044,0.100805
WSJ_20130322_159,E34,E38,0,0.645113,0.059602,0.063062,0.232223
WSJ_20130322_159,E34,E39,1,0.001766,0.944358,0.012780,0.041096
WSJ_20130322_159,E34,E40,1,0.074535,0.543164,0.086683,0.295618
WSJ_20130322_159,E37,E38,1,0.115743,0.534288,0.073070,0.276899
WSJ_20130322_159,E37,E39,1,0.000136,0.987515,0.002740,0.009609
WSJ_20130322_159,E37,E40,1,0.004010,0.898814,0.021724,0.075452
WSJ_20130322_159,E38,E42,0,0.690551,0.041209,0.053179,0.215061
WSJ_20130322_159,E38,E44,1,0.009818,0.862283,0.027121,0.100778
WSJ_20130322_159,E39,E42,0,0.980295,0.000301,0.004209,0.015195
WSJ_20130322_159,E39,E44,1,0.239856,0.396680,0.085228,0.278236
WSJ_20130322_159,E40,E42,0,0.969495,0.000530,0.006438,0.023537
WSJ_20130322_159,E40,E44,3,0.254950,0.299171,0.093097,0.352781
WSJ_20130322_159,E42,E46,0,0.599249,0.071822,0.068479,0.260450
WSJ_20130322_159,E42,E47,1,0.205068,0.389023,0.083213,0.322696
WSJ_20130322_159,E42,E49,3,0.297525,0.297768,0.082369,0.322338
WSJ_20130322_159,E44,E46,0,0.963827,0.000858,0.007692,0.027623
WSJ_20130322_159,E44,E47,0,0.708559,0.046977,0.048475,0.195989
WSJ_20130322_159,E44,E49,0,0.931856,0.003710,0.013452,0.050981
WSJ_20130322_159,E46,E55,0,0.932840,0.002783,0.013495,0.050882
WSJ_20130322_159,E47,E55,0,0.983684,0.000249,0.003422,0.012645
WSJ_20130322_159,E49,E55,0,0.826293,0.022761,0.032748,0.118198
nyt_20130322_strange_computer,E8,E11,0,0.993421,0.000046,0.001262,0.005271
nyt_20130322_strange_computer,E14,E16,1,0.000529,0.972329,0.006607,0.020535
nyt_20130322_strange_computer,E19,E22,0,0.836932,0.012186,0.033133,0.117748
nyt_20130322_strange_computer,E19,E23,0,0.374291,0.206779,0.096622,0.322308
nyt_20130322_strange_computer,E22,E23,3,0.214016,0.323439,0.111376,0.351169
nyt_20130322_strange_computer,E6,E8,1,0.206397,0.395460,0.098023,0.300120
nyt_20130322_strange_computer,E6,E11,0,0.991386,0.000066,0.001641,0.006907
nyt_20130322_strange_computer,E8,E14,0,0.991198,0.000089,0.001911,0.006802
nyt_20130322_strange_computer,E8,E16,1,0.166533,0.475886,0.091317,0.266263
nyt_20130322_strange_computer,E11,E14,0,0.795220,0.020300,0.045733,0.138747
nyt_20130322_strange_computer,E11,E16,1,0.000860,0.960838,0.009307,0.028995
nyt_20130322_strange_computer,E14,E19,1,0.042941,0.713208,0.056767,0.187084
nyt_20130322_strange_computer,E14,E22,1,0.099029,0.511372,0.093376,0.296222
nyt_20130322_strange_computer,E14,E23,1,0.081274,0.557569,0.091645,0.269511
nyt_20130322_strange_computer,E16,E19,0,0.948929,0.001664,0.011145,0.038262
nyt_20130322_strange_computer,E16,E22,0,0.973654,0.000431,0.005549,0.020366
nyt_20130322_strange_computer,E16,E23,0,0.920274,0.003040,0.018379,0.058307
nyt_20130322_strange_computer,E19,E24,0,0.922039,0.003890,0.016979,0.057092
nyt_20130322_strange_computer,E22,E24,0,0.827394,0.015113,0.037725,0.119768
nyt_20130322_strange_computer,E23,E24,0,0.873951,0.009060,0.028346,0.088643
CNN_20130321_821,E4,E5,0,0.526495,0.127417,0.097519,0.248569
CNN_20130321_821,E5,E8,0,0.834811,0.011798,0.031926,0.121465
CNN_20130321_821,E8,E1000,0,0.907692,0.003649,0.018951,0.069707
CNN_20130321_821,E1002,E20,0,0.942585,0.001604,0.012832,0.042980
nyt_20130321_cyprus,E2,E5,1,0.088557,0.616039,0.079854,0.215550
nyt_20130321_cyprus,E7,E2009,1,0.058057,0.664029,0.063950,0.213964
nyt_20130321_cyprus,E13,E15,3,0.302889,0.238568,0.105286,0.353257
nyt_20130321_cyprus,E22,E23,0,0.366405,0.216164,0.085498,0.331933
nyt_20130321_cyprus,E22,E24,1,0.000052,0.992426,0.001588,0.005934
nyt_20130321_cyprus,E23,E24,1,0.000392,0.975581,0.005487,0.018540
nyt_20130321_cyprus,E33,E35,0,0.786263,0.029372,0.044319,0.140046
nyt_20130321_cyprus,E41,E42,1,0.019177,0.784042,0.044381,0.152400
nyt_20130321_cyprus,E46,E47,0,0.835028,0.021307,0.029045,0.114621
nyt_20130321_cyprus,E48,E51,0,0.968123,0.000765,0.007068,0.024043
nyt_20130321_cyprus,E2,E7,0,0.946526,0.002269,0.013557,0.037648
nyt_20130321_cyprus,E2,E2009,0,0.844798,0.014859,0.039174,0.101169
nyt_20130321_cyprus,E5,E7,0,0.978472,0.000455,0.005146,0.015927
nyt_20130321_cyprus,E5,E2009,0,0.938797,0.002345,0.014090,0.044767
nyt_20130321_cyprus,E7,E9,1,0.000333,0.978713,0.004905,0.016050
nyt_20130321_cyprus,E2009,E9,1,0.004384,0.903594,0.023800,0.068222
nyt_20130321_cyprus,E10,E13,0,0.991074,0.000089,0.001845,0.006992
nyt_20130321_cyprus,E10,E15,0,0.990874,0.000072,0.001761,0.007294
nyt_20130321_cyprus,E13,E21,0,0.806900,0.022791,0.041149,0.129159
nyt_20130321_cyprus,E15,E21,0,0.949934,0.001496,0.011173,0.037397
nyt_20130321_cyprus,E21,E22,0,0.904788,0.004568,0.018466,0.072178
nyt_20130321_cyprus,E21,E23,0,0.579950,0.085501,0.066418,0.268131
nyt_20130321_cyprus,E21,E24,1,0.000102,0.988920,0.002410,0.008568
nyt_20130321_cyprus,E22,E25,1,0.000261,0.980017,0.004392,0.015330
nyt_20130321_cyprus,E23,E25,1,0.002984,0.919671,0.017432,0.059914
nyt_20130321_cyprus,E24,E25,0,0.855055,0.011521,0.032842,0.100582
nyt_20130321_cyprus,E33,E36,0,0.723359,0.038820,0.057969,0.179853
nyt_20130321_cyprus,E35,E36,1,0.238334,0.336361,0.092263,0.333042
nyt_20130321_cyprus,E36,E41,0,0.932344,0.002196,0.014087,0.051373
nyt_20130321_cyprus,E36,E42,3,0.292685,0.301926,0.087252,0.318137
nyt_20130321_cyprus,E46,E48,0,0.384222,0.245592,0.081384,0.288802
nyt_20130321_cyprus,E46,E51,0,0.988127,0.000154,0.002542,0.009177
nyt_20130321_cyprus,E47,E48,1,0.024078,0.808479,0.040000,0.127443
nyt_20130321_cyprus,E47,E51,0,0.912053,0.006560,0.017564,0.063824
nyt_20130321_cyprus,E48,E57,1,0.002576,0.935260,0.015607,0.046557
nyt_20130321_cyprus,E51,E57,1,0.000078,0.990944,0.001972,0.007006
bbc_20130322_1353,E1,E5,1,0.000089,0.990101,0.002157,0.007653
bbc_20130322_1353,E8,E10,1,0.000080,0.991354,0.002000,0.006566
bbc_20130322_1353,E15,E16,1,0.010027,0.869674,0.025595,0.094704
bbc_20130322_1353,E19,E20,1,0.000626,0.980025,0.005292,0.014058
bbc_20130322_1353,E19,E21,1,0.250638,0.460911,0.080999,0.207452
bbc_20130322_1353,E20,E21,0,0.484006,0.234379,0.070850,0.210765
bbc_20130322_1353,E23,E25,0,0.666397,0.066638,0.060473,0.206492
bbc_20130322_1353,E23,E26,1,0.068292,0.667573,0.061018,0.203117
bbc_20130322_1353,E23,E27,1,0.000338,0.980233,0.004642,0.014787
bbc_20130322_1353,E25,E26,1,0.003550,0.923725,0.016076,0.056650
bbc_20130322_1353,E25,E27,1,0.000084,0.991063,0.001955,0.006898
bbc_20130322_1353,E26,E27,1,0.002168,0.949906,0.011549,0.036376
bbc_20130322_1353,E28,E29,1,0.000548,0.973461,0.005685,0.020305
bbc_20130322_1353,E28,E31,1,0.000119,0.989227,0.002403,0.008250
bbc_20130322_1353,E29,E31,1,0.052722,0.774064,0.038970,0.134244
bbc_20130322_1353,E33,E34,0,0.975175,0.000449,0.005217,0.019158
bbc_20130322_1353,E35,E36,1,0.272306,0.318913,0.096541,0.312241
bbc_20130322_1353,E35,E37,1,0.001116,0.956243,0.010268,0.032373
bbc_20130322_1353,E36,E37,1,0.001613,0.948282,0.010834,0.039271
bbc_20130322_1353,E1,E8,1,0.227702,0.363941,0.091259,0.317098
bbc_20130322_1353,E1,E10,1,0.000026,0.995301,0.000981,0.003692
bbc_20130322_1353,E5,E8,0,0.990774,0.000092,0.001959,0.007175
bbc_20130322_1353,E5,E10,1,0.020477,0.858413,0.029604,0.091506
bbc_20130322_1353,E8,E11,0,0.339665,0.235745,0.090822,0.333768
bbc_20130322_1353,E10,E11,0,0.989397,0.000116,0.002298,0.008189
bbc_20130322_1353,E11,E13,1,0.215565,0.352501,0.087161,0.344772
bbc_20130322_1353,E13,E15,0,0.913006,0.006201,0.017671,0.063121
bbc_20130322_1353,E13,E16,0,0.762323,0.039371,0.043962,0.154344
bbc_20130322_1353,E15,E17,1,0.104015,0.544352,0.071456,0.280178
bbc_20130322_1353,E16,E17,0,0.397130,0.179422,0.081988,0.341460
bbc_20130322_1353,E17,E19,1,0.000799,0.967449,0.007344,0.024408
bbc_20130322_1353,E17,E20,1,0.000064,0.992169,0.001709,0.006058
bbc_20130322_1353,E17,E21,1,0.000708,0.967262,0.007629,0.024401
bbc_20130322_1353,E19,E23,0,0.957997,0.001853,0.009782,0.030368
bbc_20130322_1353,E19,E25,0,0.983305,0.000304,0.003870,0.012521
bbc_20130322_1353,E19,E26,0,0.775208,0.042295,0.046271,0.136226
bbc_20130322_1353,E19,E27,1,0.070249,0.736640,0.052390,0.140721
bbc_20130322_1353,E20,E23,0,0.992074,0.000098,0.001796,0.006033
bbc_20130322_1353,E20,E25,0,0.994719,0.000046,0.001139,0.004096
bbc_20130322_1353,E20,E26,0,0.977565,0.000562,0.004978,0.016896
bbc_20130322_1353,E20,E27,0,0.664117,0.113407,0.053954,0.168522
bbc_20130322_1353,E21,E23,0,0.982528,0.000299,0.003822,0.013351
bbc_20130322_1353,E21,E25,0,0.987988,0.000149,0.002512,0.009351
bbc_20130322_1353,E21,E26,0,0.940297,0.003079,0.013313,0.043310
bbc_20130322_1353,E21,E27,0,0.344896,0.341147,0.078662,0.235296
bbc_20130322_1353,E23,E28,0,0.898306,0.009658,0.021932,0.070104
bbc_20130322_1353,E23,E29,0,0.586267,0.127721,0.065939,0.220073
bbc_20130322_1353,E23,E31,1,0.093525,0.650400,0.058854,0.197221
bbc_20130322_1353,E25,E28,0,0.575761,0.131402,0.067253,0.225584
bbc_20130322_1353,E25,E29,1,0.023922,0.824078,0.032629,0.119371
bbc_20130322_1353,E25,E31,1,0.017480,0.852091,0.028693,0.101736
bbc_20130322_1353,E26,E28,0,0.964357,0.001330,0.007919,0.026394
bbc_20130322_1353,E26,E29,0,0.625901,0.110591,0.057205,0.206304
bbc_20130322_1353,E26,E31,0,0.554482,0.159539,0.063373,0.222605
bbc_20130322_1353,E27,E28,0,0.994336,0.000053,0.001234,0.004377
bbc_20130322_1353,E27,E29,0,0.955972,0.002496,0.008997,0.032535
bbc_20130322_1353,E27,E31,0,0.945958,0.003973,0.011070,0.039000
bbc_20130322_1353,E28,E33,1,0.004026,0.913292,0.018491,0.064191
bbc_20130322_1353,E28,E34,0,0.760957,0.030971,0.041343,0.166729
bbc_20130322_1353,E29,E33,0,0.749795,0.045558,0.043761,0.160886
bbc_20130322_1353,E29,E34,0,0.991395,0.000071,0.001608,0.006926
bbc_20130322_1353,E31,E33,0,0.905163,0.008970,0.018733,0.067134
bbc_20130322_1353,E31,E34,0,0.996301,0.000019,0.000671,0.003009
bbc_20130322_1353,E33,E35,0,0.997806,0.000007,0.000377,0.001811
bbc_20130322_1353,E33,E36,0,0.993558,0.000042,0.001211,0.005189
bbc_20130322_1353,E33,E37,0,0.949240,0.001973,0.010671,0.038116
bbc_20130322_1353,E34,E35,0,0.985480,0.000155,0.002815,0.011549
bbc_20130322_1353,E34,E36,0,0.970297,0.000608,0.005721,0.023374
bbc_20130322_1353,E34,E37,1,0.235671,0.394984,0.075786,0.293559
nyt_20130321_women_senate,E1000009,E2,0,0.472625,0.207507,0.070004,0.249863
nyt_20130321_women_senate,E4,E5,1,0.000257,0.983721,0.003811,0.012212
nyt_20130321_women_senate,E4,E6,0,0.524074,0.173767,0.065220,0.236939
nyt_20130321_women_senate,E5,E6,0,0.984666,0.000251,0.003285,0.011799
nyt_20130321_women_senate,E9,E10,0,0.989568,0.000122,0.002266,0.008044
nyt_20130321_women_senate,E11,E12,0,0.944401,0.002524,0.013009,0.040067
nyt_20130321_women_senate,E14,E15,1,0.049962,0.685957,0.067155,0.196926
nyt_20130321_women_senate,E16,E17,1,0.052756,0.675508,0.060165,0.211570
nyt_20130321_women_senate,E19,E20,1,0.000100,0.990224,0.002214,0.007461
nyt_20130321_women_senate,E19,E21,1,0.000854,0.963384,0.008816,0.026946
nyt_20130321_women_senate,E20,E21,0,0.473637,0.174939,0.083228,0.268196
nyt_20130321_women_senate,E23,E24,0,0.914592,0.005129,0.018408,0.061871
nyt_20130321_women_senate,E26,E27,0,0.944535,0.002567,0.015030,0.037867
nyt_20130321_women_senate,E26,E1000014,0,0.909748,0.006063,0.021036,0.063153
nyt_20130321_women_senate,E27,E1000014,1,0.090600,0.623084,0.080846,0.205470
nyt_20130321_women_senate,E37,E1000015,1,0.232293,0.339511,0.110782,0.317413
nyt_20130321_women_senate,E40,E41,0,0.957334,0.001125,0.008145,0.033395
nyt_20130321_women_senate,E40,E42,0,0.602940,0.082244,0.069139,0.245677
nyt_20130321_women_senate,E41,E42,1,0.060643,0.644060,0.065771,0.229526
nyt_20130321_women_senate,E43,E47,0,0.992656,0.000051,0.001373,0.005921
nyt_20130321_women_senate,E43,E48,0,0.986568,0.000148,0.002715,0.010569
nyt_20130321_women_senate,E47,E48,0,0.711423,0.033571,0.061790,0.193217
nyt_20130321_women_senate,E49,E50,0,0.952124,0.001506,0.010760,0.035610
nyt_20130321_women_senate,E49,E53,1,0.001113,0.963349,0.009822,0.025716
nyt_20130321_women_senate,E50,E53,1,0.000148,0.987051,0.002927,0.009874
nyt_20130321_women_senate,E1000009,E4,1,0.164842,0.508137,0.074549,0.252472
nyt_20130321_women_senate,E1000009,E5,1,0.000087,0.991187,0.001979,0.006747
nyt_20130321_women_senate,E1000009,E6,1,0.136601,0.606034,0.061215,0.196150
nyt_20130321_women_senate,E2,E4,0,0.644204,0.091621,0.059488,0.204688
nyt_20130321_women_senate,E2,E5,1,0.000338,0.980634,0.004622,0.014407
nyt_20130321_women_senate,E2,E6,0,0.573961,0.142590,0.061984,0.221465
nyt_20130321_women_senate,E4,E7,0,0.977956,0.000528,0.004762,0.016754
nyt_20130321_women_senate,E5,E7,0,0.997747,0.000009,0.000430,0.001814
nyt_20130321_women_senate,E6,E7,0,0.978832,0.000546,0.004432,0.016190
nyt_20130321_women_senate,E7,E8,1,0.001121,0.956950,0.009560,0.032369
nyt_20130321_women_senate,E8,E9,0,0.907997,0.005792,0.018205,0.068006
nyt_20130321_women_senate,E8,E10,0,0.996812,0.000014,0.000599,0.002575
nyt_20130321_women_senate,E11,E1000012,0,0.979761,0.000368,0.004436,0.015436
nyt_20130321_women_senate,E12,E1000012,0,0.754272,0.037328,0.049162,0.159238
nyt_20130321_women_senate,E14,E16,0,0.980335,0.000339,0.004515,0.014811
nyt_20130321_women_senate,E14,E17,0,0.956093,0.001193,0.009865,0.032850
nyt_20130321_women_senate,E15,E16,0,0.988013,0.000118,0.002358,0.009511
nyt_20130321_women_senate,E15,E17,0,0.974289,0.000459,0.005427,0.019826
nyt_20130321_women_senate,E16,E19,1,0.059159,0.685291,0.059040,0.196509
nyt_20130321_women_senate,E16,E20,1,0.000028,0.994981,0.001038,0.003953
nyt_20130321_women_senate,E16,E21,1,0.000317,0.977661,0.005004,0.017018
nyt_20130321_women_senate,E17,E19,0,0.467787,0.185915,0.079996,0.266302
nyt_20130321_women_senate,E17,E20,1,0.000131,0.988091,0.002676,0.009102
nyt_20130321_women_senate,E17,E21,1,0.001615,0.944492,0.013090,0.040802
nyt_20130321_women_senate,E19,E22,1,0.006991,0.899748,0.023307,0.069955
nyt_20130321_women_senate,E20,E22,0,0.870246,0.014523,0.026738,0.088493
nyt_20130321_women_senate,E21,E22,0,0.678079,0.063433,0.062345,0.196144
nyt_20130321_women_senate,E22,E23,0,0.838969,0.016315,0.031211,0.113505
nyt_20130321_women_senate,E22,E24,0,0.990580,0.000103,0.002031,0.007287
nyt_20130321_women_senate,E23,E25,0,0.792404,0.021420,0.038986,0.147190
nyt_20130321_women_senate,E24,E25,0,0.392359,0.195649,0.086665,0.325328
nyt_20130321_women_senate,E25,E26,1,0.000254,0.981641,0.004199,0.013906
nyt_20130321_women_senate,E25,E27,1,0.030065,0.771760,0.053834,0.144341
nyt_20130321_women_senate,E25,E1000014,1,0.007628,0.873382,0.028451,0.090539
nyt_20130321_women_senate,E26,E29,0,0.917407,0.003910,0.020488,0.058195
nyt_20130321_women_senate,E27,E29,1,0.105227,0.561178,0.098475,0.235120
nyt_20130321_women_senate,E1000014,E29,1,0.154062,0.465418,0.098405,0.282115
nyt_20130321_women_senate,E29,E36,0,0.956119,0.001205,0.010571,0.032104
nyt_20130321_women_senate,E36,E37,0,0.844395,0.010314,0.030731,0.114559
nyt_20130321_women_senate,E36,E1000015,0,0.625408,0.064713,0.078871,0.231008
nyt_20130321_women_senate,E37,E40,1,0.000809,0.963373,0.008133,0.027685
nyt_20130321_women_senate,E37,E41,0,0.332866,0.249347,0.089368,0.328420
nyt_20130321_women_senate,E37,E42,1,0.002696,0.923520,0.018061,0.055723
nyt_20130321_women_senate,E1000015,E40,1,0.005828,0.902333,0.024090,0.067750
nyt_20130321_women_senate,E1000015,E41,0,0.544771,0.120087,0.083091,0.252050
nyt_20130321_women_senate,E1000015,E42,1,0.015910,0.821376,0.045055,0.117659
nyt_20130321_women_senate,E40,E43,0,0.603610,0.091826,0.064300,0.240263
nyt_20130321_women_senate,E40,E47,0,0.984878,0.000159,0.002933,0.012030
nyt_20130321_women_senate,E40,E48,0,0.971144,0.000499,0.006073,0.022284
nyt_20130321_women_senate,E41,E43,1,0.055054,0.678383,0.057152,0.209410
nyt_20130321_women_senate,E41,E47,0,0.912126,0.003685,0.017467,0.066722
nyt_20130321_women_senate,E41,E48,0,0.847099,0.009805,0.032475,0.110621
nyt_20130321_women_senate,E42,E43,0,0.582246,0.095180,0.072949,0.249625
nyt_20130321_women_senate,E42,E47,0,0.979985,0.000264,0.004053,0.015698
nyt_20130321_women_senate,E42,E48,0,0.962428,0.000800,0.008207,0.028565
nyt_20130321_women_senate,E43,E49,0,0.948831,0.002259,0.011255,0.037656
nyt_20130321_women_senate,E43,E50,0,0.992152,0.000060,0.001502,0.006286
nyt_20130321_women_senate,E43,E53,1,0.006852,0.904971,0.021393,0.066784
nyt_20130321_women_senate,E47,E49,1,0.171553,0.456346,0.091179,0.280922
nyt_20130321_women_senate,E47,E50,0,0.845290,0.012401,0.031726,0.110583
nyt_20130321_women_senate,E47,E53,1,0.000093,0.989878,0.002255,0.007774
nyt_20130321_women_senate,E48,E49,0,0.371017,0.191292,0.115252,0.322438
nyt_20130321_women_senate,E48,E50,0,0.900890,0.004114,0.022779,0.072217
nyt_20130321_women_senate,E48,E53,1,0.000502,0.971722,0.006726,0.021050
bbc_20130322_1150,E1,E2,0,0.967325,0.001617,0.007681,0.023377
bbc_20130322_1150,E6,E7,1,0.005653,0.886067,0.025844,0.082436
bbc_20130322_1150,E8,E10,1,0.012703,0.871571,0.031605,0.084121
bbc_20130322_1150,E8,E11,0,0.591307,0.112906,0.082618,0.213168
bbc_20130322_1150,E10,E11,0,0.720110,0.061369,0.060316,0.158205
bbc_20130322_1150,E14,E15,1,0.028360,0.783785,0.041280,0.146574
bbc_20130322_1150,E14,E17,1,0.114938,0.579807,0.065926,0.239329
bbc_20130322_1150,E15,E17,0,0.683751,0.067808,0.051999,0.196442
bbc_20130322_1150,E19,E20,1,0.011814,0.874635,0.028965,0.084587
bbc_20130322_1150,E19,E21,0,0.384409,0.238425,0.087809,0.289357
bbc_20130322_1150,E20,E21,0,0.898454,0.008954,0.021331,0.071261
bbc_20130322_1150,E23,E24,1,0.060437,0.637315,0.069729,0.232519
bbc_20130322_1150,E29,E30,0,0.991082,0.000099,0.002113,0.006707
bbc_20130322_1150,E53,E35,0,0.995974,0.000020,0.000730,0.003277
bbc_20130322_1150,E39,E40,0,0.974833,0.000491,0.005858,0.018818
bbc_20130322_1150,E41,E42,1,0.000416,0.976820,0.005635,0.017129
bbc_20130322_1150,E41,E43,1,0.012216,0.827647,0.040999,0.119139
bbc_20130322_1150,E42,E43,0,0.978909,0.000374,0.004697,0.016020
bbc_20130322_1150,E1,E3,0,0.995926,0.000028,0.000824,0.003221
bbc_20130322_1150,E2,E3,0,0.861488,0.021717,0.025096,0.091700
bbc_20130322_1150,E3,E4,1,0.000170,0.988510,0.002878,0.008442
bbc_20130322_1150,E4,E6,0,0.999020,0.000002,0.000152,0.000826
bbc_20130322_1150,E4,E7,0,0.986379,0.000185,0.002860,0.010576
bbc_20130322_1150,E6,E8,1,0.000094,0.989301,0.002337,0.008268
bbc_20130322_1150,E6,E10,1,0.000034,0.994416,0.001185,0.004365
bbc_20130322_1150,E6,E11,1,0.000589,0.971110,0.006966,0.021335
bbc_20130322_1150,E7,E8,1,0.005448,0.901581,0.023662,0.069309
bbc_20130322_1150,E7,E10,1,0.001248,0.959041,0.010236,0.029474
bbc_20130322_1150,E7,E11,1,0.091712,0.617766,0.078120,0.212401
bbc_20130322_1150,E8,E12,0,0.791326,0.027359,0.044791,0.136525
bbc_20130322_1150,E10,E12,0,0.932784,0.003676,0.015466,0.048073
bbc_20130322_1150,E11,E12,0,0.531958,0.127008,0.091066,0.249968
bbc_20130322_1150,E12,E14,0,0.974422,0.000544,0.006074,0.018961
bbc_20130322_1150,E12,E15,0,0.878941,0.010140,0.027705,0.083213
bbc_20130322_1150,E12,E17,0,0.970858,0.000605,0.006381,0.022156
bbc_20130322_1150,E18,E19,0,0.958567,0.001087,0.010579,0.029768
bbc_20130322_1150,E18,E20,0,0.387397,0.226937,0.120295,0.265370
bbc_20130322_1150,E18,E21,0,0.960999,0.001108,0.010258,0.027634
bbc_20130322_1150,E19,E23,0,0.839288,0.011867,0.031300,0.117546
bbc_20130322_1150,E19,E24,1,0.214715,0.384614,0.089867,0.310804
bbc_20130322_1150,E20,E23,0,0.956971,0.001115,0.008846,0.033068
bbc_20130322_1150,E20,E24,0,0.585225,0.108527,0.068258,0.237990
bbc_20130322_1150,E21,E23,0,0.776977,0.026221,0.041027,0.155775
bbc_20130322_1150,E21,E24,1,0.090876,0.606929,0.067042,0.235153
bbc_20130322_1150,E28,E29,1,0.000079,0.991543,0.002147,0.006231
bbc_20130322_1150,E28,E30,1,0.060399,0.667208,0.059414,0.212978
bbc_20130322_1150,E29,E34,0,0.998027,0.000007,0.000401,0.001565
bbc_20130322_1150,E30,E34,0,0.958377,0.001638,0.008599,0.031385
bbc_20130322_1150,E34,E53,1,0.000660,0.967954,0.007342,0.024044
bbc_20130322_1150,E34,E35,0,0.908212,0.004982,0.017452,0.069354
bbc_20130322_1150,E53,E36,0,0.984736,0.000227,0.003452,0.011585
bbc_20130322_1150,E35,E36,1,0.167607,0.464336,0.089925,0.278132
bbc_20130322_1150,E36,E39,1,0.000718,0.964169,0.008732,0.026382
bbc_20130322_1150,E36,E40,1,0.083269,0.542715,0.085043,0.288972
bbc_20130322_1150,E39,E41,0,0.994132,0.000046,0.001241,0.004581
bbc_20130322_1150,E39,E42,1,0.277200,0.363454,0.103412,0.255934
bbc_20130322_1150,E39,E43,0,0.977620,0.000447,0.005334,0.016599
bbc_20130322_1150,E40,E41,0,0.928163,0.003015,0.015476,0.053346
bbc_20130322_1150,E40,E42,1,0.000514,0.973288,0.006411,0.019788
bbc_20130322_1150,E40,E43,0,0.349037,0.244395,0.092763,0.313805
bbc_20130322_1150,E41,E44,1,0.089779,0.626255,0.071200,0.212765
bbc_20130322_1150,E42,E44,0,0.990512,0.000116,0.002056,0.007316
bbc_20130322_1150,E43,E44,0,0.488158,0.186554,0.077986,0.247302
bbc_20130322_332,E1,E2,0,0.523432,0.123858,0.077782,0.274927
bbc_20130322_332,E1,E3,1,0.094832,0.605993,0.069797,0.229378
bbc_20130322_332,E1,E4,1,0.000052,0.993385,0.001440,0.005122
bbc_20130322_332,E2,E3,1,0.024832,0.790304,0.048516,0.136349
bbc_20130322_332,E2,E4,1,0.000020,0.995998,0.000826,0.003156
bbc_20130322_332,E3,E4,1,0.000160,0.987431,0.002902,0.009507
bbc_20130322_332,E12,E13,1,0.014347,0.803772,0.042769,0.139112
bbc_20130322_332,E17,E18,1,0.059070,0.682828,0.061469,0.196633
bbc_20130322_332,E22,E23,0,0.991369,0.000086,0.001865,0.006680
bbc_20130322_332,E27,E28,1,0.234154,0.430110,0.081192,0.254544
bbc_20130322_332,E27,E29,0,0.960540,0.001728,0.007962,0.029769
bbc_20130322_332,E28,E29,0,0.967358,0.001258,0.006496,0.024888
bbc_20130322_332,E31,E33,1,0.032157,0.750688,0.055022,0.162133
bbc_20130322_332,E31,E34,1,0.111675,0.570197,0.077901,0.240227
bbc_20130322_332,E31,E35,0,0.486237,0.194064,0.091430,0.228268
bbc_20130322_332,E33,E34,0,0.485052,0.204265,0.069693,0.240990
bbc_20130322_332,E33,E35,0,0.956631,0.002381,0.010491,0.030496
bbc_20130322_332,E34,E35,0,0.951763,0.003479,0.011203,0.033555
bbc_20130322_332,E37,E38,0,0.887139,0.006042,0.023457,0.083362
bbc_20130322_332,E37,E40,0,0.829510,0.012565,0.036434,0.121490
bbc_20130322_332,E38,E40,0,0.534642,0.097727,0.084384,0.283247
bbc_20130322_332,E1,E5,0,0.826003,0.014938,0.035892,0.123167
bbc_20130322_332,E2,E5,0,0.673952,0.054398,0.068243,0.203406
bbc_20130322_332,E3,E5,0,0.942629,0.002102,0.014182,0.041086
bbc_20130322_332,E4,E5,0,0.996216,0.000022,0.000768,0.002995
bbc_20130322_332,E5,E9,1,0.000508,0.971064,0.006689,0.021739
bbc_20130322_332,E9,E11,1,0.019205,0.777703,0.057444,0.145648
bbc_20130322_332,E11,E12,0,0.995793,0.000024,0.000844,0.003340
bbc_20130322_332,E11,E13,0,0.962118,0.000879,0.008521,0.028481
bbc_20130322_332,E12,E17,1,0.000282,0.979531,0.004595,0.015592
bbc_20130322_332,E12,E18,1,0.000657,0.967664,0.007487,0.024192
bbc_20130322_332,E13,E17,1,0.011496,0.840041,0.035239,0.113225
bbc_20130322_332,E13,E18,1,0.006141,0.882753,0.026557,0.084549
bbc_20130322_332,E17,E19,0,0.929429,0.002338,0.015548,0.052685
bbc_20130322_332,E18,E19,0,0.943526,0.001627,0.012530,0.042317
bbc_20130322_332,E19,E22,1,0.000684,0.965622,0.008236,0.025457
bbc_20130322_332,E19,E23,0,0.593460,0.075800,0.087884,0.242856
bbc_20130322_332,E22,E24,1,0.143269,0.535881,0.087088,0.233762
bbc_20130322_332,E23,E24,1,0.000159,0.986038,0.003112,0.010691
bbc_20130322_332,E27,E30,0,0.978159,0.000462,0.004768,0.016611
bbc_20130322_332,E28,E30,0,0.973610,0.000687,0.005629,0.020074
bbc_20130322_332,E29,E30,0,0.692432,0.082852,0.045304,0.179412
bbc_20130322_332,E30,E31,1,0.080099,0.649606,0.066119,0.204176
bbc_20130322_332,E30,E33,1,0.048582,0.729601,0.052265,0.169552
bbc_20130322_332,E30,E34,1,0.042209,0.786272,0.042721,0.128798
bbc_20130322_332,E30,E35,0,0.763951,0.054279,0.047415,0.134354
bbc_20130322_332,E31,E36,1,0.306211,0.325265,0.092397,0.276127
bbc_20130322_332,E33,E36,0,0.836110,0.023940,0.030762,0.109189
bbc_20130322_332,E34,E36,0,0.773896,0.058243,0.038941,0.128920
bbc_20130322_332,E35,E36,0,0.387714,0.313504,0.075803,0.222978
bbc_20130322_332,E36,E37,0,0.970678,0.000639,0.006066,0.022617
bbc_20130322_332,E36,E38,0,0.987829,0.000121,0.002384,0.009666
bbc_20130322_332,E36,E40,0,0.977637,0.000360,0.004672,0.017331
bbc_20130322_1600,E2,E5,0,0.758785,0.040403,0.046733,0.154079
bbc_20130322_1600,E6,E7,1,0.008158,0.902216,0.024345,0.065281
bbc_20130322_1600,E6,E8,0,0.934648,0.004930,0.015860,0.044562
bbc_20130322_1600,E6,E9,0,0.733529,0.066903,0.048453,0.151116
bbc_20130322_1600,E7,E8,0,0.990944,0.000144,0.002181,0.006730
bbc_20130322_1600,E7,E9,0,0.978715,0.000688,0.004764,0.015833
bbc_20130322_1600,E8,E9,1,0.112978,0.639630,0.055458,0.191933
bbc_20130322_1600,E10,E11,0,0.695670,0.058999,0.060381,0.184950
bbc_20130322_1600,E10,E12,0,0.958981,0.001128,0.009021,0.030870
bbc_20130322_1600,E11,E12,0,0.872173,0.010210,0.024477,0.093140
bbc_20130322_1600,E16,E20,0,0.692347,0.062801,0.060122,0.184730
bbc_20130322_1600,E21,E22,0,0.851133,0.017775,0.032098,0.098994
bbc_20130322_1600,E2,E6,0,0.380420,0.280138,0.092840,0.246602
bbc_20130322_1600,E2,E7,1,0.029573,0.807328,0.042314,0.120785
bbc_20130322_1600,E2,E8,0,0.980309,0.000412,0.004682,0.014598
bbc_20130322_1600,E2,E9,0,0.872550,0.015305,0.024468,0.087676
bbc_20130322_1600,E5,E6,1,0.061724,0.714345,0.056118,0.167813
bbc_20130322_1600,E5,E7,1,0.001353,0.962539,0.009467,0.026641
bbc_20130322_1600,E5,E8,0,0.900550,0.010818,0.022369,0.066264
bbc_20130322_1600,E5,E9,0,0.721625,0.070884,0.045976,0.161514
bbc_20130322_1600,E6,E10,1,0.022013,0.831035,0.040956,0.105996
bbc_20130322_1600,E6,E11,1,0.083848,0.625780,0.077903,0.212469
bbc_20130322_1600,E6,E12,0,0.927340,0.004234,0.015524,0.052901
bbc_20130322_1600,E7,E10,0,0.507174,0.197717,0.081004,0.214105
bbc_20130322_1600,E7,E11,0,0.917142,0.007654,0.019919,0.055285
bbc_20130322_1600,E7,E12,0,0.991099,0.000095,0.001855,0.006951
bbc_20130322_1600,E8,E10,1,0.000440,0.978538,0.005194,0.015828
bbc_20130322_1600,E8,E11,1,0.026342,0.813056,0.037894,0.122707
bbc_20130322_1600,E8,E12,0,0.485851,0.184138,0.072139,0.257873
bbc_20130322_1600,E9,E10,1,0.002382,0.951423,0.011717,0.034477
bbc_20130322_1600,E9,E11,1,0.182429,0.528052,0.070567,0.218952
bbc_20130322_1600,E9,E12,0,0.817273,0.027546,0.032055,0.123126
bbc_20130322_1600,E10,E13,0,0.965351,0.000858,0.007845,0.025946
bbc_20130322_1600,E11,E13,0,0.960042,0.001144,0.008562,0.030252
bbc_20130322_1600,E12,E13,0,0.787965,0.028384,0.039331,0.144320
bbc_20130322_1600,E13,E30,1,0.004996,0.904613,0.022423,0.067969
bbc_20130322_1600,E30,E14,0,0.952144,0.001513,0.011278,0.035065
bbc_20130322_1600,E14,E16,0,0.732836,0.041319,0.059092,0.166753
bbc_20130322_1600,E14,E20,3,0.300630,0.258316,0.118237,0.322816
bbc_20130322_1600,E16,E21,1,0.147456,0.470667,0.091966,0.289912
bbc_20130322_1600,E16,E22,0,0.868829,0.010540,0.026373,0.094257
bbc_20130322_1600,E20,E21,1,0.145636,0.449759,0.103335,0.301270
bbc_20130322_1600,E20,E22,0,0.823745,0.018926,0.040997,0.116332
bbc_20130322_1600,E21,E25,0,0.958893,0.001244,0.009934,0.029929
bbc_20130322_1600,E22,E25,0,0.902653,0.005401,0.020045,0.071901
WSJ_20130322_804,E1,E2002,0,0.911156,0.003345,0.019307,0.066192
WSJ_20130322_804,E11,E13,0,0.898920,0.004417,0.020882,0.075782
WSJ_20130322_804,E11,E14,1,0.159476,0.420995,0.097666,0.321863
WSJ_20130322_804,E13,E14,1,0.018568,0.798857,0.043403,0.139172
WSJ_20130322_804,E22,E23,1,0.031506,0.727099,0.066016,0.175378
WSJ_20130322_804,E25,E26,0,0.834143,0.013413,0.042024,0.110420
WSJ_20130322_804,E25,E30,0,0.992551,0.000056,0.001453,0.005940
WSJ_20130322_804,E26,E30,0,0.979498,0.000270,0.004164,0.016068
WSJ_20130322_804,E9,E11,1,0.192623,0.361558,0.105098,0.340721
WSJ_20130322_804,E9,E13,0,0.927988,0.002307,0.014317,0.055388
WSJ_20130322_804,E9,E14,1,0.146431,0.442554,0.090407,0.320608
WSJ_20130322_804,E11,E16,1,0.120570,0.476980,0.094894,0.307556
WSJ_20130322_804,E13,E16,1,0.014703,0.817410,0.040607,0.127280
WSJ_20130322_804,E14,E16,1,0.216467,0.368537,0.088377,0.326619
WSJ_20130322_804,E16,E17,0,0.981386,0.000241,0.003869,0.014505
WSJ_20130322_804,E17,E18,1,0.002459,0.932417,0.017613,0.047510
WSJ_20130322_804,E21,E22,0,0.415335,0.150128,0.106157,0.328379
WSJ_20130322_804,E21,E23,0,0.357768,0.204436,0.112528,0.325268
WSJ_20130322_804,E22,E25,1,0.147241,0.405633,0.115730,0.331396
WSJ_20130322_804,E22,E26,3,0.272584,0.258546,0.115968,0.352902
WSJ_20130322_804,E22,E30,0,0.880198,0.005677,0.027249,0.086877
WSJ_20130322_804,E23,E25,0,0.655443,0.050504,0.070141,0.223912
WSJ_20130322_804,E23,E26,0,0.739353,0.029118,0.052734,0.178794
WSJ_20130322_804,E23,E30,0,0.970237,0.000528,0.006108,0.023127
WSJ_20130322_804,E25,E33,0,0.979829,0.000267,0.004142,0.015762
WSJ_20130322_804,E26,E33,0,0.980491,0.000234,0.003883,0.015392
WSJ_20130322_804,E30,E33,0,0.737531,0.023015,0.054086,0.185368
WSJ_20130322_804,E33,E35,1,0.134633,0.404934,0.114594,0.345839
WSJ_20130318_731,E1,E2,1,0.006304,0.888212,0.028165,0.077319
WSJ_20130318_731,E1,E3,1,0.012546,0.822626,0.046438,0.118389
WSJ_20130318_731,E2,E3,1,0.173555,0.473674,0.091454,0.261316
WSJ_20130318_731,E11,E12,1,0.001598,0.944910,0.012838,0.040654
WSJ_20130318_731,E11,E13,0,0.375678,0.207478,0.106036,0.310807
WSJ_20130318_731,E12,E13,0,0.900074,0.006938,0.022688,0.070300
WSJ_20130318_731,E20,E21,0,0.988648,0.000107,0.002237,0.009009
WSJ_20130318_731,E20,E22,0,0.974896,0.000438,0.005376,0.019290
WSJ_20130318_731,E21,E22,0,0.379977,0.192710,0.097225,0.330088
WSJ_20130318_731,E9,E10,1,0.001356,0.953394,0.011653,0.033597
WSJ_20130318_731,E10,E11,0,0.996782,0.000017,0.000637,0.002564
WSJ_20130318_731,E10,E12,0,0.991650,0.000073,0.001644,0.006632
WSJ_20130318_731,E10,E13,0,0.996780,0.000016,0.000588,0.002617
WSJ_20130318_731,E11,E14,0,0.599964,0.076341,0.077770,0.245925
WSJ_20130318_731,E12,E14,0,0.569271,0.100155,0.082158,0.248416
WSJ_20130318_731,E13,E14,3,0.310580,0.243868,0.117600,0.327952
CNN_20130322_1003,E1,E2,1,0.002721,0.951367,0.011243,0.034669
CNN_20130322_1003,E1,E3,0,0.909088,0.009584,0.018869,0.062459
CNN_20130322_1003,E1,E5,0,0.976664,0.000580,0.004944,0.017812
CNN_20130322_1003,E2,E3,0,0.990223,0.000163,0.002313,0.007301
CNN_20130322_1003,E2,E5,0,0.995257,0.000033,0.000938,0.003773
CNN_20130322_1003,E3,E5,0,0.776709,0.038093,0.042242,0.142956
CNN_20130322_1003,E6,E7,1,0.003659,0.957123,0.010955,0.028263
CNN_20130322_1003,E9,E10,1,0.250960,0.454860,0.063228,0.230952
CNN_20130322_1003,E9,E11,1,0.002937,0.948484,0.010926,0.037653
CNN_20130322_1003,E9,E1000,1,0.000117,0.989927,0.002273,0.007682
CNN_20130322_1003,E10,E11,1,0.018548,0.874609,0.023013,0.083831
CNN_20130322_1003,E10,E1000,1,0.000484,0.980671,0.004312,0.014533
CNN_20130322_1003,E11,E1000,1,0.018432,0.877835,0.023666,0.080067
CNN_20130322_1003,E12,E13,1,0.299874,0.385823,0.072126,0.242177
CNN_20130322_1003,E12,E14,1,0.000847,0.971893,0.006124,0.021136
CNN_20130322_1003,E12,E15,1,0.000641,0.974265,0.005701,0.019392
CNN_20130322_1003,E13,E14,1,0.003499,0.945669,0.011274,0.039558
CNN_20130322_1003,E13,E15,1,0.002753,0.950030,0.010663,0.036555
CNN_20130322_1003,E14,E15,1,0.056009,0.776866,0.040574,0.126551
CNN_20130322_1003,E17,E19,1,0.000655,0.970074,0.007308,0.021962
CNN_20130322_1003,E17,E20,0,0.965572,0.001041,0.007839,0.025549
CNN_20130322_1003,E19,E20,0,0.998110,0.000007,0.000363,0.001521
CNN_20130322_1003,E23,E27,1,0.307216,0.340195,0.084277,0.268313
CNN_20130322_1003,E30,E31,1,0.002221,0.939913,0.013866,0.044000
CNN_20130322_1003,E30,E32,1,0.000048,0.993811,0.001362,0.004779
CNN_20130322_1003,E30,E33,1,0.000008,0.997818,0.000468,0.001705
CNN_20130322_1003,E31,E32,1,0.000030,0.995301,0.001001,0.003667
CNN_20130322_1003,E31,E33,1,0.000014,0.997226,0.000576,0.002184
CNN_20130322_1003,E32,E33,1,0.030230,0.843001,0.030862,0.095907
CNN_20130322_1003,E34,E36,1,0.000063,0.992630,0.001620,0.005686
CNN_20130322_1003,E40,E41,1,0.006818,0.928367,0.016129,0.048686
CNN_20130322_1003,E40,E42,1,0.008681,0.921688,0.018659,0.050972
CNN_20130322_1003,E41,E42,1,0.054173,0.807139,0.035671,0.103017
CNN_20130322_1003,E43,E44,0,0.840966,0.022811,0.031637,0.104586
CNN_20130322_1003,E45,E47,0,0.784766,0.033572,0.042316,0.139346
CNN_20130322_1003,E55,E57,0,0.976294,0.000396,0.004551,0.018759
CNN_20130322_1003,E1,E6,1,0.308152,0.391103,0.068157,0.232587
CNN_20130322_1003,E1,E7,1,0.025161,0.860510,0.032306,0.082023
CNN_20130322_1003,E2,E6,0,0.866855,0.025101,0.026894,0.081149
CNN_20130322_1003,E2,E7,0,0.376090,0.357892,0.075543,0.190476
CNN_20130322_1003,E3,E6,1,0.004829,0.933801,0.015525,0.045846
CNN_20130322_1003,E3,E7,1,0.000259,0.986008,0.003868,0.009865
CNN_20130322_1003,E5,E6,1,0.000438,0.981155,0.004803,0.013604
CNN_20130322_1003,E5,E7,1,0.000080,0.992753,0.001916,0.005251
CNN_20130322_1003,E6,E9,0,0.995216,0.000045,0.001028,0.003711
CNN_20130322_1003,E6,E10,0,0.993497,0.000083,0.001271,0.005149
CNN_20130322_1003,E6,E11,0,0.828138,0.038884,0.028138,0.104840
CNN_20130322_1003,E6,E1000,1,0.234803,0.503522,0.058951,0.202724
CNN_20130322_1003,E7,E9,0,0.997421,0.000017,0.000595,0.001966
CNN_20130322_1003,E7,E10,0,0.997204,0.000020,0.000647,0.002129
CNN_20130322_1003,E7,E11,0,0.946754,0.005545,0.012392,0.035309
CNN_20130322_1003,E7,E1000,0,0.584694,0.189317,0.062196,0.163793
CNN_20130322_1003,E9,E12,0,0.395132,0.294117,0.067343,0.243407
CNN_20130322_1003,E9,E13,1,0.253031,0.426920,0.069302,0.250747
CNN_20130322_1003,E9,E14,1,0.000244,0.985714,0.003249,0.010793
CNN_20130322_1003,E9,E15,1,0.000223,0.985851,0.003266,0.010660
CNN_20130322_1003,E10,E12,0,0.800694,0.044687,0.032227,0.122391
CNN_20130322_1003,E10,E13,0,0.667641,0.113549,0.049720,0.169090
CNN_20130322_1003,E10,E14,1,0.002336,0.960236,0.008284,0.029145
CNN_20130322_1003,E10,E15,1,0.001774,0.966254,0.007880,0.024093
CNN_20130322_1003,E11,E12,0,0.978576,0.000736,0.004329,0.016360
CNN_20130322_1003,E11,E13,0,0.963025,0.002230,0.007926,0.026819
CNN_20130322_1003,E11,E14,1,0.139251,0.632949,0.050866,0.176934
CNN_20130322_1003,E11,E15,1,0.102061,0.685820,0.048100,0.164019
CNN_20130322_1003,E1000,E12,0,0.995926,0.000032,0.000831,0.003211
CNN_20130322_1003,E1000,E13,0,0.994020,0.000071,0.001357,0.004553
CNN_20130322_1003,E1000,E14,0,0.744763,0.079360,0.040263,0.135614
CNN_20130322_1003,E1000,E15,0,0.687503,0.107359,0.047710,0.157428
CNN_20130322_1003,E12,E17,1,0.004857,0.925781,0.015914,0.053447
CNN_20130322_1003,E12,E19,1,0.000043,0.994220,0.001260,0.004476
CNN_20130322_1003,E12,E20,0,0.851853,0.022186,0.028934,0.097027
CNN_20130322_1003,E13,E17,1,0.054219,0.750121,0.044641,0.151020
CNN_20130322_1003,E13,E19,1,0.000139,0.988887,0.002572,0.008401
CNN_20130322_1003,E13,E20,0,0.958025,0.002033,0.009147,0.030795
CNN_20130322_1003,E14,E17,1,0.283460,0.426597,0.070951,0.218992
CNN_20130322_1003,E14,E19,1,0.000362,0.983549,0.004229,0.011861
CNN_20130322_1003,E14,E20,0,0.984470,0.000337,0.003389,0.011804
CNN_20130322_1003,E15,E17,1,0.250280,0.429552,0.072290,0.247878
CNN_20130322_1003,E15,E19,1,0.000398,0.979996,0.004789,0.014817
CNN_20130322_1003,E15,E20,0,0.983235,0.000350,0.003694,0.012721
CNN_20130322_1003,E17,E21,0,0.874498,0.014049,0.024939,0.086514
CNN_20130322_1003,E19,E21,0,0.988764,0.000175,0.002334,0.008727
CNN_20130322_1003,E20,E21,1,0.019622,0.850608,0.028424,0.101346
CNN_20130322_1003,E21,E23,0,0.878003,0.016148,0.024540,0.081309
CNN_20130322_1003,E21,E27,0,0.882953,0.013841,0.024708,0.078497
CNN_20130322_1003,E30,E34,0,0.908099,0.004055,0.021546,0.066299
CNN_20130322_1003,E30,E36,1,0.000419,0.978402,0.005209,0.015969
CNN_20130322_1003,E31,E34,0,0.957320,0.001357,0.009820,0.031502
CNN_20130322_1003,E31,E36,1,0.000776,0.972624,0.006205,0.020395
CNN_20130322_1003,E32,E34,0,0.997613,0.000010,0.000458,0.001920
CNN_20130322_1003,E32,E36,0,0.731715,0.068487,0.046884,0.152914
CNN_20130322_1003,E33,E34,0,0.997779,0.000008,0.000419,0.001794
CNN_20130322_1003,E33,E36,0,0.640574,0.142999,0.053582,0.162845
CNN_20130322_1003,E34,E38,1,0.066520,0.663540,0.065209,0.204731
CNN_20130322_1003,E36,E38,0,0.958584,0.001691,0.008919,0.030806
CNN_20130322_1003,E38,E40,1,0.262706,0.386652,0.084257,0.266385
CNN_20130322_1003,E38,E41,1,0.005755,0.932287,0.016903,0.045056
CNN_20130322_1003,E38,E42,1,0.005527,0.936055,0.017178,0.041241
CNN_20130322_1003,E40,E43,0,0.925902,0.003697,0.015118,0.055283
CNN_20130322_1003,E40,E44,0,0.979425,0.000449,0.004527,0.015599
CNN_20130322_1003,E41,E43,0,0.966794,0.000980,0.006627,0.025599
CNN_20130322_1003,E41,E44,0,0.991356,0.000101,0.001848,0.006695
CNN_20130322_1003,E42,E43,0,0.977442,0.000585,0.005411,0.016563
CNN_20130322_1003,E42,E44,0,0.993308,0.000069,0.001554,0.005069
CNN_20130322_1003,E43,E45,0,0.428710,0.174772,0.090250,0.306268
CNN_20130322_1003,E43,E47,0,0.785574,0.035334,0.042874,0.136217
CNN_20130322_1003,E44,E45,1,0.072526,0.638836,0.063107,0.225531
CNN_20130322_1003,E44,E47,1,0.250129,0.383552,0.078282,0.288037
CNN_20130322_1003,E45,E48,0,0.806899,0.020740,0.039272,0.133090
CNN_20130322_1003,E47,E48,0,0.540717,0.128660,0.068470,0.262153
CNN_20130322_1003,E48,E50,0,0.974389,0.000531,0.005705,0.019375
CNN_20130322_1003,E50,E51,1,0.020740,0.776265,0.044460,0.158535
CNN_20130322_1003,E51,E52,0,0.712348,0.037176,0.052563,0.197913
CNN_20130322_1003,E52,E53,0,0.991026,0.000057,0.001598,0.007318
CNN_20130322_1003,E53,E55,1,0.112987,0.569067,0.074785,0.243160
