WSJ_20130322_159,E5,E6,1,0.013191,0.812454,0.038870,0.135484
WSJ_20130322_159,E5,E10,0,0.905779,0.003878,0.021604,0.068739
WSJ_20130322_159,E5,E11,0,0.986603,0.000124,0.003260,0.010013
WSJ_20130322_159,E6,E10,0,0.937920,0.001845,0.013079,0.047156
WSJ_20130322_159,E6,E11,0,0.988111,0.000087,0.002566,0.009237
WSJ_20130322_159,E10,E11,0,0.676360,0.030818,0.064631,0.228191
WSJ_20130322_159,E12,E14,3,0.182935,0.272461,0.090220,0.454384
WSJ_20130322_159,E18,E19,0,0.596175,0.053231,0.066134,0.284460
WSJ_20130322_159,E20,E22,1,0.001478,0.922014,0.015235,0.061273
WSJ_20130322_159,E29,E31,3,0.361005,0.138066,0.082803,0.418126
WSJ_20130322_159,E29,E34,1,0.117351,0.408777,0.085384,0.388488
WSJ_20130322_159,E29,E37,0,0.835932,0.008846,0.027812,0.127410
WSJ_20130322_159,E31,E34,3,0.134467,0.358974,0.084981,0.421578
WSJ_20130322_159,E31,E37,0,0.851749,0.006336,0.023609,0.118306
WSJ_20130322_159,E34,E37,0,0.979082,0.000257,0.004494,0.016167
WSJ_20130322_159,E38,E39,1,0.001346,0.932716,0.013881,0.052057
WSJ_20130322_159,E38,E40,3,0.145268,0.336047,0.094060,0.424626
WSJ_20130322_159,E39,E40,3,0.345383,0.157000,0.092807,0.404810
WSJ_20130322_159,E42,E44,1,0.000036,0.988465,0.002021,0.009478
WSJ_20130322_159,E46,E47,1,0.004663,0.867780,0.025293,0.102264
WSJ_20130322_159,E46,E49,3,0.203714,0.338429,0.100650,0.357207
WSJ_20130322_159,E47,E49,0,0.702511,0.031145,0.049976,0.216367
WSJ_20130322_159,E1,E5,1,0.009163,0.812996,0.034131,0.143710
WSJ_20130322_159,E1,E6,1,0.000268,0.968433,0.006056,0.025244
WSJ_20130322_159,E1,E10,3,0.296199,0.202565,0.098638,0.402598
WSJ_20130322_159,E1,E11,0,0.593092,0.049537,0.070702,0.286669
WSJ_20130322_159,E5,E12,0,0.991724,0.000051,0.001915,0.006310
WSJ_20130322_159,E5,E14,0,0.976629,0.000272,0.005014,0.018085
WSJ_20130322_159,E6,E12,0,0.996534,0.000011,0.000727,0.002728
WSJ_20130322_159,E6,E14,0,0.978284,0.000240,0.004266,0.017211
WSJ_20130322_159,E10,E12,0,0.811906,0.009233,0.035460,0.143401
WSJ_20130322_159,E10,E14,3,0.227062,0.213874,0.101951,0.457113
WSJ_20130322_159,E11,E12,0,0.622150,0.037588,0.066932,0.273330
WSJ_20130322_159,E11,E14,1,0.083062,0.421016,0.090511,0.405411
WSJ_20130322_159,E12,E18,0,0.890272,0.003552,0.018763,0.087413
WSJ_20130322_159,E12,E19,0,0.698965,0.025938,0.049287,0.225810
WSJ_20130322_159,E14,E18,0,0.987808,0.000069,0.002225,0.009898
WSJ_20130322_159,E14,E19,0,0.961049,0.000558,0.007022,0.031372
WSJ_20130322_159,E18,E20,1,0.067999,0.471470,0.075892,0.384640
WSJ_20130322_159,E18,E22,1,0.000035,0.990245,0.001937,0.007783
WSJ_20130322_159,E19,E20,1,0.004788,0.825151,0.027769,0.142293
WSJ_20130322_159,E19,E22,1,0.000010,0.994047,0.000964,0.004978
WSJ_20130322_159,E20,E26,1,0.147924,0.399321,0.099279,0.353476
WSJ_20130322_159,E22,E26,0,0.854408,0.014094,0.032597,0.098901
WSJ_20130322_159,E26,E29,0,0.987310,0.000076,0.002580,0.010035
WSJ_20130322_159,E26,E31,0,0.983898,0.000106,0.003130,0.012866
WSJ_20130322_159,E26,E34,0,0.895364,0.003341,0.020682,0.080613
WSJ_20130322_159,E26,E37,0,0.992920,0.000029,0.001410,0.005641
WSJ_20130322_159,E29,E38,0,0.451311,0.105055,0.082023,0.361611
WSJ_20130322_159,E29,E39,1,0.000388,0.964098,0.006918,0.028595
WSJ_20130322_159,E29,E40,1,0.004924,0.843171,0.026330,0.125575
WSJ_20130322_159,E31,E38,0,0.414966,0.113000,0.081335,0.390699
WSJ_20130322_159,E31,E39,1,0.000412,0.961219,0.007024,0.031345
WSJ_20130322_159,E31,E40,1,0.005019,0.834994,0.026102,0.133885
WSJ_20130322_159,E34,E38,0,0.847129,0.010383,0.031304,0.111184
WSJ_20130322_159,E34,E39,1,0.006040,0.882838,0.024880,0.086242
WSJ_20130322_159,E34,E40,1,0.055603,0.587078,0.070943,0.286376
WSJ_20130322_159,E37,E38,1,0.045642,0.555255,0.067139,0.331964
WSJ_20130322_159,E37,E39,1,0.000028,0.990540,0.001708,0.007725
WSJ_20130322_159,E37,E40,1,0.000244,0.964783,0.005896,0.029077
WSJ_20130322_159,E38,E42,0,0.806302,0.011797,0.035893,0.146008
WSJ_20130322_159,E38,E44,1,0.002421,0.888288,0.018648,0.090643
WSJ_20130322_159,E39,E42,0,0.988113,0.000069,0.002324,0.009494
WSJ_20130322_159,E39,E44,1,0.037216,0.623553,0.059296,0.279935
WSJ_20130322_159,E40,E42,0,0.959291,0.000508,0.007056,0.033145
WSJ_20130322_159,E40,E44,1,0.012403,0.743584,0.038564,0.205449
WSJ_20130322_159,E42,E46,0,0.862319,0.004970,0.024750,0.107961
WSJ_20130322_159,E42,E47,3,0.154844,0.337806,0.085353,0.421997
WSJ_20130322_159,E42,E49,3,0.343129,0.189994,0.085287,0.381590
WSJ_20130322_159,E44,E46,0,0.994212,0.000015,0.001011,0.004762
WSJ_20130322_159,E44,E47,0,0.957796,0.000503,0.006853,0.034848
WSJ_20130322_159,E44,E49,0,0.976601,0.000192,0.004090,0.019117
WSJ_20130322_159,E46,E55,0,0.855460,0.008454,0.026958,0.109128
WSJ_20130322_159,E47,E55,0,0.980868,0.000177,0.003684,0.015271
WSJ_20130322_159,E49,E55,0,0.920888,0.002369,0.014155,0.062589
nyt_20130322_strange_computer,E8,E11,0,0.997673,0.000009,0.000574,0.001744
nyt_20130322_strange_computer,E14,E16,1,0.000336,0.975176,0.006771,0.017717
nyt_20130322_strange_computer,E19,E22,0,0.481513,0.143678,0.092412,0.282396
nyt_20130322_strange_computer,E19,E23,1,0.047589,0.687572,0.066661,0.198178
nyt_20130322_strange_computer,E22,E23,0,0.467813,0.164503,0.107160,0.260523
nyt_20130322_strange_computer,E6,E8,1,0.261076,0.350451,0.119211,0.269262
nyt_20130322_strange_computer,E6,E11,0,0.995303,0.000024,0.001151,0.003523
nyt_20130322_strange_computer,E8,E14,0,0.997950,0.000006,0.000466,0.001578
nyt_20130322_strange_computer,E8,E16,0,0.945842,0.003398,0.017545,0.033215
nyt_20130322_strange_computer,E11,E14,0,0.871552,0.006292,0.030929,0.091228
nyt_20130322_strange_computer,E11,E16,1,0.001930,0.935282,0.018319,0.044469
nyt_20130322_strange_computer,E14,E19,1,0.070114,0.578753,0.089694,0.261440
nyt_20130322_strange_computer,E14,E22,3,0.209329,0.330453,0.127948,0.332270
nyt_20130322_strange_computer,E14,E23,1,0.013495,0.826664,0.048429,0.111412
nyt_20130322_strange_computer,E16,E19,0,0.981645,0.000227,0.004771,0.013356
nyt_20130322_strange_computer,E16,E22,0,0.970325,0.000632,0.008485,0.020558
nyt_20130322_strange_computer,E16,E23,0,0.923684,0.004396,0.022844,0.049076
nyt_20130322_strange_computer,E19,E24,0,0.846627,0.010922,0.032721,0.109730
nyt_20130322_strange_computer,E22,E24,0,0.956751,0.001057,0.011360,0.030832
nyt_20130322_strange_computer,E23,E24,0,0.839169,0.011539,0.040473,0.108819
CNN_20130321_821,E4,E5,3,0.344320,0.173057,0.102512,0.380110
CNN_20130321_821,E5,E8,0,0.419189,0.099593,0.089795,0.391422
CNN_20130321_821,E8,E1000,0,0.863869,0.004353,0.027628,0.104150
CNN_20130321_821,E1002,E20,0,0.958631,0.000686,0.009796,0.030887
nyt_20130321_cyprus,E2,E5,1,0.223721,0.357937,0.108771,0.309572
nyt_20130321_cyprus,E7,E2009,1,0.009808,0.795610,0.038499,0.156083
nyt_20130321_cyprus,E13,E15,1,0.064460,0.471970,0.086067,0.377502
nyt_20130321_cyprus,E22,E23,3,0.132401,0.339593,0.089796,0.438209
nyt_20130321_cyprus,E22,E24,1,0.000005,0.996681,0.000587,0.002727
nyt_20130321_cyprus,E23,E24,1,0.000103,0.983233,0.003593,0.013070
nyt_20130321_cyprus,E33,E35,0,0.418256,0.161085,0.100198,0.320462
nyt_20130321_cyprus,E41,E42,1,0.008461,0.816421,0.037649,0.137469
nyt_20130321_cyprus,E46,E47,0,0.926927,0.003162,0.016145,0.053765
nyt_20130321_cyprus,E48,E51,0,0.989935,0.000064,0.002087,0.007914
nyt_20130321_cyprus,E2,E7,0,0.959249,0.000586,0.008342,0.031823
nyt_20130321_cyprus,E2,E2009,0,0.355041,0.187015,0.115588,0.342356
nyt_20130321_cyprus,E5,E7,0,0.984667,0.000108,0.003213,0.012012
nyt_20130321_cyprus,E5,E2009,0,0.694184,0.037489,0.068323,0.200004
nyt_20130321_cyprus,E7,E9,1,0.000064,0.985121,0.002818,0.011997
nyt_20130321_cyprus,E2009,E9,1,0.031236,0.659687,0.068111,0.240966
nyt_20130321_cyprus,E10,E13,0,0.996867,0.000009,0.000674,0.002449
nyt_20130321_cyprus,E10,E15,0,0.987336,0.000076,0.002608,0.009980
nyt_20130321_cyprus,E13,E21,0,0.667918,0.031297,0.061705,0.239080
nyt_20130321_cyprus,E15,E21,0,0.956604,0.000763,0.008633,0.034000
nyt_20130321_cyprus,E21,E22,0,0.934642,0.001489,0.012836,0.051033
nyt_20130321_cyprus,E21,E23,0,0.544126,0.053838,0.072241,0.329794
nyt_20130321_cyprus,E21,E24,1,0.000024,0.992310,0.001515,0.006152
nyt_20130321_cyprus,E22,E25,1,0.000115,0.980167,0.003970,0.015749
nyt_20130321_cyprus,E23,E25,1,0.015978,0.741127,0.047574,0.195322
nyt_20130321_cyprus,E24,E25,0,0.962688,0.000956,0.009793,0.026563
nyt_20130321_cyprus,E33,E36,0,0.543430,0.071589,0.083699,0.301282
nyt_20130321_cyprus,E35,E36,3,0.351065,0.143039,0.098681,0.407214
nyt_20130321_cyprus,E36,E41,0,0.939894,0.001370,0.013271,0.045465
nyt_20130321_cyprus,E36,E42,1,0.157248,0.388740,0.100198,0.353814
nyt_20130321_cyprus,E46,E48,1,0.170719,0.420086,0.088529,0.320667
nyt_20130321_cyprus,E46,E51,0,0.994334,0.000026,0.001254,0.004386
nyt_20130321_cyprus,E47,E48,1,0.012343,0.810769,0.037608,0.139281
nyt_20130321_cyprus,E47,E51,0,0.966035,0.000592,0.007410,0.025964
nyt_20130321_cyprus,E48,E57,1,0.000653,0.960349,0.009210,0.029787
nyt_20130321_cyprus,E51,E57,1,0.000014,0.994236,0.001098,0.004653
bbc_20130322_1353,E1,E5,1,0.000782,0.943093,0.010958,0.045166
bbc_20130322_1353,E8,E10,1,0.000039,0.990161,0.002003,0.007798
bbc_20130322_1353,E15,E16,1,0.001091,0.932625,0.013032,0.053251
bbc_20130322_1353,E19,E20,1,0.017334,0.838592,0.039130,0.104944
bbc_20130322_1353,E19,E21,1,0.045913,0.719782,0.061788,0.172517
bbc_20130322_1353,E20,E21,0,0.483868,0.182235,0.088077,0.245820
bbc_20130322_1353,E23,E25,1,0.003966,0.869075,0.024150,0.102808
bbc_20130322_1353,E23,E26,1,0.001057,0.943330,0.012419,0.043194
bbc_20130322_1353,E23,E27,1,0.000005,0.997069,0.000567,0.002360
bbc_20130322_1353,E25,E26,1,0.008067,0.842927,0.031423,0.117583
bbc_20130322_1353,E25,E27,1,0.000021,0.993732,0.001353,0.004893
bbc_20130322_1353,E26,E27,1,0.000084,0.987350,0.003036,0.009530
bbc_20130322_1353,E28,E29,1,0.000052,0.988751,0.002346,0.008851
bbc_20130322_1353,E28,E31,1,0.000384,0.969075,0.006395,0.024145
bbc_20130322_1353,E29,E31,1,0.267822,0.343498,0.084137,0.304543
bbc_20130322_1353,E33,E34,0,0.729942,0.036577,0.061082,0.172398
bbc_20130322_1353,E35,E36,0,0.792882,0.017466,0.045607,0.144045
bbc_20130322_1353,E35,E37,1,0.000688,0.955192,0.010809,0.033311
bbc_20130322_1353,E36,E37,1,0.000261,0.968576,0.005926,0.025236
bbc_20130322_1353,E1,E8,0,0.755570,0.017334,0.041653,0.185444
bbc_20130322_1353,E1,E10,1,0.000136,0.980745,0.004244,0.014875
bbc_20130322_1353,E5,E8,0,0.986518,0.000083,0.002718,0.010681
bbc_20130322_1353,E5,E10,1,0.021120,0.738696,0.052464,0.187720
bbc_20130322_1353,E8,E11,3,0.370851,0.126060,0.082860,0.420229
bbc_20130322_1353,E10,E11,0,0.996344,0.000008,0.000667,0.002981
bbc_20130322_1353,E11,E13,1,0.043359,0.625544,0.068885,0.262212
bbc_20130322_1353,E13,E15,0,0.992229,0.000048,0.001825,0.005898
bbc_20130322_1353,E13,E16,0,0.986550,0.000109,0.003091,0.010250
bbc_20130322_1353,E15,E17,1,0.002422,0.884670,0.020118,0.092790
bbc_20130322_1353,E16,E17,1,0.073338,0.441891,0.079326,0.405445
bbc_20130322_1353,E17,E19,1,0.019861,0.759879,0.046304,0.173957
bbc_20130322_1353,E17,E20,1,0.000240,0.974123,0.005623,0.020014
bbc_20130322_1353,E17,E21,1,0.007024,0.843467,0.031031,0.118478
bbc_20130322_1353,E19,E23,0,0.927488,0.002905,0.016620,0.052987
bbc_20130322_1353,E19,E25,0,0.961441,0.000601,0.007828,0.030130
bbc_20130322_1353,E19,E26,0,0.933489,0.001940,0.014934,0.049637
bbc_20130322_1353,E19,E27,1,0.011920,0.836882,0.035574,0.115625
bbc_20130322_1353,E20,E23,0,0.982391,0.000234,0.004240,0.013135
bbc_20130322_1353,E20,E25,0,0.981765,0.000181,0.003825,0.014229
bbc_20130322_1353,E20,E26,0,0.964098,0.000693,0.008064,0.027145
bbc_20130322_1353,E20,E27,1,0.200439,0.442380,0.089235,0.267946
bbc_20130322_1353,E21,E23,0,0.940229,0.003124,0.014970,0.041676
bbc_20130322_1353,E21,E25,0,0.942893,0.001980,0.012584,0.042543
bbc_20130322_1353,E21,E26,0,0.891539,0.007443,0.025116,0.075902
bbc_20130322_1353,E21,E27,1,0.025620,0.816215,0.042723,0.115442
bbc_20130322_1353,E23,E28,0,0.602773,0.051570,0.069647,0.276009
bbc_20130322_1353,E23,E29,1,0.154099,0.395629,0.085921,0.364351
bbc_20130322_1353,E23,E31,1,0.064029,0.587994,0.069999,0.277979
bbc_20130322_1353,E25,E28,0,0.922194,0.002259,0.014203,0.061343
bbc_20130322_1353,E25,E29,3,0.246696,0.313879,0.085570,0.353855
bbc_20130322_1353,E25,E31,1,0.242106,0.336472,0.085613,0.335810
bbc_20130322_1353,E26,E28,0,0.968732,0.000381,0.005981,0.024906
bbc_20130322_1353,E26,E29,0,0.601715,0.072485,0.065996,0.259804
bbc_20130322_1353,E26,E31,0,0.503115,0.121045,0.077584,0.298256
bbc_20130322_1353,E27,E28,0,0.997788,0.000004,0.000425,0.001782
bbc_20130322_1353,E27,E29,0,0.985028,0.000144,0.003242,0.011585
bbc_20130322_1353,E27,E31,0,0.981485,0.000237,0.004118,0.014160
bbc_20130322_1353,E28,E33,1,0.003177,0.916405,0.018686,0.061731
bbc_20130322_1353,E28,E34,1,0.127779,0.499370,0.085911,0.286940
bbc_20130322_1353,E29,E33,0,0.636149,0.095906,0.070133,0.197812
bbc_20130322_1353,E29,E34,0,0.974815,0.000423,0.005798,0.018964
bbc_20130322_1353,E31,E33,0,0.808782,0.037795,0.041889,0.111534
bbc_20130322_1353,E31,E34,0,0.983415,0.000269,0.003968,0.012348
bbc_20130322_1353,E33,E35,0,0.996035,0.000015,0.000892,0.003058
bbc_20130322_1353,E33,E36,0,0.984639,0.000143,0.003676,0.011541
bbc_20130322_1353,E33,E37,0,0.612953,0.058962,0.075748,0.252337
bbc_20130322_1353,E34,E35,0,0.996482,0.000010,0.000714,0.002794
bbc_20130322_1353,E34,E36,0,0.991659,0.000035,0.001629,0.006677
bbc_20130322_1353,E34,E37,0,0.643041,0.045659,0.063337,0.247962
nyt_20130321_women_senate,E1000009,E2,0,0.751575,0.057085,0.050508,0.140832
nyt_20130321_women_senate,E4,E5,1,0.004322,0.912163,0.023859,0.059655
nyt_20130321_women_senate,E4,E6,0,0.450175,0.206748,0.091174,0.251903
nyt_20130321_women_senate,E5,E6,0,0.917481,0.005261,0.020867,0.056391
nyt_20130321_women_senate,E9,E10,0,0.996219,0.000015,0.000851,0.002915
nyt_20130321_women_senate,E11,E12,0,0.778855,0.030797,0.053960,0.136389
nyt_20130321_women_senate,E14,E15,1,0.022870,0.732015,0.056379,0.188736
nyt_20130321_women_senate,E16,E17,3,0.264360,0.230186,0.082048,0.423405
nyt_20130321_women_senate,E19,E20,1,0.000614,0.959295,0.009744,0.030348
nyt_20130321_women_senate,E19,E21,1,0.006529,0.845245,0.032904,0.115323
nyt_20130321_women_senate,E20,E21,0,0.603721,0.060885,0.071286,0.264107
nyt_20130321_women_senate,E23,E24,0,0.807838,0.010793,0.035123,0.146246
nyt_20130321_women_senate,E26,E27,0,0.911569,0.005554,0.025803,0.057075
nyt_20130321_women_senate,E26,E1000014,0,0.870942,0.012145,0.037136,0.079776
nyt_20130321_women_senate,E27,E1000014,1,0.063727,0.626484,0.081970,0.227819
nyt_20130321_women_senate,E37,E1000015,1,0.079476,0.494421,0.075136,0.350968
nyt_20130321_women_senate,E40,E41,0,0.968341,0.000474,0.006791,0.024395
nyt_20130321_women_senate,E40,E42,0,0.529912,0.110492,0.083647,0.275948
nyt_20130321_women_senate,E41,E42,1,0.038369,0.684328,0.064128,0.213175
nyt_20130321_women_senate,E43,E47,0,0.990152,0.000085,0.002460,0.007303
nyt_20130321_women_senate,E43,E48,0,0.995062,0.000021,0.001108,0.003808
nyt_20130321_women_senate,E47,E48,0,0.832527,0.014116,0.038281,0.115076
nyt_20130321_women_senate,E49,E50,0,0.949137,0.002336,0.012758,0.035769
nyt_20130321_women_senate,E49,E53,1,0.005884,0.906755,0.023400,0.063962
nyt_20130321_women_senate,E50,E53,1,0.000098,0.986660,0.003237,0.010006
nyt_20130321_women_senate,E1000009,E4,0,0.462889,0.193737,0.093214,0.250160
nyt_20130321_women_senate,E1000009,E5,1,0.000237,0.978651,0.005546,0.015566
nyt_20130321_women_senate,E1000009,E6,1,0.090328,0.619295,0.074029,0.216348
nyt_20130321_women_senate,E2,E4,0,0.456728,0.181055,0.088222,0.273995
nyt_20130321_women_senate,E2,E5,1,0.000599,0.962715,0.009051,0.027636
nyt_20130321_women_senate,E2,E6,1,0.158866,0.477178,0.083065,0.280890
nyt_20130321_women_senate,E4,E7,0,0.988556,0.000147,0.003159,0.008138
nyt_20130321_women_senate,E5,E7,0,0.996619,0.000015,0.000838,0.002528
nyt_20130321_women_senate,E6,E7,0,0.994701,0.000036,0.001382,0.003880
nyt_20130321_women_senate,E7,E8,1,0.000305,0.974181,0.006040,0.019474
nyt_20130321_women_senate,E8,E9,0,0.976604,0.000572,0.006154,0.016670
nyt_20130321_women_senate,E8,E10,0,0.999393,0.000001,0.000128,0.000478
nyt_20130321_women_senate,E11,E1000012,0,0.793087,0.023231,0.044070,0.139612
nyt_20130321_women_senate,E12,E1000012,3,0.253393,0.310767,0.101821,0.334020
nyt_20130321_women_senate,E14,E16,0,0.915274,0.002569,0.016002,0.066155
nyt_20130321_women_senate,E14,E17,0,0.947046,0.001186,0.010645,0.041124
nyt_20130321_women_senate,E15,E16,0,0.938404,0.000830,0.009937,0.050830
nyt_20130321_women_senate,E15,E17,0,0.961227,0.000400,0.006656,0.031717
nyt_20130321_women_senate,E16,E19,1,0.024170,0.726811,0.049231,0.199788
nyt_20130321_women_senate,E16,E20,1,0.000197,0.973907,0.004854,0.021042
nyt_20130321_women_senate,E16,E21,1,0.002945,0.880871,0.020089,0.096095
nyt_20130321_women_senate,E17,E19,1,0.086520,0.550168,0.078208,0.285104
nyt_20130321_women_senate,E17,E20,1,0.000702,0.951919,0.009392,0.037986
nyt_20130321_women_senate,E17,E21,1,0.010628,0.789341,0.036695,0.163336
nyt_20130321_women_senate,E19,E22,1,0.070070,0.597778,0.073088,0.259064
nyt_20130321_women_senate,E20,E22,0,0.827403,0.014624,0.033100,0.124872
nyt_20130321_women_senate,E21,E22,0,0.436882,0.142330,0.081341,0.339447
nyt_20130321_women_senate,E22,E23,0,0.969995,0.000349,0.005373,0.024283
nyt_20130321_women_senate,E22,E24,0,0.996284,0.000011,0.000748,0.002957
nyt_20130321_women_senate,E23,E25,0,0.608476,0.038244,0.062382,0.290898
nyt_20130321_women_senate,E24,E25,3,0.127996,0.343885,0.091161,0.436959
nyt_20130321_women_senate,E25,E26,1,0.000133,0.981063,0.004198,0.014606
nyt_20130321_women_senate,E25,E27,1,0.008826,0.808243,0.036573,0.146358
nyt_20130321_women_senate,E25,E1000014,1,0.005500,0.849287,0.029921,0.115292
nyt_20130321_women_senate,E26,E29,0,0.966516,0.000685,0.009221,0.023578
nyt_20130321_women_senate,E27,E29,3,0.258005,0.243259,0.110189,0.388547
nyt_20130321_women_senate,E1000014,E29,3,0.315848,0.208143,0.111632,0.364377
nyt_20130321_women_senate,E29,E36,0,0.995277,0.000018,0.001023,0.003682
nyt_20130321_women_senate,E36,E37,0,0.665361,0.030375,0.058331,0.245933
nyt_20130321_women_senate,E36,E1000015,3,0.146219,0.334978,0.089042,0.429760
nyt_20130321_women_senate,E37,E40,1,0.000091,0.983501,0.003368,0.013040
nyt_20130321_women_senate,E37,E41,1,0.055026,0.548902,0.078569,0.317503
nyt_20130321_women_senate,E37,E42,1,0.000376,0.964330,0.007597,0.027696
nyt_20130321_women_senate,E1000015,E40,1,0.011132,0.790271,0.034943,0.163654
nyt_20130321_women_senate,E1000015,E41,0,0.625597,0.040295,0.058824,0.275284
nyt_20130321_women_senate,E1000015,E42,1,0.017218,0.747695,0.044701,0.190385
nyt_20130321_women_senate,E40,E43,0,0.878301,0.008666,0.026052,0.086981
nyt_20130321_women_senate,E40,E47,0,0.990407,0.000070,0.002283,0.007240
nyt_20130321_women_senate,E40,E48,0,0.994013,0.000026,0.001305,0.004657
nyt_20130321_women_senate,E41,E43,3,0.311353,0.260406,0.096746,0.331496
nyt_20130321_women_senate,E41,E47,0,0.917943,0.003368,0.018669,0.060019
nyt_20130321_women_senate,E41,E48,0,0.965389,0.000540,0.007706,0.026365
nyt_20130321_women_senate,E42,E43,0,0.785541,0.028218,0.045931,0.140310
nyt_20130321_women_senate,E42,E47,0,0.984699,0.000177,0.003918,0.011205
nyt_20130321_women_senate,E42,E48,0,0.990884,0.000061,0.002140,0.006914
nyt_20130321_women_senate,E43,E49,0,0.705805,0.049215,0.058803,0.186177
nyt_20130321_women_senate,E43,E50,0,0.992532,0.000059,0.001878,0.005532
nyt_20130321_women_senate,E43,E53,1,0.005931,0.903443,0.022948,0.067678
nyt_20130321_women_senate,E47,E49,1,0.005789,0.884120,0.027103,0.082987
nyt_20130321_women_senate,E47,E50,0,0.650682,0.083567,0.069172,0.196579
nyt_20130321_women_senate,E47,E53,1,0.000026,0.993464,0.001489,0.005021
nyt_20130321_women_senate,E48,E49,1,0.017162,0.770256,0.048233,0.164349
nyt_20130321_women_senate,E48,E50,0,0.767248,0.028960,0.048941,0.154851
nyt_20130321_women_senate,E48,E53,1,0.000056,0.989078,0.002442,0.008425
bbc_20130322_1150,E1,E2,0,0.977695,0.000959,0.007492,0.013854
bbc_20130322_1150,E6,E7,1,0.012899,0.793998,0.045950,0.147153
bbc_20130322_1150,E8,E10,1,0.002166,0.939797,0.018609,0.039428
bbc_20130322_1150,E8,E11,1,0.283138,0.334952,0.127225,0.254685
bbc_20130322_1150,E10,E11,0,0.734612,0.047367,0.075061,0.142961
bbc_20130322_1150,E14,E15,1,0.014579,0.778761,0.044535,0.162125
bbc_20130322_1150,E14,E17,1,0.139768,0.433449,0.089261,0.337522
bbc_20130322_1150,E15,E17,0,0.689326,0.049441,0.058846,0.202387
bbc_20130322_1150,E19,E20,1,0.030393,0.716045,0.061598,0.191964
bbc_20130322_1150,E19,E21,0,0.866010,0.007082,0.027144,0.099764
bbc_20130322_1150,E20,E21,0,0.947299,0.001606,0.011789,0.039305
bbc_20130322_1150,E23,E24,1,0.153865,0.407453,0.108655,0.330027
bbc_20130322_1150,E29,E30,0,0.995092,0.000031,0.001291,0.003586
bbc_20130322_1150,E53,E35,0,0.998681,0.000002,0.000275,0.001042
bbc_20130322_1150,E39,E40,0,0.986958,0.000129,0.003281,0.009632
bbc_20130322_1150,E41,E42,1,0.000198,0.980939,0.005041,0.013822
bbc_20130322_1150,E41,E43,0,0.608875,0.093271,0.096127,0.201728
bbc_20130322_1150,E42,E43,0,0.986768,0.000153,0.003586,0.009494
bbc_20130322_1150,E1,E3,0,0.997900,0.000010,0.000570,0.001520
bbc_20130322_1150,E2,E3,0,0.858737,0.020804,0.035966,0.084494
bbc_20130322_1150,E3,E4,1,0.000225,0.979592,0.005295,0.014888
bbc_20130322_1150,E4,E6,0,0.999447,0.000000,0.000107,0.000445
bbc_20130322_1150,E4,E7,0,0.994373,0.000033,0.001393,0.004201
bbc_20130322_1150,E6,E8,1,0.000322,0.971119,0.006962,0.021597
bbc_20130322_1150,E6,E10,1,0.000014,0.994844,0.001059,0.004084
bbc_20130322_1150,E6,E11,1,0.000383,0.969597,0.007656,0.022364
bbc_20130322_1150,E7,E8,1,0.175118,0.439256,0.113025,0.272602
bbc_20130322_1150,E7,E10,1,0.001021,0.954883,0.012985,0.031112
bbc_20130322_1150,E7,E11,1,0.114634,0.540309,0.111520,0.233536
bbc_20130322_1150,E8,E12,0,0.473383,0.152805,0.106884,0.266929
bbc_20130322_1150,E10,E12,0,0.894836,0.007790,0.029922,0.067452
bbc_20130322_1150,E11,E12,1,0.086074,0.574731,0.106521,0.232674
bbc_20130322_1150,E12,E14,0,0.990568,0.000070,0.002324,0.007038
bbc_20130322_1150,E12,E15,0,0.989887,0.000074,0.002431,0.007608
bbc_20130322_1150,E12,E17,0,0.977152,0.000277,0.005531,0.017040
bbc_20130322_1150,E18,E19,0,0.963766,0.000676,0.009180,0.026377
bbc_20130322_1150,E18,E20,0,0.693463,0.045639,0.073492,0.187407
bbc_20130322_1150,E18,E21,0,0.965348,0.000535,0.008089,0.026028
bbc_20130322_1150,E19,E23,0,0.788260,0.017180,0.043079,0.151482
bbc_20130322_1150,E19,E24,1,0.069208,0.529981,0.091010,0.309801
bbc_20130322_1150,E20,E23,0,0.904066,0.005597,0.022095,0.068242
bbc_20130322_1150,E20,E24,0,0.375123,0.210374,0.105118,0.309386
bbc_20130322_1150,E21,E23,0,0.483937,0.117055,0.081202,0.317806
bbc_20130322_1150,E21,E24,1,0.018284,0.752506,0.048303,0.180907
bbc_20130322_1150,E28,E29,1,0.000015,0.994101,0.001156,0.004727
bbc_20130322_1150,E28,E30,1,0.063989,0.545671,0.072200,0.318140
bbc_20130322_1150,E29,E34,0,0.999362,0.000001,0.000133,0.000504
bbc_20130322_1150,E30,E34,0,0.968467,0.000629,0.006939,0.023965
bbc_20130322_1150,E34,E53,1,0.000149,0.978765,0.004471,0.016616
bbc_20130322_1150,E34,E35,0,0.976261,0.000236,0.004599,0.018904
bbc_20130322_1150,E53,E36,0,0.991077,0.000067,0.002219,0.006637
bbc_20130322_1150,E35,E36,1,0.012739,0.779806,0.047629,0.159826
bbc_20130322_1150,E36,E39,1,0.001147,0.939165,0.014999,0.044689
bbc_20130322_1150,E36,E40,1,0.024696,0.746975,0.053990,0.174339
bbc_20130322_1150,E39,E41,0,0.996240,0.000018,0.000936,0.002806
bbc_20130322_1150,E39,E42,1,0.159971,0.485933,0.099627,0.254470
bbc_20130322_1150,E39,E43,0,0.991021,0.000077,0.002333,0.006569
bbc_20130322_1150,E40,E41,0,0.889953,0.006644,0.027522,0.075881
bbc_20130322_1150,E40,E42,1,0.000528,0.964103,0.009089,0.026279
bbc_20130322_1150,E40,E43,0,0.631064,0.065434,0.074189,0.229313
bbc_20130322_1150,E41,E44,0,0.822772,0.034539,0.051177,0.091511
bbc_20130322_1150,E42,E44,0,0.994387,0.000043,0.001533,0.004037
bbc_20130322_1150,E43,E44,0,0.564500,0.139596,0.093611,0.202293
bbc_20130322_332,E1,E2,0,0.498529,0.083580,0.081986,0.335905
bbc_20130322_332,E1,E3,1,0.215924,0.344320,0.097601,0.342155
bbc_20130322_332,E1,E4,1,0.000035,0.991386,0.001848,0.006731
bbc_20130322_332,E2,E3,1,0.118587,0.486716,0.104987,0.289710
bbc_20130322_332,E2,E4,1,0.000050,0.990000,0.002287,0.007663
bbc_20130322_332,E3,E4,1,0.000068,0.988522,0.002712,0.008698
bbc_20130322_332,E12,E13,1,0.031807,0.632783,0.062957,0.272453
bbc_20130322_332,E17,E18,1,0.134333,0.438006,0.092808,0.334852
bbc_20130322_332,E22,E23,0,0.995351,0.000013,0.000881,0.003754
bbc_20130322_332,E27,E28,1,0.090980,0.539642,0.093102,0.276275
bbc_20130322_332,E27,E29,0,0.981978,0.000199,0.004385,0.013438
bbc_20130322_332,E28,E29,0,0.987505,0.000118,0.003143,0.009234
bbc_20130322_332,E31,E33,3,0.330600,0.219909,0.116959,0.332531
bbc_20130322_332,E31,E34,1,0.011260,0.823508,0.042354,0.122879
bbc_20130322_332,E31,E35,1,0.000629,0.960298,0.010271,0.028802
bbc_20130322_332,E33,E34,0,0.571504,0.094043,0.081916,0.252537
bbc_20130322_332,E33,E35,3,0.265349,0.301153,0.105563,0.327935
bbc_20130322_332,E34,E35,0,0.415733,0.194924,0.098662,0.290681
bbc_20130322_332,E37,E38,0,0.600371,0.041871,0.069537,0.288221
bbc_20130322_332,E37,E40,0,0.693285,0.023583,0.059514,0.223617
bbc_20130322_332,E38,E40,0,0.599728,0.053553,0.079009,0.267709
bbc_20130322_332,E1,E5,0,0.934821,0.001497,0.012692,0.050990
bbc_20130322_332,E2,E5,0,0.890957,0.004415,0.024718,0.079910
bbc_20130322_332,E3,E5,0,0.906280,0.003769,0.022883,0.067069
bbc_20130322_332,E4,E5,0,0.994622,0.000023,0.001199,0.004155
bbc_20130322_332,E5,E9,1,0.000038,0.990376,0.001978,0.007608
bbc_20130322_332,E9,E11,1,0.043590,0.668219,0.081856,0.206335
bbc_20130322_332,E11,E12,0,0.988670,0.000088,0.002749,0.008493
bbc_20130322_332,E11,E13,0,0.804893,0.013181,0.050991,0.130934
bbc_20130322_332,E12,E17,1,0.003087,0.883111,0.021962,0.091840
bbc_20130322_332,E12,E18,1,0.010443,0.791451,0.037846,0.160261
bbc_20130322_332,E13,E17,1,0.042574,0.602577,0.068321,0.286528
bbc_20130322_332,E13,E18,1,0.113225,0.421761,0.090757,0.374256
bbc_20130322_332,E17,E19,0,0.749360,0.015253,0.044447,0.190940
bbc_20130322_332,E18,E19,0,0.838086,0.007834,0.032263,0.121816
bbc_20130322_332,E19,E22,1,0.000326,0.969758,0.007171,0.022744
bbc_20130322_332,E19,E23,0,0.623459,0.040953,0.070408,0.265180
bbc_20130322_332,E22,E24,1,0.070552,0.546722,0.080778,0.301948
bbc_20130322_332,E23,E24,1,0.000024,0.991106,0.001588,0.007281
bbc_20130322_332,E27,E30,0,0.992708,0.000037,0.001626,0.005629
bbc_20130322_332,E28,E30,0,0.990038,0.000071,0.002364,0.007528
bbc_20130322_332,E29,E30,0,0.659614,0.046201,0.068725,0.225460
bbc_20130322_332,E30,E31,1,0.030679,0.678599,0.067615,0.223107
bbc_20130322_332,E30,E33,1,0.030185,0.674121,0.064744,0.230950
bbc_20130322_332,E30,E34,1,0.050972,0.618368,0.075410,0.255250
bbc_20130322_332,E30,E35,1,0.012642,0.789850,0.044295,0.153213
bbc_20130322_332,E31,E36,0,0.485114,0.155758,0.104673,0.254455
bbc_20130322_332,E33,E36,0,0.717613,0.051384,0.060928,0.170075
bbc_20130322_332,E34,E36,0,0.885801,0.011388,0.028547,0.074263
bbc_20130322_332,E35,E36,0,0.910164,0.008333,0.023751,0.057752
bbc_20130322_332,E36,E37,0,0.985333,0.000117,0.003279,0.011272
bbc_20130322_332,E36,E38,0,0.993874,0.000028,0.001363,0.004735
bbc_20130322_332,E36,E40,0,0.993612,0.000026,0.001331,0.005031
bbc_20130322_1600,E2,E5,0,0.719779,0.036380,0.049171,0.194670
bbc_20130322_1600,E6,E7,1,0.015206,0.840205,0.043930,0.100659
bbc_20130322_1600,E6,E8,0,0.997805,0.000006,0.000497,0.001692
bbc_20130322_1600,E6,E9,0,0.942136,0.002954,0.015323,0.039587
bbc_20130322_1600,E7,E8,0,0.999440,0.000001,0.000116,0.000442
bbc_20130322_1600,E7,E9,0,0.995225,0.000029,0.001233,0.003513
bbc_20130322_1600,E8,E9,1,0.010674,0.871383,0.026281,0.091661
bbc_20130322_1600,E10,E11,0,0.831042,0.016263,0.039305,0.113390
bbc_20130322_1600,E10,E12,0,0.977192,0.000415,0.006097,0.016296
bbc_20130322_1600,E11,E12,0,0.885138,0.008000,0.027097,0.079765
bbc_20130322_1600,E16,E20,3,0.249345,0.282304,0.111235,0.357116
bbc_20130322_1600,E21,E22,0,0.908210,0.004818,0.019165,0.067807
bbc_20130322_1600,E2,E6,0,0.749641,0.028928,0.049375,0.172057
bbc_20130322_1600,E2,E7,1,0.034197,0.728669,0.056934,0.180201
bbc_20130322_1600,E2,E8,0,0.997258,0.000009,0.000614,0.002120
bbc_20130322_1600,E2,E9,0,0.988892,0.000114,0.002704,0.008290
bbc_20130322_1600,E5,E6,3,0.341649,0.219739,0.081814,0.356798
bbc_20130322_1600,E5,E7,1,0.000846,0.955941,0.008955,0.034258
bbc_20130322_1600,E5,E8,0,0.993511,0.000037,0.001336,0.005115
bbc_20130322_1600,E5,E9,0,0.856733,0.014305,0.025539,0.103423
bbc_20130322_1600,E6,E10,0,0.474873,0.205766,0.096785,0.222575
bbc_20130322_1600,E6,E11,0,0.386113,0.221107,0.103666,0.289114
bbc_20130322_1600,E6,E12,0,0.960740,0.001413,0.011047,0.026799
bbc_20130322_1600,E7,E10,0,0.952838,0.002236,0.013933,0.030993
bbc_20130322_1600,E7,E11,0,0.989460,0.000104,0.002783,0.007653
bbc_20130322_1600,E7,E12,0,0.993876,0.000042,0.001579,0.004503
bbc_20130322_1600,E8,E10,1,0.000079,0.987970,0.002854,0.009098
bbc_20130322_1600,E8,E11,1,0.002632,0.925364,0.016904,0.055100
bbc_20130322_1600,E8,E12,1,0.038886,0.740944,0.053159,0.167010
bbc_20130322_1600,E9,E10,1,0.013628,0.850956,0.033685,0.101730
bbc_20130322_1600,E9,E11,0,0.368704,0.238407,0.089772,0.303117
bbc_20130322_1600,E9,E12,0,0.791545,0.029165,0.042133,0.137156
bbc_20130322_1600,E10,E13,0,0.992805,0.000055,0.001844,0.005295
bbc_20130322_1600,E11,E13,0,0.976314,0.000399,0.005777,0.017510
bbc_20130322_1600,E12,E13,0,0.936374,0.002149,0.014143,0.047334
bbc_20130322_1600,E13,E30,1,0.011876,0.783813,0.044095,0.160216
bbc_20130322_1600,E30,E14,0,0.954340,0.001044,0.011283,0.033333
bbc_20130322_1600,E14,E16,3,0.323930,0.168357,0.113638,0.394076
bbc_20130322_1600,E14,E20,0,0.621492,0.048122,0.089503,0.240882
bbc_20130322_1600,E16,E21,0,0.370461,0.193227,0.088310,0.348002
bbc_20130322_1600,E16,E22,0,0.874513,0.008282,0.025318,0.091888
bbc_20130322_1600,E20,E21,0,0.471039,0.112580,0.091057,0.325325
bbc_20130322_1600,E20,E22,0,0.901529,0.004495,0.021927,0.072049
bbc_20130322_1600,E21,E25,0,0.985290,0.000154,0.003383,0.011174
bbc_20130322_1600,E22,E25,0,0.932776,0.001885,0.012614,0.052726
WSJ_20130322_804,E1,E2002,0,0.869094,0.004991,0.023218,0.102697
WSJ_20130322_804,E11,E13,0,0.900016,0.003411,0.018188,0.078385
WSJ_20130322_804,E11,E14,1,0.094571,0.498868,0.077101,0.329460
WSJ_20130322_804,E13,E14,1,0.017039,0.716861,0.046826,0.219275
WSJ_20130322_804,E22,E23,3,0.172426,0.261082,0.101363,0.465129
WSJ_20130322_804,E25,E26,0,0.964829,0.000886,0.010314,0.023970
WSJ_20130322_804,E25,E30,0,0.994146,0.000034,0.001445,0.004374
WSJ_20130322_804,E26,E30,0,0.976209,0.000321,0.005882,0.017588
WSJ_20130322_804,E9,E11,3,0.209455,0.273936,0.089643,0.426967
WSJ_20130322_804,E9,E13,0,0.955112,0.000694,0.008103,0.036091
WSJ_20130322_804,E9,E14,3,0.284446,0.234336,0.089690,0.391529
WSJ_20130322_804,E11,E16,1,0.112471,0.463588,0.078681,0.345260
WSJ_20130322_804,E13,E16,1,0.013902,0.735957,0.042441,0.207700
WSJ_20130322_804,E14,E16,1,0.063998,0.560961,0.067048,0.307993
WSJ_20130322_804,E16,E17,0,0.995266,0.000015,0.000938,0.003781
WSJ_20130322_804,E17,E18,1,0.000096,0.984222,0.003490,0.012192
WSJ_20130322_804,E21,E22,0,0.749476,0.022760,0.050426,0.177339
WSJ_20130322_804,E21,E23,3,0.290062,0.184555,0.102711,0.422672
WSJ_20130322_804,E22,E25,0,0.385806,0.146698,0.104327,0.363169
WSJ_20130322_804,E22,E26,3,0.374626,0.144528,0.102124,0.378722
WSJ_20130322_804,E22,E30,0,0.929203,0.001934,0.015315,0.053548
WSJ_20130322_804,E23,E25,0,0.490476,0.086104,0.083489,0.339931
WSJ_20130322_804,E23,E26,0,0.608039,0.043869,0.065026,0.283066
WSJ_20130322_804,E23,E30,0,0.951259,0.000832,0.009417,0.038492
WSJ_20130322_804,E25,E33,0,0.990758,0.000066,0.002214,0.006963
WSJ_20130322_804,E26,E33,0,0.979086,0.000215,0.004670,0.016029
WSJ_20130322_804,E30,E33,0,0.784733,0.014811,0.041768,0.158688
WSJ_20130322_804,E33,E35,1,0.072415,0.484358,0.089216,0.354011
WSJ_20130318_731,E1,E2,1,0.000425,0.972683,0.007663,0.019229
WSJ_20130318_731,E1,E3,1,0.084765,0.566415,0.109672,0.239148
WSJ_20130318_731,E2,E3,0,0.557138,0.121363,0.103961,0.217537
WSJ_20130318_731,E11,E12,1,0.000200,0.976103,0.005340,0.018356
WSJ_20130318_731,E11,E13,1,0.091577,0.471276,0.111260,0.325887
WSJ_20130318_731,E12,E13,0,0.960417,0.000678,0.009424,0.029481
WSJ_20130318_731,E20,E21,0,0.993890,0.000033,0.001449,0.004628
WSJ_20130318_731,E20,E22,0,0.992845,0.000044,0.001725,0.005387
WSJ_20130318_731,E21,E22,0,0.900220,0.004389,0.027878,0.067514
WSJ_20130318_731,E9,E10,1,0.000237,0.976078,0.005792,0.017893
WSJ_20130318_731,E10,E11,0,0.999355,0.000001,0.000138,0.000506
WSJ_20130318_731,E10,E12,0,0.979176,0.000447,0.005631,0.014746
WSJ_20130318_731,E10,E13,0,0.996572,0.000017,0.000878,0.002532
WSJ_20130318_731,E11,E14,1,0.069131,0.544573,0.112640,0.273656
WSJ_20130318_731,E12,E14,0,0.903259,0.003459,0.024125,0.069157
WSJ_20130318_731,E13,E14,1,0.121414,0.409414,0.137623,0.331549
CNN_20130322_1003,E1,E2,1,0.000150,0.987177,0.003712,0.008960
CNN_20130322_1003,E1,E3,0,0.721946,0.083308,0.063018,0.131727
CNN_20130322_1003,E1,E5,0,0.959256,0.002204,0.010785,0.027755
CNN_20130322_1003,E2,E3,0,0.994410,0.000072,0.001730,0.003787
CNN_20130322_1003,E2,E5,0,0.998755,0.000004,0.000317,0.000924
CNN_20130322_1003,E3,E5,0,0.692668,0.083508,0.060579,0.163244
CNN_20130322_1003,E6,E7,1,0.001117,0.976113,0.008037,0.014734
CNN_20130322_1003,E9,E10,1,0.124614,0.610794,0.060069,0.204523
CNN_20130322_1003,E9,E11,1,0.000010,0.996753,0.000762,0.002476
CNN_20130322_1003,E9,E1000,1,0.000001,0.998697,0.000258,0.001044
CNN_20130322_1003,E10,E11,1,0.000098,0.991619,0.002215,0.006068
CNN_20130322_1003,E10,E1000,1,0.000006,0.997446,0.000584,0.001963
CNN_20130322_1003,E11,E1000,1,0.012160,0.902238,0.026299,0.059304
CNN_20130322_1003,E12,E13,1,0.055558,0.748824,0.057711,0.137907
CNN_20130322_1003,E12,E14,1,0.000936,0.964945,0.008896,0.025223
CNN_20130322_1003,E12,E15,1,0.000647,0.968628,0.008053,0.022671
CNN_20130322_1003,E13,E14,1,0.038613,0.779572,0.046512,0.135304
CNN_20130322_1003,E13,E15,1,0.011914,0.868133,0.030018,0.089935
CNN_20130322_1003,E14,E15,1,0.129390,0.590387,0.065809,0.214414
CNN_20130322_1003,E17,E19,1,0.002814,0.931198,0.018439,0.047549
CNN_20130322_1003,E17,E20,0,0.920735,0.003601,0.017809,0.057855
CNN_20130322_1003,E19,E20,0,0.998977,0.000002,0.000220,0.000802
CNN_20130322_1003,E23,E27,0,0.573563,0.114243,0.070896,0.241298
CNN_20130322_1003,E30,E31,1,0.016761,0.793288,0.044736,0.145215
CNN_20130322_1003,E30,E32,1,0.000009,0.996385,0.000804,0.002802
CNN_20130322_1003,E30,E33,1,0.000003,0.998198,0.000380,0.001419
CNN_20130322_1003,E31,E32,1,0.000014,0.995501,0.001012,0.003474
CNN_20130322_1003,E31,E33,1,0.000002,0.998322,0.000342,0.001334
CNN_20130322_1003,E32,E33,1,0.004211,0.936516,0.019176,0.040097
CNN_20130322_1003,E34,E36,1,0.000084,0.988921,0.002836,0.008159
CNN_20130322_1003,E40,E41,1,0.000454,0.975497,0.006009,0.018041
CNN_20130322_1003,E40,E42,1,0.000112,0.987967,0.003051,0.008871
CNN_20130322_1003,E41,E42,1,0.001835,0.959295,0.010758,0.028112
CNN_20130322_1003,E43,E44,0,0.882976,0.007890,0.024188,0.084946
CNN_20130322_1003,E45,E47,0,0.492287,0.146419,0.089301,0.271992
CNN_20130322_1003,E55,E57,0,0.994512,0.000028,0.001265,0.004194
CNN_20130322_1003,E1,E6,0,0.720916,0.084147,0.062697,0.132241
CNN_20130322_1003,E1,E7,1,0.007659,0.919134,0.024279,0.048927
CNN_20130322_1003,E2,E6,0,0.993572,0.000095,0.001996,0.004337
CNN_20130322_1003,E2,E7,0,0.864941,0.029836,0.038058,0.067165
CNN_20130322_1003,E3,E6,1,0.062377,0.741919,0.060225,0.135479
CNN_20130322_1003,E3,E7,1,0.000217,0.985069,0.004407,0.010307
CNN_20130322_1003,E5,E6,1,0.000805,0.969863,0.007659,0.021673
CNN_20130322_1003,E5,E7,1,0.000011,0.996377,0.000836,0.002776
CNN_20130322_1003,E6,E9,0,0.998676,0.000004,0.000340,0.000980
CNN_20130322_1003,E6,E10,0,0.997315,0.000018,0.000722,0.001945
CNN_20130322_1003,E6,E11,1,0.268990,0.486034,0.078899,0.166077
CNN_20130322_1003,E6,E1000,1,0.005155,0.939593,0.017320,0.037931
CNN_20130322_1003,E7,E9,0,0.999444,0.000001,0.000133,0.000421
CNN_20130322_1003,E7,E10,0,0.999039,0.000002,0.000240,0.000718
CNN_20130322_1003,E7,E11,0,0.771500,0.077598,0.051099,0.099803
CNN_20130322_1003,E7,E1000,1,0.084859,0.735737,0.059286,0.120118
CNN_20130322_1003,E9,E12,1,0.000576,0.976144,0.006330,0.016951
CNN_20130322_1003,E9,E13,1,0.000131,0.988351,0.003117,0.008401
CNN_20130322_1003,E9,E14,1,0.000011,0.996157,0.000847,0.002986
CNN_20130322_1003,E9,E15,1,0.000007,0.996681,0.000698,0.002613
CNN_20130322_1003,E10,E12,1,0.023686,0.861005,0.032173,0.083135
CNN_20130322_1003,E10,E13,1,0.004732,0.939505,0.015468,0.040295
CNN_20130322_1003,E10,E14,1,0.000170,0.987410,0.003027,0.009393
CNN_20130322_1003,E10,E15,1,0.000065,0.991421,0.002044,0.006469
CNN_20130322_1003,E11,E12,0,0.956958,0.003669,0.012857,0.026516
CNN_20130322_1003,E11,E13,0,0.901409,0.016184,0.026877,0.055530
CNN_20130322_1003,E11,E14,0,0.481286,0.250030,0.077765,0.190920
CNN_20130322_1003,E11,E15,1,0.274418,0.430179,0.084053,0.211351
CNN_20130322_1003,E1000,E12,0,0.992564,0.000132,0.002284,0.005019
CNN_20130322_1003,E1000,E13,0,0.985605,0.000485,0.004506,0.009405
CNN_20130322_1003,E1000,E14,0,0.912084,0.012349,0.022091,0.053476
CNN_20130322_1003,E1000,E15,0,0.832132,0.034308,0.038390,0.095170
CNN_20130322_1003,E12,E17,1,0.004161,0.939569,0.018079,0.038191
CNN_20130322_1003,E12,E19,1,0.000088,0.990023,0.002739,0.007149
CNN_20130322_1003,E12,E20,0,0.947049,0.003328,0.013593,0.036029
CNN_20130322_1003,E13,E17,1,0.102528,0.666987,0.070506,0.159980
CNN_20130322_1003,E13,E19,1,0.002141,0.954465,0.012988,0.030405
CNN_20130322_1003,E13,E20,0,0.990760,0.000109,0.002381,0.006749
CNN_20130322_1003,E14,E17,0,0.522908,0.227869,0.072844,0.176379
CNN_20130322_1003,E14,E19,1,0.027295,0.852194,0.034365,0.086146
CNN_20130322_1003,E14,E20,0,0.998000,0.000008,0.000488,0.001505
CNN_20130322_1003,E15,E17,0,0.743409,0.068742,0.053856,0.133993
CNN_20130322_1003,E15,E19,1,0.093782,0.676955,0.064133,0.165130
CNN_20130322_1003,E15,E20,0,0.998369,0.000004,0.000372,0.001255
CNN_20130322_1003,E17,E21,0,0.756544,0.034039,0.054481,0.154935
CNN_20130322_1003,E19,E21,0,0.995672,0.000027,0.001148,0.003153
CNN_20130322_1003,E20,E21,1,0.018070,0.834020,0.034054,0.113856
CNN_20130322_1003,E21,E23,0,0.811100,0.032177,0.041213,0.115510
CNN_20130322_1003,E21,E27,0,0.964271,0.001147,0.008814,0.025767
CNN_20130322_1003,E30,E34,0,0.874636,0.011301,0.032302,0.081762
CNN_20130322_1003,E30,E36,1,0.014663,0.852340,0.037703,0.095293
CNN_20130322_1003,E31,E34,0,0.972106,0.000671,0.007055,0.020168
CNN_20130322_1003,E31,E36,1,0.013205,0.869284,0.031534,0.085977
CNN_20130322_1003,E32,E34,0,0.998830,0.000002,0.000269,0.000899
CNN_20130322_1003,E32,E36,0,0.968155,0.001442,0.009716,0.020687
CNN_20130322_1003,E33,E34,0,0.999378,0.000001,0.000145,0.000476
CNN_20130322_1003,E33,E36,0,0.982045,0.000735,0.005727,0.011493
CNN_20130322_1003,E34,E38,1,0.123516,0.477080,0.098947,0.300457
CNN_20130322_1003,E36,E38,0,0.958657,0.001354,0.011363,0.028627
CNN_20130322_1003,E38,E40,0,0.459798,0.169723,0.093226,0.277254
CNN_20130322_1003,E38,E41,1,0.002670,0.929645,0.017624,0.050062
CNN_20130322_1003,E38,E42,1,0.000727,0.963741,0.009463,0.026069
CNN_20130322_1003,E40,E43,0,0.970351,0.000964,0.007172,0.021513
CNN_20130322_1003,E40,E44,0,0.996006,0.000020,0.000965,0.003009
CNN_20130322_1003,E41,E43,0,0.990098,0.000150,0.002609,0.007143
CNN_20130322_1003,E41,E44,0,0.998146,0.000006,0.000450,0.001399
CNN_20130322_1003,E42,E43,0,0.996176,0.000025,0.001009,0.002790
CNN_20130322_1003,E42,E44,0,0.998980,0.000002,0.000236,0.000782
CNN_20130322_1003,E43,E45,0,0.726662,0.038254,0.054278,0.180806
CNN_20130322_1003,E43,E47,0,0.527005,0.114009,0.080560,0.278426
CNN_20130322_1003,E44,E45,1,0.029388,0.708661,0.052667,0.209285
CNN_20130322_1003,E44,E47,1,0.021417,0.759332,0.044429,0.174822
CNN_20130322_1003,E45,E48,0,0.936232,0.002592,0.015880,0.045295
CNN_20130322_1003,E47,E48,0,0.926862,0.003753,0.018109,0.051276
CNN_20130322_1003,E48,E50,0,0.986148,0.000134,0.003315,0.010403
CNN_20130322_1003,E50,E51,1,0.000416,0.965820,0.007399,0.026364
CNN_20130322_1003,E51,E52,0,0.877611,0.006450,0.024570,0.091370
CNN_20130322_1003,E52,E53,0,0.996741,0.000008,0.000653,0.002597
CNN_20130322_1003,E53,E55,0,0.677015,0.043846,0.063064,0.216076
