WSJ_20130322_159,E5,E6,1,0.013791,0.883830,0.028684,0.073694
WSJ_20130322_159,E5,E10,0,0.833454,0.021679,0.034774,0.110094
WSJ_20130322_159,E5,E11,0,0.959673,0.001441,0.008953,0.029933
WSJ_20130322_159,E6,E10,0,0.890373,0.007057,0.022709,0.079861
WSJ_20130322_159,E6,E11,0,0.964316,0.000872,0.007488,0.027323
WSJ_20130322_159,E10,E11,0,0.469133,0.155504,0.081589,0.293773
WSJ_20130322_159,E12,E14,1,0.119163,0.510073,0.086108,0.284656
WSJ_20130322_159,E18,E19,0,0.519942,0.112033,0.086543,0.281483
WSJ_20130322_159,E20,E22,1,0.000254,0.984345,0.003753,0.011648
WSJ_20130322_159,E29,E31,0,0.932346,0.002537,0.012542,0.052575
WSJ_20130322_159,E29,E34,1,0.137134,0.521325,0.075654,0.265886
WSJ_20130322_159,E29,E37,0,0.965198,0.000868,0.007196,0.026739
WSJ_20130322_159,E31,E34,1,0.006596,0.888453,0.024772,0.080179
WSJ_20130322_159,E31,E37,0,0.774162,0.026787,0.044206,0.154846
WSJ_20130322_159,E34,E37,0,0.990654,0.000092,0.001914,0.007339
WSJ_20130322_159,E38,E39,1,0.001858,0.948846,0.013776,0.035519
WSJ_20130322_159,E38,E40,1,0.067902,0.611839,0.073481,0.246777
WSJ_20130322_159,E39,E40,0,0.707162,0.051848,0.057696,0.183294
WSJ_20130322_159,E42,E44,1,0.000372,0.977480,0.004935,0.017212
WSJ_20130322_159,E46,E47,1,0.006611,0.884850,0.026808,0.081731
WSJ_20130322_159,E46,E49,1,0.016546,0.803448,0.039654,0.140352
WSJ_20130322_159,E47,E49,0,0.733348,0.045686,0.047796,0.173170
WSJ_20130322_159,E1,E5,1,0.032517,0.790117,0.044077,0.133290
WSJ_20130322_159,E1,E6,1,0.004586,0.912767,0.021448,0.061198
WSJ_20130322_159,E1,E10,0,0.519747,0.121215,0.081602,0.277436
WSJ_20130322_159,E1,E11,0,0.790172,0.023339,0.041486,0.145004
WSJ_20130322_159,E5,E12,0,0.987679,0.000161,0.002632,0.009528
WSJ_20130322_159,E5,E14,0,0.899822,0.007325,0.020970,0.071883
WSJ_20130322_159,E6,E12,0,0.991657,0.000083,0.001749,0.006510
WSJ_20130322_159,E6,E14,0,0.899955,0.006314,0.021790,0.071941
WSJ_20130322_159,E10,E12,0,0.860075,0.011279,0.028897,0.099750
WSJ_20130322_159,E10,E14,1,0.117884,0.518872,0.083303,0.279941
WSJ_20130322_159,E11,E12,0,0.843765,0.012756,0.031751,0.111729
WSJ_20130322_159,E11,E14,1,0.094144,0.560733,0.079004,0.266120
WSJ_20130322_159,E12,E18,0,0.910228,0.003480,0.017169,0.069123
WSJ_20130322_159,E12,E19,0,0.815660,0.017425,0.038743,0.128172
WSJ_20130322_159,E14,E18,0,0.984960,0.000165,0.002752,0.012123
WSJ_20130322_159,E14,E19,0,0.966281,0.000798,0.007235,0.025686
WSJ_20130322_159,E18,E20,1,0.002835,0.923073,0.017383,0.056709
WSJ_20130322_159,E18,E22,1,0.000026,0.995742,0.000894,0.003338
WSJ_20130322_159,E19,E20,1,0.002017,0.939693,0.013885,0.044404
WSJ_20130322_159,E19,E22,1,0.000014,0.997211,0.000580,0.002196
WSJ_20130322_159,E20,E26,1,0.098610,0.632454,0.069225,0.199711
WSJ_20130322_159,E22,E26,0,0.962997,0.001847,0.008803,0.026353
WSJ_20130322_159,E26,E29,0,0.962270,0.001028,0.007634,0.029067
WSJ_20130322_159,E26,E31,0,0.989904,0.000098,0.001963,0.008034
WSJ_20130322_159,E26,E34,0,0.784820,0.029850,0.042993,0.142337
WSJ_20130322_159,E26,E37,0,0.991291,0.000089,0.001830,0.006790
WSJ_20130322_159,E29,E38,0,0.734415,0.036958,0.050211,0.178416
WSJ_20130322_159,E29,E39,1,0.005222,0.912717,0.019328,0.062733
WSJ_20130322_159,E29,E40,1,0.133614,0.499746,0.076403,0.290237
WSJ_20130322_159,E31,E38,1,0.133854,0.469019,0.092535,0.304592
WSJ_20130322_159,E31,E39,1,0.000424,0.977046,0.005308,0.017222
WSJ_20130322_159,E31,E40,1,0.004078,0.908852,0.019800,0.067270
WSJ_20130322_159,E34,E38,0,0.939260,0.001864,0.012124,0.046752
WSJ_20130322_159,E34,E39,1,0.102925,0.602024,0.070372,0.224679
WSJ_20130322_159,E34,E40,0,0.594409,0.090301,0.067556,0.247733
WSJ_20130322_159,E37,E38,1,0.092128,0.530461,0.079569,0.297842
WSJ_20130322_159,E37,E39,1,0.000354,0.979240,0.004689,0.015718
WSJ_20130322_159,E37,E40,1,0.003142,0.920764,0.017029,0.059064
WSJ_20130322_159,E38,E42,0,0.902010,0.004584,0.020490,0.072916
WSJ_20130322_159,E38,E44,1,0.008870,0.863382,0.029545,0.098202
WSJ_20130322_159,E39,E42,0,0.985153,0.000191,0.003057,0.011600
WSJ_20130322_159,E39,E44,1,0.121286,0.549918,0.079192,0.249604
WSJ_20130322_159,E40,E42,0,0.976124,0.000402,0.004892,0.018582
WSJ_20130322_159,E40,E44,1,0.052450,0.671960,0.058903,0.216686
WSJ_20130322_159,E42,E46,0,0.510724,0.086713,0.080583,0.321980
WSJ_20130322_159,E42,E47,1,0.107729,0.515597,0.076369,0.300304
WSJ_20130322_159,E42,E49,1,0.081172,0.587546,0.067486,0.263796
WSJ_20130322_159,E44,E46,0,0.983248,0.000216,0.003336,0.013200
WSJ_20130322_159,E44,E47,0,0.880975,0.006522,0.021838,0.090665
WSJ_20130322_159,E44,E49,0,0.884765,0.007742,0.022642,0.084851
WSJ_20130322_159,E46,E55,0,0.726539,0.035166,0.050174,0.188122
WSJ_20130322_159,E47,E55,0,0.982320,0.000275,0.003681,0.013724
WSJ_20130322_159,E49,E55,0,0.955153,0.001487,0.009152,0.034208
nyt_20130322_strange_computer,E8,E11,0,0.994847,0.000037,0.001009,0.004107
nyt_20130322_strange_computer,E14,E16,1,0.001276,0.957559,0.010377,0.030787
nyt_20130322_strange_computer,E19,E22,0,0.653070,0.068303,0.066104,0.212523
nyt_20130322_strange_computer,E19,E23,1,0.080636,0.658337,0.067641,0.193387
nyt_20130322_strange_computer,E22,E23,1,0.216487,0.431255,0.092511,0.259747
nyt_20130322_strange_computer,E6,E8,1,0.126193,0.602476,0.069080,0.202251
nyt_20130322_strange_computer,E6,E11,0,0.991641,0.000080,0.001678,0.006601
nyt_20130322_strange_computer,E8,E14,0,0.994208,0.000048,0.001210,0.004534
nyt_20130322_strange_computer,E8,E16,0,0.865957,0.014405,0.029743,0.089895
nyt_20130322_strange_computer,E11,E14,0,0.756675,0.034362,0.050970,0.157993
nyt_20130322_strange_computer,E11,E16,1,0.005473,0.906996,0.022777,0.064755
nyt_20130322_strange_computer,E14,E19,1,0.183111,0.400763,0.098689,0.317437
nyt_20130322_strange_computer,E14,E22,1,0.058317,0.623926,0.077466,0.240292
nyt_20130322_strange_computer,E14,E23,1,0.004882,0.908146,0.022729,0.064244
nyt_20130322_strange_computer,E16,E19,0,0.954009,0.001333,0.010033,0.034624
nyt_20130322_strange_computer,E16,E22,0,0.965636,0.000819,0.007544,0.026001
nyt_20130322_strange_computer,E16,E23,0,0.821148,0.022856,0.038545,0.117451
nyt_20130322_strange_computer,E19,E24,0,0.864631,0.015048,0.029811,0.090509
nyt_20130322_strange_computer,E22,E24,0,0.918123,0.005464,0.019176,0.057238
nyt_20130322_strange_computer,E23,E24,0,0.968240,0.001100,0.007597,0.023062
CNN_20130321_821,E4,E5,0,0.345672,0.264222,0.108799,0.281308
CNN_20130321_821,E5,E8,0,0.886362,0.006009,0.022638,0.084991
CNN_20130321_821,E8,E1000,0,0.670778,0.045425,0.062471,0.221326
CNN_20130321_821,E1002,E20,0,0.853254,0.008347,0.032726,0.105674
nyt_20130321_cyprus,E2,E5,1,0.274373,0.326122,0.105614,0.293890
nyt_20130321_cyprus,E7,E2009,1,0.023498,0.761417,0.048081,0.167004
nyt_20130321_cyprus,E13,E15,3,0.264686,0.271308,0.105412,0.358594
nyt_20130321_cyprus,E22,E23,1,0.227374,0.381905,0.081809,0.308912
nyt_20130321_cyprus,E22,E24,1,0.000119,0.988982,0.002357,0.008541
nyt_20130321_cyprus,E23,E24,1,0.001549,0.954412,0.009763,0.034277
nyt_20130321_cyprus,E33,E35,0,0.417598,0.243965,0.085278,0.253160
nyt_20130321_cyprus,E41,E42,1,0.015407,0.831757,0.036449,0.116387
nyt_20130321_cyprus,E46,E47,0,0.913767,0.007606,0.018582,0.060046
nyt_20130321_cyprus,E48,E51,0,0.963127,0.001074,0.008858,0.026941
nyt_20130321_cyprus,E2,E7,0,0.930613,0.002891,0.016352,0.050144
nyt_20130321_cyprus,E2,E2009,0,0.669778,0.047462,0.067196,0.215565
nyt_20130321_cyprus,E5,E7,0,0.960458,0.001150,0.009209,0.029183
nyt_20130321_cyprus,E5,E2009,0,0.837352,0.013032,0.034954,0.114662
nyt_20130321_cyprus,E7,E9,1,0.000186,0.986557,0.003095,0.010162
nyt_20130321_cyprus,E2009,E9,1,0.022649,0.822407,0.041326,0.113618
nyt_20130321_cyprus,E10,E13,0,0.973005,0.000578,0.006033,0.020384
nyt_20130321_cyprus,E10,E15,0,0.961623,0.000990,0.007968,0.029419
nyt_20130321_cyprus,E13,E21,0,0.733202,0.041920,0.055927,0.168951
nyt_20130321_cyprus,E15,E21,0,0.853277,0.014843,0.030086,0.101795
nyt_20130321_cyprus,E21,E22,0,0.802014,0.023441,0.034603,0.139942
nyt_20130321_cyprus,E21,E23,0,0.445828,0.176399,0.074276,0.303497
nyt_20130321_cyprus,E21,E24,1,0.000199,0.985425,0.003237,0.011138
nyt_20130321_cyprus,E22,E25,1,0.000977,0.960921,0.008691,0.029412
nyt_20130321_cyprus,E23,E25,1,0.036275,0.739102,0.048421,0.176202
nyt_20130321_cyprus,E24,E25,0,0.902658,0.006025,0.020024,0.071294
nyt_20130321_cyprus,E33,E36,0,0.631930,0.066522,0.069689,0.231859
nyt_20130321_cyprus,E35,E36,0,0.550014,0.105557,0.071663,0.272766
nyt_20130321_cyprus,E36,E41,0,0.928429,0.002370,0.014398,0.054803
nyt_20130321_cyprus,E36,E42,1,0.116746,0.541933,0.077821,0.263499
nyt_20130321_cyprus,E46,E48,1,0.070318,0.678372,0.065997,0.185313
nyt_20130321_cyprus,E46,E51,0,0.966456,0.001040,0.007825,0.024678
nyt_20130321_cyprus,E47,E48,1,0.001053,0.965922,0.008959,0.024067
nyt_20130321_cyprus,E47,E51,0,0.577140,0.129184,0.067155,0.226521
nyt_20130321_cyprus,E48,E57,1,0.016898,0.852322,0.035422,0.095358
nyt_20130321_cyprus,E51,E57,1,0.000116,0.990102,0.002274,0.007508
bbc_20130322_1353,E1,E5,1,0.000276,0.983136,0.003987,0.012601
bbc_20130322_1353,E8,E10,1,0.000237,0.985383,0.003727,0.010654
bbc_20130322_1353,E15,E16,1,0.021777,0.802555,0.040498,0.135170
bbc_20130322_1353,E19,E20,1,0.001412,0.972852,0.007855,0.017881
bbc_20130322_1353,E19,E21,1,0.084294,0.704861,0.057227,0.153619
bbc_20130322_1353,E20,E21,0,0.568766,0.209640,0.059430,0.162164
bbc_20130322_1353,E23,E25,1,0.170823,0.535025,0.070381,0.223771
bbc_20130322_1353,E23,E26,1,0.001762,0.954810,0.011526,0.031903
bbc_20130322_1353,E23,E27,1,0.000159,0.989077,0.002675,0.008089
bbc_20130322_1353,E25,E26,1,0.000472,0.979345,0.005129,0.015053
bbc_20130322_1353,E25,E27,1,0.000053,0.994160,0.001337,0.004450
bbc_20130322_1353,E26,E27,1,0.001516,0.959462,0.010476,0.028546
bbc_20130322_1353,E28,E29,1,0.000227,0.986132,0.003368,0.010273
bbc_20130322_1353,E28,E31,1,0.000155,0.989029,0.002623,0.008193
bbc_20130322_1353,E29,E31,1,0.121356,0.631182,0.062959,0.184502
bbc_20130322_1353,E33,E34,0,0.731380,0.041177,0.049788,0.177656
bbc_20130322_1353,E35,E36,1,0.029288,0.753861,0.049962,0.166889
bbc_20130322_1353,E35,E37,1,0.001901,0.944313,0.013484,0.040302
bbc_20130322_1353,E36,E37,1,0.003956,0.916520,0.018536,0.060987
bbc_20130322_1353,E1,E8,1,0.232169,0.343251,0.101850,0.322731
bbc_20130322_1353,E1,E10,1,0.000215,0.986084,0.003340,0.010361
bbc_20130322_1353,E5,E8,0,0.984917,0.000240,0.003407,0.011436
bbc_20130322_1353,E5,E10,1,0.303348,0.408802,0.076518,0.211331
bbc_20130322_1353,E8,E11,0,0.374331,0.188755,0.091557,0.345357
bbc_20130322_1353,E10,E11,0,0.983012,0.000301,0.003932,0.012756
bbc_20130322_1353,E11,E13,0,0.356810,0.251945,0.086013,0.305232
bbc_20130322_1353,E13,E15,0,0.924595,0.003856,0.018032,0.053516
bbc_20130322_1353,E13,E16,0,0.730788,0.048503,0.049338,0.171372
bbc_20130322_1353,E15,E17,1,0.008138,0.866558,0.028864,0.096440
bbc_20130322_1353,E16,E17,1,0.087748,0.561724,0.074373,0.276155
bbc_20130322_1353,E17,E19,1,0.246610,0.415030,0.082846,0.255515
bbc_20130322_1353,E17,E20,1,0.002400,0.954234,0.011217,0.032149
bbc_20130322_1353,E17,E21,1,0.050645,0.750565,0.050857,0.147933
bbc_20130322_1353,E19,E23,0,0.724407,0.060230,0.056154,0.159210
bbc_20130322_1353,E19,E25,0,0.630117,0.122443,0.063290,0.184151
bbc_20130322_1353,E19,E26,1,0.194679,0.512780,0.081784,0.210757
bbc_20130322_1353,E19,E27,1,0.003913,0.942859,0.015838,0.037390
bbc_20130322_1353,E20,E23,0,0.960404,0.002580,0.009553,0.027463
bbc_20130322_1353,E20,E25,0,0.972991,0.001568,0.006425,0.019016
bbc_20130322_1353,E20,E26,0,0.616229,0.147547,0.059555,0.176669
bbc_20130322_1353,E20,E27,1,0.031360,0.849258,0.031781,0.087601
bbc_20130322_1353,E21,E23,0,0.845103,0.029838,0.034361,0.090699
bbc_20130322_1353,E21,E25,0,0.888453,0.017384,0.023100,0.071064
bbc_20130322_1353,E21,E26,1,0.176455,0.562416,0.070129,0.191001
bbc_20130322_1353,E21,E27,1,0.002753,0.957260,0.011254,0.028733
bbc_20130322_1353,E23,E28,1,0.204584,0.477770,0.083503,0.234143
bbc_20130322_1353,E23,E29,1,0.003143,0.944638,0.014003,0.038216
bbc_20130322_1353,E23,E31,1,0.017371,0.875098,0.028814,0.078717
bbc_20130322_1353,E25,E28,1,0.212180,0.497890,0.072709,0.217222
bbc_20130322_1353,E25,E29,1,0.002129,0.959590,0.009817,0.028465
bbc_20130322_1353,E25,E31,1,0.009394,0.917181,0.018704,0.054721
bbc_20130322_1353,E26,E28,0,0.920914,0.006028,0.018334,0.054724
bbc_20130322_1353,E26,E29,1,0.325747,0.349757,0.082292,0.242204
bbc_20130322_1353,E26,E31,0,0.603761,0.137219,0.065149,0.193871
bbc_20130322_1353,E27,E28,0,0.987527,0.000210,0.002989,0.009275
bbc_20130322_1353,E27,E29,0,0.851525,0.025511,0.031350,0.091614
bbc_20130322_1353,E27,E31,0,0.941589,0.004744,0.013416,0.040250
bbc_20130322_1353,E28,E33,1,0.062429,0.706506,0.056752,0.174312
bbc_20130322_1353,E28,E34,0,0.532864,0.128692,0.069238,0.269206
bbc_20130322_1353,E29,E33,0,0.874048,0.013562,0.025980,0.086410
bbc_20130322_1353,E29,E34,0,0.978905,0.000340,0.004165,0.016591
bbc_20130322_1353,E31,E33,0,0.939210,0.004475,0.013274,0.043041
bbc_20130322_1353,E31,E34,0,0.987459,0.000164,0.002538,0.009839
bbc_20130322_1353,E33,E35,0,0.981301,0.000258,0.003747,0.014694
bbc_20130322_1353,E33,E36,0,0.932890,0.002364,0.013978,0.050768
bbc_20130322_1353,E33,E37,0,0.474392,0.172865,0.092308,0.260435
bbc_20130322_1353,E34,E35,0,0.984634,0.000177,0.002960,0.012228
bbc_20130322_1353,E34,E36,0,0.913097,0.004143,0.016732,0.066027
bbc_20130322_1353,E34,E37,1,0.248951,0.381609,0.093071,0.276370
nyt_20130321_women_senate,E1000009,E2,1,0.271208,0.384327,0.082227,0.262239
nyt_20130321_women_senate,E4,E5,1,0.000635,0.975200,0.006354,0.017811
nyt_20130321_women_senate,E4,E6,0,0.408082,0.282007,0.080276,0.229635
nyt_20130321_women_senate,E5,E6,0,0.972392,0.000902,0.006857,0.019848
nyt_20130321_women_senate,E9,E10,0,0.990399,0.000118,0.002119,0.007364
nyt_20130321_women_senate,E11,E12,0,0.881431,0.012165,0.026535,0.079869
nyt_20130321_women_senate,E14,E15,1,0.125259,0.591544,0.075641,0.207556
nyt_20130321_women_senate,E16,E17,1,0.062935,0.673124,0.059521,0.204419
nyt_20130321_women_senate,E19,E20,1,0.001382,0.963316,0.009672,0.025629
nyt_20130321_women_senate,E19,E21,1,0.288274,0.330902,0.098408,0.282416
nyt_20130321_women_senate,E20,E21,0,0.882713,0.011899,0.026295,0.079093
nyt_20130321_women_senate,E23,E24,0,0.735932,0.044242,0.052926,0.166899
nyt_20130321_women_senate,E26,E27,0,0.944862,0.003252,0.015696,0.036190
nyt_20130321_women_senate,E26,E1000014,0,0.840240,0.020513,0.036420,0.102827
nyt_20130321_women_senate,E27,E1000014,1,0.168732,0.514333,0.097845,0.219090
nyt_20130321_women_senate,E37,E1000015,0,0.444319,0.162543,0.097735,0.295403
nyt_20130321_women_senate,E40,E41,0,0.972933,0.000530,0.005732,0.020806
nyt_20130321_women_senate,E40,E42,0,0.647832,0.074133,0.065387,0.212649
nyt_20130321_women_senate,E41,E42,1,0.040016,0.707217,0.060597,0.192171
nyt_20130321_women_senate,E43,E47,0,0.979811,0.000337,0.004304,0.015549
nyt_20130321_women_senate,E43,E48,0,0.987255,0.000150,0.002584,0.010012
nyt_20130321_women_senate,E47,E48,0,0.828843,0.015453,0.035222,0.120483
nyt_20130321_women_senate,E49,E50,0,0.938924,0.002644,0.013295,0.045137
nyt_20130321_women_senate,E49,E53,1,0.009622,0.908303,0.022077,0.059998
nyt_20130321_women_senate,E50,E53,1,0.000243,0.986440,0.003403,0.009914
nyt_20130321_women_senate,E1000009,E4,1,0.247179,0.431857,0.077969,0.242994
nyt_20130321_women_senate,E1000009,E5,1,0.000266,0.984989,0.003712,0.011033
nyt_20130321_women_senate,E1000009,E6,1,0.237613,0.460361,0.079585,0.222441
nyt_20130321_women_senate,E2,E4,0,0.746550,0.050933,0.046914,0.155603
nyt_20130321_women_senate,E2,E5,1,0.001097,0.964405,0.009178,0.025320
nyt_20130321_women_senate,E2,E6,0,0.555461,0.152616,0.074274,0.217649
nyt_20130321_women_senate,E4,E7,0,0.897209,0.011063,0.022969,0.068759
nyt_20130321_women_senate,E5,E7,0,0.992624,0.000084,0.001685,0.005607
nyt_20130321_women_senate,E6,E7,0,0.933336,0.004741,0.015989,0.045934
nyt_20130321_women_senate,E7,E8,1,0.000725,0.972425,0.006951,0.019899
nyt_20130321_women_senate,E8,E9,0,0.981937,0.000482,0.004167,0.013414
nyt_20130321_women_senate,E8,E10,0,0.998456,0.000005,0.000293,0.001245
nyt_20130321_women_senate,E11,E1000012,0,0.959789,0.001303,0.008972,0.029936
nyt_20130321_women_senate,E12,E1000012,0,0.719570,0.055753,0.052545,0.172132
nyt_20130321_women_senate,E14,E16,0,0.976468,0.000630,0.005710,0.017192
nyt_20130321_women_senate,E14,E17,0,0.932165,0.003460,0.014657,0.049719
nyt_20130321_women_senate,E15,E16,0,0.945893,0.002365,0.011773,0.039968
nyt_20130321_women_senate,E15,E17,0,0.855676,0.013474,0.029895,0.100955
nyt_20130321_women_senate,E16,E19,1,0.002190,0.945432,0.013286,0.039091
nyt_20130321_women_senate,E16,E20,1,0.000060,0.993292,0.001509,0.005139
nyt_20130321_women_senate,E16,E21,1,0.004202,0.912562,0.020547,0.062689
nyt_20130321_women_senate,E17,E19,1,0.054623,0.713260,0.058578,0.173539
nyt_20130321_women_senate,E17,E20,1,0.000381,0.980429,0.004801,0.014389
nyt_20130321_women_senate,E17,E21,1,0.082110,0.606414,0.076365,0.235111
nyt_20130321_women_senate,E19,E22,0,0.759730,0.036959,0.050017,0.153295
nyt_20130321_women_senate,E20,E22,0,0.976147,0.000548,0.005500,0.017804
nyt_20130321_women_senate,E21,E22,0,0.797368,0.022309,0.044077,0.136246
nyt_20130321_women_senate,E22,E23,0,0.782184,0.025947,0.043222,0.148647
nyt_20130321_women_senate,E22,E24,0,0.950001,0.002138,0.011644,0.036217
nyt_20130321_women_senate,E23,E25,0,0.779118,0.020905,0.042831,0.157146
nyt_20130321_women_senate,E24,E25,0,0.547122,0.103804,0.073345,0.275729
nyt_20130321_women_senate,E25,E26,1,0.000981,0.963157,0.008975,0.026887
nyt_20130321_women_senate,E25,E27,1,0.039450,0.742334,0.063211,0.155005
nyt_20130321_women_senate,E25,E1000014,1,0.012446,0.840881,0.036987,0.109685
nyt_20130321_women_senate,E26,E29,0,0.858949,0.012225,0.031852,0.096975
nyt_20130321_women_senate,E27,E29,0,0.308219,0.294336,0.115872,0.281573
nyt_20130321_women_senate,E1000014,E29,3,0.303141,0.282611,0.105246,0.309002
nyt_20130321_women_senate,E29,E36,0,0.979219,0.000386,0.004719,0.015676
nyt_20130321_women_senate,E36,E37,0,0.719438,0.036696,0.049370,0.194496
nyt_20130321_women_senate,E36,E1000015,0,0.764145,0.028548,0.050395,0.156912
nyt_20130321_women_senate,E37,E40,1,0.001137,0.959371,0.009653,0.029840
nyt_20130321_women_senate,E37,E41,1,0.149739,0.460068,0.093970,0.296223
nyt_20130321_women_senate,E37,E42,1,0.001681,0.946964,0.012508,0.038847
nyt_20130321_women_senate,E1000015,E40,1,0.008030,0.884917,0.029667,0.077386
nyt_20130321_women_senate,E1000015,E41,0,0.728832,0.039302,0.059218,0.172649
nyt_20130321_women_senate,E1000015,E42,1,0.033372,0.748075,0.060236,0.158317
nyt_20130321_women_senate,E40,E43,0,0.512026,0.144178,0.078468,0.265328
nyt_20130321_women_senate,E40,E47,0,0.961455,0.000954,0.008157,0.029433
nyt_20130321_women_senate,E40,E48,0,0.974378,0.000459,0.005351,0.019812
nyt_20130321_women_senate,E41,E43,1,0.022496,0.780136,0.045984,0.151385
nyt_20130321_women_senate,E41,E47,0,0.592895,0.076205,0.072547,0.258352
nyt_20130321_women_senate,E41,E48,0,0.797295,0.016885,0.040858,0.144962
nyt_20130321_women_senate,E42,E43,0,0.464264,0.172656,0.085614,0.277466
nyt_20130321_women_senate,E42,E47,0,0.952609,0.001387,0.010324,0.035680
nyt_20130321_women_senate,E42,E48,0,0.970491,0.000600,0.006323,0.022585
nyt_20130321_women_senate,E43,E49,0,0.814842,0.022958,0.037478,0.124722
nyt_20130321_women_senate,E43,E50,0,0.983427,0.000245,0.003477,0.012851
nyt_20130321_women_senate,E43,E53,1,0.037990,0.814855,0.038817,0.108338
nyt_20130321_women_senate,E47,E49,1,0.049336,0.711415,0.057155,0.182093
nyt_20130321_women_senate,E47,E50,0,0.720176,0.047646,0.051316,0.180861
nyt_20130321_women_senate,E47,E53,1,0.000225,0.986903,0.003254,0.009618
nyt_20130321_women_senate,E48,E49,1,0.037524,0.729626,0.055282,0.177569
nyt_20130321_women_senate,E48,E50,0,0.665774,0.059411,0.060345,0.214470
nyt_20130321_women_senate,E48,E53,1,0.000240,0.985590,0.003509,0.010661
bbc_20130322_1150,E1,E2,0,0.945905,0.003879,0.013549,0.036667
bbc_20130322_1150,E6,E7,1,0.008342,0.870522,0.027916,0.093221
bbc_20130322_1150,E8,E10,1,0.041896,0.766623,0.053021,0.138460
bbc_20130322_1150,E8,E11,0,0.493852,0.178697,0.091480,0.235971
bbc_20130322_1150,E10,E11,0,0.667832,0.097235,0.066547,0.168385
bbc_20130322_1150,E14,E15,1,0.102394,0.600728,0.067287,0.229592
bbc_20130322_1150,E14,E17,0,0.511194,0.152358,0.073978,0.262470
bbc_20130322_1150,E15,E17,0,0.789336,0.029774,0.039141,0.141749
bbc_20130322_1150,E19,E20,1,0.217468,0.437445,0.090055,0.255031
bbc_20130322_1150,E19,E21,0,0.874959,0.011217,0.026071,0.087752
bbc_20130322_1150,E20,E21,0,0.874684,0.012785,0.026361,0.086169
bbc_20130322_1150,E23,E24,0,0.608114,0.082356,0.077170,0.232360
bbc_20130322_1150,E29,E30,0,0.987785,0.000230,0.003249,0.008735
bbc_20130322_1150,E53,E35,0,0.997938,0.000008,0.000374,0.001680
bbc_20130322_1150,E39,E40,0,0.946063,0.002416,0.012526,0.038995
bbc_20130322_1150,E41,E42,1,0.000329,0.982040,0.004376,0.013255
bbc_20130322_1150,E41,E43,1,0.212641,0.434800,0.088555,0.264004
bbc_20130322_1150,E42,E43,0,0.987182,0.000176,0.002759,0.009882
bbc_20130322_1150,E1,E3,0,0.985959,0.000274,0.003342,0.010425
bbc_20130322_1150,E2,E3,0,0.564949,0.158064,0.069686,0.207301
bbc_20130322_1150,E3,E4,1,0.001478,0.962524,0.010596,0.025402
bbc_20130322_1150,E4,E6,0,0.998679,0.000003,0.000216,0.001102
bbc_20130322_1150,E4,E7,0,0.981479,0.000323,0.003997,0.014201
bbc_20130322_1150,E6,E8,1,0.000245,0.983984,0.003702,0.012069
bbc_20130322_1150,E6,E10,1,0.000129,0.989570,0.002425,0.007877
bbc_20130322_1150,E6,E11,1,0.000702,0.971324,0.007119,0.020855
bbc_20130322_1150,E7,E8,1,0.013489,0.853077,0.034790,0.098643
bbc_20130322_1150,E7,E10,1,0.006479,0.911490,0.022138,0.059893
bbc_20130322_1150,E7,E11,1,0.090514,0.634789,0.075374,0.199323
bbc_20130322_1150,E8,E12,0,0.834823,0.017538,0.036613,0.111027
bbc_20130322_1150,E10,E12,0,0.908098,0.007693,0.021221,0.062988
bbc_20130322_1150,E11,E12,0,0.443605,0.213293,0.091219,0.251883
bbc_20130322_1150,E12,E14,0,0.924513,0.004082,0.018685,0.052721
bbc_20130322_1150,E12,E15,0,0.903087,0.005256,0.021194,0.070463
bbc_20130322_1150,E12,E17,0,0.961317,0.000986,0.008453,0.029245
bbc_20130322_1150,E18,E19,0,0.823062,0.018958,0.042907,0.115072
bbc_20130322_1150,E18,E20,0,0.583911,0.103542,0.093021,0.219527
bbc_20130322_1150,E18,E21,0,0.976859,0.000478,0.005763,0.016900
bbc_20130322_1150,E19,E23,0,0.761385,0.033759,0.047537,0.157319
bbc_20130322_1150,E19,E24,1,0.108366,0.583459,0.076842,0.231333
bbc_20130322_1150,E20,E23,0,0.728479,0.043367,0.050326,0.177827
bbc_20130322_1150,E20,E24,1,0.220708,0.435021,0.088970,0.255301
bbc_20130322_1150,E21,E23,0,0.427746,0.200343,0.078786,0.293124
bbc_20130322_1150,E21,E24,1,0.052580,0.731975,0.053383,0.162062
bbc_20130322_1150,E28,E29,1,0.000102,0.991379,0.002237,0.006282
bbc_20130322_1150,E28,E30,1,0.029179,0.790931,0.040075,0.139815
bbc_20130322_1150,E29,E34,0,0.998256,0.000007,0.000366,0.001371
bbc_20130322_1150,E30,E34,0,0.978639,0.000516,0.004651,0.016194
bbc_20130322_1150,E34,E53,1,0.001034,0.965049,0.008314,0.025603
bbc_20130322_1150,E34,E35,0,0.983757,0.000245,0.003296,0.012702
bbc_20130322_1150,E53,E36,0,0.990473,0.000117,0.002126,0.007284
bbc_20130322_1150,E35,E36,1,0.018326,0.807620,0.044767,0.129287
bbc_20130322_1150,E36,E39,1,0.001539,0.951286,0.012459,0.034716
bbc_20130322_1150,E36,E40,1,0.118685,0.529491,0.083389,0.268435
bbc_20130322_1150,E39,E41,0,0.990314,0.000100,0.001964,0.007623
bbc_20130322_1150,E39,E42,1,0.033174,0.788538,0.048879,0.129408
bbc_20130322_1150,E39,E43,0,0.975118,0.000561,0.005385,0.018937
bbc_20130322_1150,E40,E41,0,0.934810,0.002584,0.013870,0.048735
bbc_20130322_1150,E40,E42,1,0.001322,0.955520,0.010811,0.032347
bbc_20130322_1150,E40,E43,0,0.587657,0.108703,0.068779,0.234862
bbc_20130322_1150,E41,E44,1,0.207111,0.487362,0.085198,0.220329
bbc_20130322_1150,E42,E44,0,0.991940,0.000093,0.001764,0.006203
bbc_20130322_1150,E43,E44,0,0.415764,0.268724,0.079462,0.236050
bbc_20130322_332,E1,E2,0,0.680205,0.065021,0.062887,0.191887
bbc_20130322_332,E1,E3,1,0.045831,0.714028,0.059835,0.180305
bbc_20130322_332,E1,E4,1,0.000115,0.990360,0.002239,0.007286
bbc_20130322_332,E2,E3,1,0.032699,0.762738,0.057507,0.147057
bbc_20130322_332,E2,E4,1,0.000086,0.991359,0.001921,0.006633
bbc_20130322_332,E3,E4,1,0.000492,0.977229,0.005642,0.016637
bbc_20130322_332,E12,E13,1,0.112563,0.486909,0.090385,0.310143
bbc_20130322_332,E17,E18,3,0.300720,0.217741,0.113277,0.368262
bbc_20130322_332,E22,E23,0,0.994432,0.000045,0.001175,0.004348
bbc_20130322_332,E27,E28,0,0.350017,0.280019,0.099173,0.270790
bbc_20130322_332,E27,E29,0,0.985681,0.000264,0.003328,0.010727
bbc_20130322_332,E28,E29,0,0.970867,0.000919,0.007153,0.021062
bbc_20130322_332,E31,E33,1,0.158579,0.544357,0.078776,0.218287
bbc_20130322_332,E31,E34,1,0.069336,0.719070,0.061435,0.150158
bbc_20130322_332,E31,E35,1,0.093822,0.644084,0.079049,0.183044
bbc_20130322_332,E33,E34,0,0.590434,0.156709,0.063927,0.188930
bbc_20130322_332,E33,E35,0,0.787876,0.049148,0.047713,0.115263
bbc_20130322_332,E34,E35,0,0.788623,0.056303,0.044961,0.110113
bbc_20130322_332,E37,E38,0,0.681872,0.049619,0.059809,0.208700
bbc_20130322_332,E37,E40,0,0.670982,0.049173,0.062175,0.217670
bbc_20130322_332,E38,E40,0,0.692807,0.054516,0.057848,0.194829
bbc_20130322_332,E1,E5,0,0.924041,0.003091,0.015852,0.057015
bbc_20130322_332,E2,E5,0,0.812684,0.018303,0.041553,0.127460
bbc_20130322_332,E3,E5,0,0.963107,0.001032,0.008647,0.027214
bbc_20130322_332,E4,E5,0,0.996436,0.000020,0.000706,0.002838
bbc_20130322_332,E5,E9,1,0.000883,0.963620,0.008462,0.027034
bbc_20130322_332,E9,E11,0,0.384922,0.235577,0.098716,0.280786
bbc_20130322_332,E11,E12,0,0.990944,0.000097,0.001952,0.007008
bbc_20130322_332,E11,E13,0,0.974958,0.000440,0.005290,0.019312
bbc_20130322_332,E12,E17,1,0.010681,0.834571,0.038044,0.116704
bbc_20130322_332,E12,E18,1,0.004449,0.901332,0.023084,0.071135
bbc_20130322_332,E13,E17,1,0.146601,0.398021,0.106367,0.349012
bbc_20130322_332,E13,E18,1,0.107361,0.486294,0.095696,0.310649
bbc_20130322_332,E17,E19,0,0.888939,0.004701,0.022949,0.083411
bbc_20130322_332,E18,E19,0,0.889085,0.004890,0.023282,0.082742
bbc_20130322_332,E19,E22,1,0.001395,0.953027,0.011337,0.034242
bbc_20130322_332,E19,E23,0,0.795316,0.022022,0.048393,0.134269
bbc_20130322_332,E22,E24,0,0.541101,0.141140,0.077506,0.240253
bbc_20130322_332,E23,E24,1,0.000363,0.979663,0.004758,0.015217
bbc_20130322_332,E27,E30,0,0.940875,0.002335,0.014089,0.042702
bbc_20130322_332,E28,E30,0,0.943621,0.002223,0.013689,0.040467
bbc_20130322_332,E29,E30,1,0.177518,0.492037,0.086012,0.244433
bbc_20130322_332,E30,E31,1,0.127960,0.512169,0.090955,0.268916
bbc_20130322_332,E30,E33,1,0.088890,0.630622,0.074603,0.205884
bbc_20130322_332,E30,E34,1,0.276240,0.405500,0.090517,0.227743
bbc_20130322_332,E30,E35,0,0.487210,0.189360,0.096530,0.226900
bbc_20130322_332,E31,E36,1,0.310821,0.328308,0.090015,0.270857
bbc_20130322_332,E33,E36,0,0.630316,0.113761,0.061492,0.194431
bbc_20130322_332,E34,E36,0,0.663582,0.122242,0.056291,0.157886
bbc_20130322_332,E35,E36,0,0.667617,0.108020,0.063313,0.161050
bbc_20130322_332,E36,E37,0,0.949411,0.001848,0.012448,0.036294
bbc_20130322_332,E36,E38,0,0.988684,0.000130,0.002320,0.008866
bbc_20130322_332,E36,E40,0,0.982767,0.000309,0.004001,0.012923
bbc_20130322_1600,E2,E5,0,0.461051,0.193064,0.086148,0.259737
bbc_20130322_1600,E6,E7,1,0.006364,0.919316,0.021065,0.053256
bbc_20130322_1600,E6,E8,0,0.932878,0.004117,0.016381,0.046623
bbc_20130322_1600,E6,E9,0,0.439652,0.217699,0.085706,0.256943
bbc_20130322_1600,E7,E8,0,0.988886,0.000208,0.002707,0.008200
bbc_20130322_1600,E7,E9,0,0.980256,0.000538,0.004346,0.014859
bbc_20130322_1600,E8,E9,1,0.201372,0.498367,0.067722,0.232538
bbc_20130322_1600,E10,E11,0,0.620974,0.111190,0.068883,0.198953
bbc_20130322_1600,E10,E12,0,0.937818,0.003692,0.014468,0.044022
bbc_20130322_1600,E11,E12,0,0.900785,0.008177,0.022856,0.068182
bbc_20130322_1600,E16,E20,1,0.220063,0.407383,0.091468,0.281086
bbc_20130322_1600,E21,E22,0,0.630157,0.110639,0.066434,0.192770
bbc_20130322_1600,E2,E6,0,0.745706,0.053706,0.053482,0.147105
bbc_20130322_1600,E2,E7,1,0.242262,0.460135,0.077346,0.220256
bbc_20130322_1600,E2,E8,0,0.975840,0.000603,0.006142,0.017416
bbc_20130322_1600,E2,E9,0,0.944306,0.002675,0.012231,0.040788
bbc_20130322_1600,E5,E6,0,0.772552,0.042319,0.044362,0.140767
bbc_20130322_1600,E5,E7,1,0.266345,0.441937,0.076081,0.215637
bbc_20130322_1600,E5,E8,0,0.977794,0.000607,0.005384,0.016216
bbc_20130322_1600,E5,E9,0,0.957719,0.001853,0.009098,0.031330
bbc_20130322_1600,E6,E10,1,0.001192,0.963546,0.009456,0.025805
bbc_20130322_1600,E6,E11,1,0.181438,0.474098,0.093237,0.251227
bbc_20130322_1600,E6,E12,0,0.864869,0.016680,0.030302,0.088149
bbc_20130322_1600,E7,E10,0,0.363827,0.345834,0.076552,0.213787
bbc_20130322_1600,E7,E11,0,0.594008,0.158926,0.068804,0.178262
bbc_20130322_1600,E7,E12,0,0.975854,0.001022,0.006236,0.016888
bbc_20130322_1600,E8,E10,1,0.000260,0.985556,0.003556,0.010628
bbc_20130322_1600,E8,E11,1,0.004038,0.938151,0.014711,0.043100
bbc_20130322_1600,E8,E12,1,0.081214,0.702006,0.053370,0.163411
bbc_20130322_1600,E9,E10,1,0.001918,0.958491,0.009863,0.029727
bbc_20130322_1600,E9,E11,1,0.043090,0.797645,0.042299,0.116965
bbc_20130322_1600,E9,E12,0,0.420829,0.270806,0.072209,0.236156
bbc_20130322_1600,E10,E13,0,0.989533,0.000168,0.002395,0.007904
bbc_20130322_1600,E11,E13,0,0.967254,0.001287,0.007942,0.023518
bbc_20130322_1600,E12,E13,0,0.934523,0.005043,0.015417,0.045017
bbc_20130322_1600,E13,E30,1,0.009579,0.872250,0.031824,0.086347
bbc_20130322_1600,E30,E14,0,0.791326,0.027025,0.048877,0.132772
bbc_20130322_1600,E14,E16,0,0.923677,0.004228,0.018956,0.053139
bbc_20130322_1600,E14,E20,0,0.372539,0.224316,0.107938,0.295207
bbc_20130322_1600,E16,E21,0,0.328985,0.317475,0.085682,0.267857
bbc_20130322_1600,E16,E22,0,0.627316,0.089625,0.062612,0.220448
bbc_20130322_1600,E20,E21,0,0.643518,0.096826,0.068735,0.190921
bbc_20130322_1600,E20,E22,0,0.905914,0.008180,0.022970,0.062937
bbc_20130322_1600,E21,E25,0,0.976009,0.000581,0.005704,0.017706
bbc_20130322_1600,E22,E25,0,0.929946,0.003781,0.014224,0.052050
WSJ_20130322_804,E1,E2002,0,0.898005,0.005112,0.020465,0.076418
WSJ_20130322_804,E11,E13,0,0.912681,0.003633,0.017057,0.066629
WSJ_20130322_804,E11,E14,1,0.067987,0.643838,0.067065,0.221110
WSJ_20130322_804,E13,E14,1,0.005394,0.901851,0.022665,0.070090
WSJ_20130322_804,E22,E23,0,0.459846,0.133366,0.093273,0.313516
WSJ_20130322_804,E25,E26,0,0.562855,0.090428,0.091505,0.255211
WSJ_20130322_804,E25,E30,0,0.987084,0.000155,0.002638,0.010123
WSJ_20130322_804,E26,E30,0,0.954160,0.001184,0.009685,0.034970
WSJ_20130322_804,E9,E11,3,0.216859,0.336512,0.102017,0.344612
WSJ_20130322_804,E9,E13,0,0.948283,0.001320,0.009926,0.040471
WSJ_20130322_804,E9,E14,1,0.144471,0.460109,0.088784,0.306636
WSJ_20130322_804,E11,E16,1,0.156076,0.447856,0.089895,0.306173
WSJ_20130322_804,E13,E16,1,0.017906,0.803204,0.042264,0.136626
WSJ_20130322_804,E14,E16,1,0.235154,0.356640,0.089775,0.318431
WSJ_20130322_804,E16,E17,0,0.976542,0.000436,0.005236,0.017787
WSJ_20130322_804,E17,E18,1,0.000697,0.971174,0.007262,0.020866
WSJ_20130322_804,E21,E22,0,0.529855,0.102809,0.081364,0.285972
WSJ_20130322_804,E21,E23,0,0.694107,0.041401,0.059311,0.205181
WSJ_20130322_804,E22,E25,0,0.366849,0.171792,0.106443,0.354917
WSJ_20130322_804,E22,E26,0,0.481345,0.114930,0.092363,0.311362
WSJ_20130322_804,E22,E30,0,0.903569,0.003954,0.019869,0.072609
WSJ_20130322_804,E23,E25,0,0.407362,0.155393,0.097618,0.339627
WSJ_20130322_804,E23,E26,0,0.510342,0.108914,0.084539,0.296205
WSJ_20130322_804,E23,E30,0,0.928619,0.002549,0.015630,0.053202
WSJ_20130322_804,E25,E33,0,0.956711,0.001050,0.009214,0.033024
WSJ_20130322_804,E26,E33,0,0.962829,0.000789,0.007674,0.028707
WSJ_20130322_804,E30,E33,0,0.393969,0.161573,0.096318,0.348140
WSJ_20130322_804,E33,E35,0,0.373937,0.184278,0.103477,0.338308
WSJ_20130318_731,E1,E2,1,0.069891,0.658952,0.073345,0.197813
WSJ_20130318_731,E1,E3,1,0.145455,0.485111,0.101209,0.268225
WSJ_20130318_731,E2,E3,0,0.578096,0.144329,0.072856,0.204719
WSJ_20130318_731,E11,E12,1,0.000877,0.966982,0.008099,0.024043
WSJ_20130318_731,E11,E13,1,0.263678,0.331112,0.104895,0.300314
WSJ_20130318_731,E12,E13,0,0.960712,0.001437,0.009318,0.028533
WSJ_20130318_731,E20,E21,0,0.990485,0.000088,0.001823,0.007604
WSJ_20130318_731,E20,E22,0,0.964766,0.000866,0.007426,0.026942
WSJ_20130318_731,E21,E22,0,0.545592,0.092369,0.079200,0.282839
WSJ_20130318_731,E9,E10,1,0.027693,0.808458,0.043824,0.120025
WSJ_20130318_731,E10,E11,0,0.995667,0.000031,0.000910,0.003392
WSJ_20130318_731,E10,E12,0,0.961378,0.001717,0.008442,0.028464
WSJ_20130318_731,E10,E13,0,0.995928,0.000024,0.000780,0.003268
WSJ_20130318_731,E11,E14,1,0.089300,0.574299,0.085975,0.250426
WSJ_20130318_731,E12,E14,0,0.835594,0.018699,0.036574,0.109133
WSJ_20130318_731,E13,E14,0,0.581664,0.109559,0.085188,0.223589
CNN_20130322_1003,E1,E2,1,0.000506,0.980527,0.005413,0.013555
CNN_20130322_1003,E1,E3,0,0.695565,0.095603,0.054736,0.154096
CNN_20130322_1003,E1,E5,0,0.937926,0.004163,0.012724,0.045187
CNN_20130322_1003,E2,E3,0,0.972868,0.001097,0.006176,0.019859
CNN_20130322_1003,E2,E5,0,0.992847,0.000068,0.001470,0.005615
CNN_20130322_1003,E3,E5,0,0.529125,0.159805,0.067430,0.243639
CNN_20130322_1003,E6,E7,1,0.013423,0.926601,0.019704,0.040272
CNN_20130322_1003,E9,E10,0,0.433687,0.263382,0.063269,0.239661
CNN_20130322_1003,E9,E11,1,0.000141,0.990353,0.002355,0.007150
CNN_20130322_1003,E9,E1000,1,0.000191,0.988888,0.002792,0.008129
CNN_20130322_1003,E10,E11,1,0.000287,0.985999,0.003442,0.010272
CNN_20130322_1003,E10,E1000,1,0.000456,0.982735,0.004338,0.012470
CNN_20130322_1003,E11,E1000,1,0.312161,0.409346,0.075806,0.202686
CNN_20130322_1003,E12,E13,1,0.036104,0.779718,0.052204,0.131974
CNN_20130322_1003,E12,E14,1,0.000397,0.980389,0.004845,0.014368
CNN_20130322_1003,E12,E15,1,0.000391,0.979548,0.004907,0.015154
CNN_20130322_1003,E13,E14,1,0.001432,0.966917,0.008480,0.023172
CNN_20130322_1003,E13,E15,1,0.002120,0.956071,0.011713,0.030096
CNN_20130322_1003,E14,E15,1,0.089117,0.730769,0.049508,0.130606
CNN_20130322_1003,E17,E19,1,0.021469,0.805403,0.043541,0.129586
CNN_20130322_1003,E17,E20,0,0.944787,0.002124,0.013074,0.040015
CNN_20130322_1003,E19,E20,0,0.992302,0.000084,0.001710,0.005904
CNN_20130322_1003,E23,E27,0,0.566813,0.126555,0.071387,0.235245
CNN_20130322_1003,E30,E31,1,0.004146,0.922892,0.020994,0.051967
CNN_20130322_1003,E30,E32,1,0.000216,0.986175,0.003331,0.010279
CNN_20130322_1003,E30,E33,1,0.000040,0.995201,0.001117,0.003642
CNN_20130322_1003,E31,E32,1,0.000533,0.977083,0.005773,0.016611
CNN_20130322_1003,E31,E33,1,0.000077,0.992880,0.001682,0.005361
CNN_20130322_1003,E32,E33,1,0.015863,0.882744,0.027272,0.074121
CNN_20130322_1003,E34,E36,1,0.000437,0.980889,0.004738,0.013937
CNN_20130322_1003,E40,E41,1,0.006892,0.920956,0.020614,0.051538
CNN_20130322_1003,E40,E42,1,0.004695,0.940713,0.017509,0.037082
CNN_20130322_1003,E41,E42,1,0.015301,0.898043,0.027431,0.059225
CNN_20130322_1003,E43,E44,0,0.897537,0.010647,0.021748,0.070068
CNN_20130322_1003,E45,E47,0,0.403277,0.253141,0.088384,0.255197
CNN_20130322_1003,E55,E57,0,0.969819,0.000826,0.006661,0.022695
CNN_20130322_1003,E1,E6,0,0.813713,0.054407,0.035037,0.096843
CNN_20130322_1003,E1,E7,0,0.467575,0.304141,0.070109,0.158175
CNN_20130322_1003,E2,E6,0,0.983483,0.000680,0.004358,0.011479
CNN_20130322_1003,E2,E7,0,0.937661,0.009264,0.016318,0.036757
CNN_20130322_1003,E3,E6,1,0.278403,0.466717,0.071276,0.183604
CNN_20130322_1003,E3,E7,1,0.026056,0.873116,0.031171,0.069658
CNN_20130322_1003,E5,E6,1,0.085379,0.767044,0.040661,0.106915
CNN_20130322_1003,E5,E7,1,0.005744,0.952565,0.013233,0.028458
CNN_20130322_1003,E6,E9,0,0.996485,0.000027,0.000772,0.002716
CNN_20130322_1003,E6,E10,0,0.996443,0.000024,0.000699,0.002833
CNN_20130322_1003,E6,E11,0,0.563433,0.205336,0.065114,0.166117
CNN_20130322_1003,E6,E1000,0,0.621776,0.166283,0.056926,0.155015
CNN_20130322_1003,E7,E9,0,0.997135,0.000019,0.000667,0.002179
CNN_20130322_1003,E7,E10,0,0.997206,0.000018,0.000641,0.002135
CNN_20130322_1003,E7,E11,0,0.748000,0.085328,0.051468,0.115204
CNN_20130322_1003,E7,E1000,0,0.758532,0.082215,0.050780,0.108473
CNN_20130322_1003,E9,E12,1,0.024463,0.853572,0.031580,0.090384
CNN_20130322_1003,E9,E13,1,0.001381,0.962887,0.008796,0.026935
CNN_20130322_1003,E9,E14,1,0.000030,0.995922,0.000912,0.003137
CNN_20130322_1003,E9,E15,1,0.000043,0.994654,0.001184,0.004119
CNN_20130322_1003,E10,E12,1,0.086534,0.707458,0.051000,0.155008
CNN_20130322_1003,E10,E13,1,0.004934,0.935283,0.015429,0.044353
CNN_20130322_1003,E10,E14,1,0.000044,0.994985,0.001143,0.003828
CNN_20130322_1003,E10,E15,1,0.000078,0.993124,0.001672,0.005127
CNN_20130322_1003,E11,E12,0,0.952455,0.003055,0.011485,0.033005
CNN_20130322_1003,E11,E13,0,0.771748,0.053028,0.047327,0.127897
CNN_20130322_1003,E11,E14,1,0.027067,0.847912,0.033201,0.091820
CNN_20130322_1003,E11,E15,1,0.049140,0.774317,0.045094,0.131449
CNN_20130322_1003,E1000,E12,0,0.976686,0.000789,0.005809,0.016716
CNN_20130322_1003,E1000,E13,0,0.892435,0.013884,0.025803,0.067877
CNN_20130322_1003,E1000,E14,1,0.097835,0.693359,0.056571,0.152234
CNN_20130322_1003,E1000,E15,1,0.161043,0.572284,0.069549,0.197124
CNN_20130322_1003,E12,E17,1,0.003310,0.928934,0.017989,0.049766
CNN_20130322_1003,E12,E19,1,0.000696,0.970956,0.007099,0.021249
CNN_20130322_1003,E12,E20,0,0.659583,0.083592,0.064843,0.191982
CNN_20130322_1003,E13,E17,1,0.043434,0.777341,0.045659,0.133567
CNN_20130322_1003,E13,E19,1,0.005430,0.928952,0.016474,0.049144
CNN_20130322_1003,E13,E20,0,0.940345,0.004137,0.013252,0.042266
CNN_20130322_1003,E14,E17,0,0.666566,0.109248,0.055238,0.168948
CNN_20130322_1003,E14,E19,1,0.297007,0.424503,0.067690,0.210800
CNN_20130322_1003,E14,E20,0,0.994128,0.000064,0.001328,0.004480
CNN_20130322_1003,E15,E17,0,0.489423,0.217326,0.071582,0.221670
CNN_20130322_1003,E15,E19,1,0.154763,0.589089,0.061666,0.194481
CNN_20130322_1003,E15,E20,0,0.990691,0.000135,0.002120,0.007054
CNN_20130322_1003,E17,E21,0,0.882385,0.010204,0.026072,0.081340
CNN_20130322_1003,E19,E21,0,0.982527,0.000374,0.003941,0.013159
CNN_20130322_1003,E20,E21,1,0.075734,0.701551,0.053284,0.169432
CNN_20130322_1003,E21,E23,0,0.633261,0.107504,0.069831,0.189404
CNN_20130322_1003,E21,E27,0,0.884083,0.011977,0.026130,0.077810
CNN_20130322_1003,E30,E34,0,0.668312,0.065700,0.061156,0.204833
CNN_20130322_1003,E30,E36,1,0.002962,0.942356,0.014419,0.040263
CNN_20130322_1003,E31,E34,0,0.929227,0.004055,0.014105,0.052613
CNN_20130322_1003,E31,E36,1,0.058767,0.747530,0.047419,0.146284
CNN_20130322_1003,E32,E34,0,0.993421,0.000063,0.001439,0.005077
CNN_20130322_1003,E32,E36,0,0.849392,0.022564,0.031263,0.096780
CNN_20130322_1003,E33,E34,0,0.996056,0.000028,0.000879,0.003036
CNN_20130322_1003,E33,E36,0,0.915274,0.012533,0.019460,0.052733
CNN_20130322_1003,E34,E38,0,0.346415,0.285434,0.084972,0.283179
CNN_20130322_1003,E36,E38,0,0.956177,0.001716,0.009383,0.032724
CNN_20130322_1003,E38,E40,1,0.294779,0.341903,0.089775,0.273543
CNN_20130322_1003,E38,E41,1,0.023062,0.843514,0.038705,0.094719
CNN_20130322_1003,E38,E42,1,0.013494,0.891057,0.031105,0.064345
CNN_20130322_1003,E40,E43,0,0.949070,0.003315,0.011553,0.036062
CNN_20130322_1003,E40,E44,0,0.988811,0.000159,0.002513,0.008517
CNN_20130322_1003,E41,E43,0,0.977385,0.000880,0.005195,0.016540
CNN_20130322_1003,E41,E44,0,0.994627,0.000047,0.001159,0.004166
CNN_20130322_1003,E42,E43,0,0.979394,0.000865,0.005713,0.014027
CNN_20130322_1003,E42,E44,0,0.994336,0.000056,0.001363,0.004245
CNN_20130322_1003,E43,E45,0,0.372464,0.252825,0.088039,0.286672
CNN_20130322_1003,E43,E47,0,0.584438,0.127514,0.071897,0.216151
CNN_20130322_1003,E44,E45,1,0.014827,0.852453,0.030091,0.102629
CNN_20130322_1003,E44,E47,1,0.021150,0.824921,0.033609,0.120320
CNN_20130322_1003,E45,E48,0,0.771959,0.041874,0.046566,0.139601
CNN_20130322_1003,E47,E48,0,0.626458,0.107346,0.060478,0.205718
CNN_20130322_1003,E48,E50,0,0.734085,0.047352,0.048772,0.169790
CNN_20130322_1003,E50,E51,1,0.014265,0.843342,0.032458,0.109935
CNN_20130322_1003,E51,E52,0,0.859177,0.010377,0.028189,0.102257
CNN_20130322_1003,E52,E53,0,0.964771,0.000733,0.006946,0.027550
CNN_20130322_1003,E53,E55,1,0.289793,0.339688,0.092214,0.278305
