WSJ_20130322_159,E5,E6,1,0.068973,0.702276,0.052923,0.175828
WSJ_20130322_159,E5,E10,0,0.884334,0.010502,0.024968,0.080196
WSJ_20130322_159,E5,E11,0,0.866652,0.012135,0.027783,0.093430
WSJ_20130322_159,E6,E10,0,0.896720,0.007226,0.022504,0.073550
WSJ_20130322_159,E6,E11,0,0.941569,0.001933,0.011908,0.044589
WSJ_20130322_159,E10,E11,3,0.333706,0.222546,0.094419,0.349328
WSJ_20130322_159,E12,E14,1,0.282482,0.343245,0.083376,0.290897
WSJ_20130322_159,E18,E19,1,0.058690,0.659067,0.068539,0.213703
WSJ_20130322_159,E20,E22,1,0.000267,0.980538,0.004329,0.014866
WSJ_20130322_159,E29,E31,0,0.915265,0.003478,0.015781,0.065475
WSJ_20130322_159,E29,E34,0,0.453427,0.167206,0.089429,0.289938
WSJ_20130322_159,E29,E37,0,0.944652,0.001892,0.011641,0.041814
WSJ_20130322_159,E31,E34,1,0.084777,0.564009,0.083311,0.267902
WSJ_20130322_159,E31,E37,0,0.748463,0.031803,0.049045,0.170689
WSJ_20130322_159,E34,E37,0,0.950793,0.001371,0.011181,0.036655
WSJ_20130322_159,E38,E39,1,0.001654,0.948157,0.012119,0.038071
WSJ_20130322_159,E38,E40,1,0.018046,0.776535,0.045650,0.159769
WSJ_20130322_159,E39,E40,0,0.583332,0.085980,0.079176,0.251512
WSJ_20130322_159,E42,E44,1,0.001295,0.952882,0.009642,0.036182
WSJ_20130322_159,E46,E47,1,0.004121,0.920760,0.016278,0.058842
WSJ_20130322_159,E46,E49,1,0.252835,0.347154,0.087983,0.312028
WSJ_20130322_159,E47,E49,0,0.957794,0.001510,0.008885,0.031812
WSJ_20130322_159,E1,E5,1,0.082495,0.634021,0.062764,0.220720
WSJ_20130322_159,E1,E6,1,0.003742,0.920940,0.016995,0.058323
WSJ_20130322_159,E1,E10,0,0.372026,0.207103,0.089216,0.331655
WSJ_20130322_159,E1,E11,3,0.300192,0.256629,0.093980,0.349199
WSJ_20130322_159,E5,E12,0,0.989857,0.000109,0.002155,0.007880
WSJ_20130322_159,E5,E14,0,0.879347,0.011722,0.024400,0.084531
WSJ_20130322_159,E6,E12,0,0.991323,0.000076,0.001779,0.006822
WSJ_20130322_159,E6,E14,0,0.957605,0.001451,0.009055,0.031889
WSJ_20130322_159,E10,E12,0,0.931417,0.002036,0.013837,0.052710
WSJ_20130322_159,E10,E14,0,0.446487,0.166082,0.086962,0.300468
WSJ_20130322_159,E11,E12,0,0.945719,0.001642,0.011819,0.040821
WSJ_20130322_159,E11,E14,0,0.507486,0.136007,0.079114,0.277393
WSJ_20130322_159,E12,E18,0,0.976206,0.000329,0.004575,0.018890
WSJ_20130322_159,E12,E19,0,0.443852,0.187598,0.085537,0.283014
WSJ_20130322_159,E14,E18,0,0.985399,0.000141,0.002658,0.011802
WSJ_20130322_159,E14,E19,0,0.773880,0.036568,0.041551,0.148000
WSJ_20130322_159,E18,E20,1,0.002827,0.920582,0.016882,0.059709
WSJ_20130322_159,E18,E22,1,0.000016,0.996053,0.000775,0.003156
WSJ_20130322_159,E19,E20,1,0.000900,0.960938,0.008497,0.029665
WSJ_20130322_159,E19,E22,1,0.000020,0.995903,0.000832,0.003245
WSJ_20130322_159,E20,E26,1,0.193198,0.464357,0.073507,0.268938
WSJ_20130322_159,E22,E26,0,0.945223,0.003316,0.011259,0.040202
WSJ_20130322_159,E26,E29,0,0.993585,0.000048,0.001295,0.005072
WSJ_20130322_159,E26,E31,0,0.997372,0.000008,0.000435,0.002185
WSJ_20130322_159,E26,E34,0,0.987163,0.000166,0.002835,0.009837
WSJ_20130322_159,E26,E37,0,0.996531,0.000017,0.000660,0.002792
WSJ_20130322_159,E29,E38,0,0.551949,0.126188,0.070459,0.251404
WSJ_20130322_159,E29,E39,1,0.000760,0.966834,0.007214,0.025191
WSJ_20130322_159,E29,E40,1,0.049382,0.632771,0.067742,0.250105
WSJ_20130322_159,E31,E38,1,0.172975,0.456098,0.082580,0.288347
WSJ_20130322_159,E31,E39,1,0.000181,0.984744,0.003336,0.011739
WSJ_20130322_159,E31,E40,1,0.006714,0.863988,0.028130,0.101168
WSJ_20130322_159,E34,E38,0,0.645134,0.059595,0.063059,0.232212
WSJ_20130322_159,E34,E39,1,0.001871,0.942711,0.013855,0.041562
WSJ_20130322_159,E34,E40,1,0.074469,0.543333,0.086662,0.295536
WSJ_20130322_159,E37,E38,1,0.115743,0.534287,0.073071,0.276899
WSJ_20130322_159,E37,E39,1,0.000136,0.987515,0.002740,0.009609
WSJ_20130322_159,E37,E40,1,0.004010,0.898814,0.021724,0.075452
WSJ_20130322_159,E38,E42,0,0.753699,0.031111,0.046760,0.168431
WSJ_20130322_159,E38,E44,1,0.003300,0.917272,0.017180,0.062248
WSJ_20130322_159,E39,E42,0,0.979431,0.000324,0.004405,0.015841
WSJ_20130322_159,E39,E44,0,0.355823,0.283026,0.083474,0.277676
WSJ_20130322_159,E40,E42,0,0.967103,0.000603,0.006964,0.025330
WSJ_20130322_159,E40,E44,3,0.243600,0.310870,0.093114,0.352416
WSJ_20130322_159,E42,E46,0,0.655636,0.054494,0.059798,0.230072
WSJ_20130322_159,E42,E47,1,0.088827,0.579809,0.067933,0.263431
WSJ_20130322_159,E42,E49,0,0.510585,0.144812,0.067025,0.277579
WSJ_20130322_159,E44,E46,0,0.965982,0.000769,0.007237,0.026012
WSJ_20130322_159,E44,E47,0,0.714696,0.045104,0.047614,0.192585
WSJ_20130322_159,E44,E49,0,0.924674,0.004477,0.014818,0.056031
WSJ_20130322_159,E46,E55,0,0.970357,0.000749,0.005909,0.022985
WSJ_20130322_159,E47,E55,0,0.993207,0.000061,0.001413,0.005319
WSJ_20130322_159,E49,E55,0,0.825443,0.022955,0.032895,0.118707
nyt_20130322_strange_computer,E8,E11,0,0.994086,0.000039,0.001131,0.004745
nyt_20130322_strange_computer,E14,E16,1,0.000210,0.983632,0.003706,0.012452
nyt_20130322_strange_computer,E19,E22,0,0.829866,0.013341,0.034368,0.122425
nyt_20130322_strange_computer,E19,E23,0,0.384777,0.198675,0.096099,0.320449
nyt_20130322_strange_computer,E22,E23,3,0.210154,0.327827,0.111290,0.350729
nyt_20130322_strange_computer,E6,E8,1,0.230755,0.366581,0.099005,0.303658
nyt_20130322_strange_computer,E6,E11,0,0.991902,0.000060,0.001534,0.006504
nyt_20130322_strange_computer,E8,E14,0,0.993409,0.000055,0.001398,0.005139
nyt_20130322_strange_computer,E8,E16,1,0.292378,0.323945,0.098585,0.285092
nyt_20130322_strange_computer,E11,E14,0,0.795386,0.020268,0.045700,0.138646
nyt_20130322_strange_computer,E11,E16,1,0.000862,0.960782,0.009321,0.029034
nyt_20130322_strange_computer,E14,E19,1,0.066652,0.642537,0.070014,0.220797
nyt_20130322_strange_computer,E14,E22,3,0.202029,0.323877,0.113791,0.360304
nyt_20130322_strange_computer,E14,E23,3,0.305773,0.238149,0.113808,0.342270
nyt_20130322_strange_computer,E16,E19,0,0.945895,0.001857,0.011782,0.040466
nyt_20130322_strange_computer,E16,E22,0,0.973883,0.000425,0.005497,0.020195
nyt_20130322_strange_computer,E16,E23,0,0.921463,0.002960,0.018106,0.057471
nyt_20130322_strange_computer,E19,E24,0,0.928670,0.003281,0.015576,0.052473
nyt_20130322_strange_computer,E22,E24,0,0.828307,0.014965,0.037536,0.119192
nyt_20130322_strange_computer,E23,E24,0,0.873951,0.009060,0.028346,0.088643
CNN_20130321_821,E4,E5,0,0.515093,0.133687,0.098928,0.252291
CNN_20130321_821,E5,E8,0,0.919710,0.002961,0.016245,0.061084
CNN_20130321_821,E8,E1000,0,0.915005,0.003129,0.017490,0.064376
CNN_20130321_821,E1002,E20,0,0.966467,0.000610,0.007073,0.025849
nyt_20130321_cyprus,E2,E5,1,0.084860,0.624116,0.078681,0.212344
nyt_20130321_cyprus,E7,E2009,1,0.081658,0.602339,0.072766,0.243237
nyt_20130321_cyprus,E13,E15,0,0.354132,0.198306,0.102941,0.344620
nyt_20130321_cyprus,E22,E23,0,0.359010,0.223194,0.085508,0.332288
nyt_20130321_cyprus,E22,E24,1,0.000053,0.992330,0.001607,0.006010
nyt_20130321_cyprus,E23,E24,1,0.000384,0.975885,0.005417,0.018314
nyt_20130321_cyprus,E33,E35,0,0.832566,0.018804,0.036166,0.112463
nyt_20130321_cyprus,E41,E42,1,0.056652,0.650385,0.064788,0.228175
nyt_20130321_cyprus,E46,E47,0,0.829587,0.021645,0.030262,0.118506
nyt_20130321_cyprus,E48,E51,0,0.969091,0.000724,0.006857,0.023329
nyt_20130321_cyprus,E2,E7,0,0.949475,0.002042,0.012825,0.035658
nyt_20130321_cyprus,E2,E2009,0,0.846471,0.012515,0.036200,0.104813
nyt_20130321_cyprus,E5,E7,0,0.978472,0.000455,0.005146,0.015927
nyt_20130321_cyprus,E5,E2009,0,0.938799,0.002345,0.014090,0.044766
nyt_20130321_cyprus,E7,E9,1,0.000288,0.980328,0.004511,0.014873
nyt_20130321_cyprus,E2009,E9,1,0.004384,0.903590,0.023801,0.068225
nyt_20130321_cyprus,E10,E13,0,0.989971,0.000106,0.002076,0.007847
nyt_20130321_cyprus,E10,E15,0,0.988454,0.000108,0.002279,0.009159
nyt_20130321_cyprus,E13,E21,0,0.749819,0.037193,0.051560,0.161427
nyt_20130321_cyprus,E15,E21,0,0.949914,0.001497,0.011178,0.037412
nyt_20130321_cyprus,E21,E22,0,0.904571,0.004590,0.018500,0.072338
nyt_20130321_cyprus,E21,E23,0,0.580866,0.085167,0.066289,0.267678
nyt_20130321_cyprus,E21,E24,1,0.000101,0.988957,0.002401,0.008541
nyt_20130321_cyprus,E22,E25,1,0.000273,0.979478,0.004518,0.015730
nyt_20130321_cyprus,E23,E25,1,0.002989,0.919569,0.017447,0.059995
nyt_20130321_cyprus,E24,E25,0,0.856864,0.011275,0.032435,0.099426
nyt_20130321_cyprus,E33,E36,0,0.659338,0.063829,0.067016,0.209817
nyt_20130321_cyprus,E35,E36,1,0.229556,0.346207,0.092036,0.332201
nyt_20130321_cyprus,E36,E41,0,0.919241,0.003324,0.016172,0.061263
nyt_20130321_cyprus,E36,E42,1,0.051849,0.663550,0.062609,0.221992
nyt_20130321_cyprus,E46,E48,0,0.348074,0.276096,0.082131,0.293700
nyt_20130321_cyprus,E46,E51,0,0.985530,0.000222,0.003089,0.011159
nyt_20130321_cyprus,E47,E48,1,0.024078,0.808480,0.040000,0.127442
nyt_20130321_cyprus,E47,E51,0,0.912053,0.006560,0.017564,0.063823
nyt_20130321_cyprus,E48,E57,1,0.002446,0.936968,0.015219,0.045367
nyt_20130321_cyprus,E51,E57,1,0.000078,0.990944,0.001972,0.007006
bbc_20130322_1353,E1,E5,1,0.000074,0.991003,0.001937,0.006986
bbc_20130322_1353,E8,E10,1,0.000091,0.990790,0.002150,0.006969
bbc_20130322_1353,E15,E16,1,0.016888,0.831284,0.031471,0.120357
bbc_20130322_1353,E19,E20,1,0.002094,0.963659,0.009423,0.024823
bbc_20130322_1353,E19,E21,1,0.109001,0.654938,0.065232,0.170828
bbc_20130322_1353,E20,E21,0,0.484626,0.233740,0.070703,0.210931
bbc_20130322_1353,E23,E25,0,0.613355,0.084866,0.066094,0.235685
bbc_20130322_1353,E23,E26,1,0.148531,0.514441,0.079124,0.257904
bbc_20130322_1353,E23,E27,1,0.000446,0.977118,0.005465,0.016971
bbc_20130322_1353,E25,E26,1,0.003623,0.923312,0.016217,0.056847
bbc_20130322_1353,E25,E27,1,0.000099,0.989956,0.002221,0.007724
bbc_20130322_1353,E26,E27,1,0.002038,0.951387,0.011215,0.035361
bbc_20130322_1353,E28,E29,1,0.000309,0.980660,0.004325,0.014706
bbc_20130322_1353,E28,E31,1,0.000179,0.986066,0.003139,0.010617
bbc_20130322_1353,E29,E31,1,0.063720,0.749122,0.042027,0.145131
bbc_20130322_1353,E33,E34,0,0.977251,0.000395,0.004724,0.017630
bbc_20130322_1353,E35,E36,0,0.349521,0.241010,0.096918,0.312551
bbc_20130322_1353,E35,E37,1,0.001075,0.956834,0.010183,0.031908
bbc_20130322_1353,E36,E37,1,0.001800,0.945421,0.011418,0.041362
bbc_20130322_1353,E1,E8,3,0.298971,0.280598,0.094794,0.325637
bbc_20130322_1353,E1,E10,1,0.000028,0.995105,0.001023,0.003845
bbc_20130322_1353,E5,E8,0,0.990794,0.000092,0.001954,0.007159
bbc_20130322_1353,E5,E10,1,0.024127,0.841742,0.032931,0.101200
bbc_20130322_1353,E8,E11,3,0.243613,0.329793,0.086207,0.340387
bbc_20130322_1353,E10,E11,0,0.989497,0.000114,0.002275,0.008114
bbc_20130322_1353,E11,E13,1,0.215265,0.358804,0.085727,0.340203
bbc_20130322_1353,E13,E15,0,0.958548,0.001553,0.008917,0.030982
bbc_20130322_1353,E13,E16,0,0.747255,0.045018,0.047132,0.160595
bbc_20130322_1353,E15,E17,1,0.019386,0.790229,0.039005,0.151380
bbc_20130322_1353,E16,E17,0,0.358606,0.210599,0.083135,0.347660
bbc_20130322_1353,E17,E19,1,0.000872,0.965943,0.007671,0.025514
bbc_20130322_1353,E17,E20,1,0.000046,0.993542,0.001386,0.005026
bbc_20130322_1353,E17,E21,1,0.000538,0.971943,0.006520,0.021000
bbc_20130322_1353,E19,E23,0,0.959570,0.001785,0.009354,0.029291
bbc_20130322_1353,E19,E25,0,0.977305,0.000537,0.005194,0.016964
bbc_20130322_1353,E19,E26,0,0.901503,0.009789,0.022282,0.066427
bbc_20130322_1353,E19,E27,1,0.049096,0.788482,0.044016,0.118405
bbc_20130322_1353,E20,E23,0,0.992303,0.000093,0.001740,0.005864
bbc_20130322_1353,E20,E25,0,0.994808,0.000045,0.001118,0.004029
bbc_20130322_1353,E20,E26,0,0.977299,0.000575,0.005034,0.017092
bbc_20130322_1353,E20,E27,0,0.650555,0.121493,0.055232,0.172720
bbc_20130322_1353,E21,E23,0,0.983465,0.000323,0.003936,0.012276
bbc_20130322_1353,E21,E25,0,0.988046,0.000147,0.002499,0.009308
bbc_20130322_1353,E21,E26,0,0.939541,0.003154,0.013476,0.043830
bbc_20130322_1353,E21,E27,0,0.351440,0.334833,0.078605,0.235123
bbc_20130322_1353,E23,E28,0,0.828098,0.023824,0.035710,0.112368
bbc_20130322_1353,E23,E29,1,0.220624,0.438031,0.078710,0.262635
bbc_20130322_1353,E23,E31,0,0.353020,0.312548,0.078062,0.256369
bbc_20130322_1353,E25,E28,0,0.594057,0.120910,0.065408,0.219624
bbc_20130322_1353,E25,E29,1,0.021143,0.835211,0.030822,0.112824
bbc_20130322_1353,E25,E31,1,0.017503,0.851835,0.028730,0.101932
bbc_20130322_1353,E26,E28,0,0.960173,0.001646,0.008809,0.029372
bbc_20130322_1353,E26,E29,0,0.637631,0.104393,0.056033,0.201943
bbc_20130322_1353,E26,E31,0,0.585864,0.139524,0.060891,0.213722
bbc_20130322_1353,E27,E28,0,0.994332,0.000053,0.001235,0.004380
bbc_20130322_1353,E27,E29,0,0.954865,0.002617,0.009209,0.033309
bbc_20130322_1353,E27,E31,0,0.944454,0.004183,0.011353,0.040009
bbc_20130322_1353,E28,E33,1,0.010906,0.850086,0.032027,0.106981
bbc_20130322_1353,E28,E34,0,0.739157,0.039033,0.044484,0.177325
bbc_20130322_1353,E29,E33,0,0.711047,0.060296,0.048457,0.180200
bbc_20130322_1353,E29,E34,0,0.991702,0.000066,0.001556,0.006676
bbc_20130322_1353,E31,E33,0,0.919243,0.006630,0.016197,0.057930
bbc_20130322_1353,E31,E34,0,0.995850,0.000023,0.000760,0.003367
bbc_20130322_1353,E33,E35,0,0.996444,0.000016,0.000639,0.002901
bbc_20130322_1353,E33,E36,0,0.989952,0.000090,0.001951,0.008008
bbc_20130322_1353,E33,E37,0,0.898678,0.009368,0.022270,0.069684
bbc_20130322_1353,E34,E35,0,0.984676,0.000172,0.002989,0.012164
bbc_20130322_1353,E34,E36,0,0.966632,0.000752,0.006442,0.026173
bbc_20130322_1353,E34,E37,1,0.130843,0.533511,0.069455,0.266191
nyt_20130321_women_senate,E1000009,E2,0,0.436530,0.234615,0.072863,0.255992
nyt_20130321_women_senate,E4,E5,1,0.000267,0.982929,0.004013,0.012791
nyt_20130321_women_senate,E4,E6,0,0.498956,0.191172,0.066919,0.242953
nyt_20130321_women_senate,E5,E6,0,0.984662,0.000251,0.003286,0.011802
nyt_20130321_women_senate,E9,E10,0,0.989998,0.000112,0.002158,0.007732
nyt_20130321_women_senate,E11,E12,0,0.948299,0.002203,0.012162,0.037336
nyt_20130321_women_senate,E14,E15,1,0.057256,0.657502,0.072860,0.212382
nyt_20130321_women_senate,E16,E17,1,0.053477,0.673577,0.060475,0.212471
nyt_20130321_women_senate,E19,E20,1,0.000095,0.990546,0.002135,0.007224
nyt_20130321_women_senate,E19,E21,1,0.000845,0.963628,0.008759,0.026768
nyt_20130321_women_senate,E20,E21,0,0.474678,0.174250,0.083134,0.267938
nyt_20130321_women_senate,E23,E24,0,0.941419,0.002790,0.012693,0.043098
nyt_20130321_women_senate,E26,E27,0,0.948748,0.002182,0.013802,0.035268
nyt_20130321_women_senate,E26,E1000014,0,0.829936,0.020418,0.036915,0.112731
nyt_20130321_women_senate,E27,E1000014,1,0.093747,0.617395,0.081678,0.207180
nyt_20130321_women_senate,E37,E1000015,0,0.324353,0.244142,0.112547,0.318957
nyt_20130321_women_senate,E40,E41,0,0.959708,0.000958,0.007758,0.031575
nyt_20130321_women_senate,E40,E42,0,0.592825,0.086420,0.070450,0.250305
nyt_20130321_women_senate,E41,E42,1,0.058813,0.648828,0.065159,0.227201
nyt_20130321_women_senate,E43,E47,0,0.992561,0.000052,0.001392,0.005996
nyt_20130321_women_senate,E43,E48,0,0.986356,0.000151,0.002761,0.010731
nyt_20130321_women_senate,E47,E48,0,0.711420,0.033571,0.061790,0.193218
nyt_20130321_women_senate,E49,E50,0,0.956793,0.001191,0.009784,0.032232
nyt_20130321_women_senate,E49,E53,1,0.001032,0.964931,0.009371,0.024666
nyt_20130321_women_senate,E50,E53,1,0.000143,0.987293,0.002867,0.009697
nyt_20130321_women_senate,E1000009,E4,1,0.136611,0.559743,0.067969,0.235676
nyt_20130321_women_senate,E1000009,E5,1,0.000069,0.992225,0.001727,0.005978
nyt_20130321_women_senate,E1000009,E6,1,0.178554,0.522839,0.065334,0.233273
nyt_20130321_women_senate,E2,E4,0,0.644683,0.091388,0.059434,0.204495
nyt_20130321_women_senate,E2,E5,1,0.000343,0.980455,0.004668,0.014534
nyt_20130321_women_senate,E2,E6,0,0.574366,0.142275,0.061985,0.221374
nyt_20130321_women_senate,E4,E7,0,0.981529,0.000379,0.004004,0.014088
nyt_20130321_women_senate,E5,E7,0,0.997739,0.000009,0.000432,0.001820
nyt_20130321_women_senate,E6,E7,0,0.978810,0.000547,0.004437,0.016206
nyt_20130321_women_senate,E7,E8,1,0.001418,0.951807,0.010507,0.036268
nyt_20130321_women_senate,E8,E9,0,0.908487,0.005734,0.018115,0.067664
nyt_20130321_women_senate,E8,E10,0,0.996804,0.000014,0.000600,0.002581
nyt_20130321_women_senate,E11,E1000012,0,0.981811,0.000306,0.003967,0.013916
nyt_20130321_women_senate,E12,E1000012,0,0.756626,0.036648,0.048766,0.157961
nyt_20130321_women_senate,E14,E16,0,0.980323,0.000339,0.004518,0.014820
nyt_20130321_women_senate,E14,E17,0,0.956073,0.001194,0.009869,0.032864
nyt_20130321_women_senate,E15,E16,0,0.988012,0.000118,0.002359,0.009512
nyt_20130321_women_senate,E15,E17,0,0.974289,0.000459,0.005427,0.019826
nyt_20130321_women_senate,E16,E19,1,0.061245,0.679813,0.059844,0.199098
nyt_20130321_women_senate,E16,E20,1,0.000028,0.994930,0.001050,0.003993
nyt_20130321_women_senate,E16,E21,1,0.000328,0.977236,0.005106,0.017330
nyt_20130321_women_senate,E17,E19,0,0.467592,0.185993,0.080028,0.266387
nyt_20130321_women_senate,E17,E20,1,0.000131,0.988096,0.002675,0.009098
nyt_20130321_women_senate,E17,E21,1,0.001586,0.945045,0.012960,0.040409
nyt_20130321_women_senate,E19,E22,1,0.005755,0.908073,0.021518,0.064654
nyt_20130321_women_senate,E20,E22,0,0.869340,0.014717,0.026895,0.089047
nyt_20130321_women_senate,E21,E22,0,0.678078,0.063443,0.062338,0.196141
nyt_20130321_women_senate,E22,E23,0,0.836672,0.016718,0.031616,0.114993
nyt_20130321_women_senate,E22,E24,0,0.990488,0.000104,0.002052,0.007355
nyt_20130321_women_senate,E23,E25,0,0.913109,0.003458,0.017433,0.066000
nyt_20130321_women_senate,E24,E25,0,0.434242,0.168480,0.083536,0.313741
nyt_20130321_women_senate,E25,E26,1,0.000378,0.977120,0.005332,0.017170
nyt_20130321_women_senate,E25,E27,1,0.026189,0.787756,0.050305,0.135750
nyt_20130321_women_senate,E25,E1000014,1,0.006425,0.884433,0.026045,0.083097
nyt_20130321_women_senate,E26,E29,0,0.783930,0.025845,0.050513,0.139712
nyt_20130321_women_senate,E27,E29,1,0.113355,0.545969,0.100587,0.240089
nyt_20130321_women_senate,E1000014,E29,1,0.156014,0.462560,0.098681,0.282745
nyt_20130321_women_senate,E29,E36,0,0.956759,0.001176,0.010408,0.031657
nyt_20130321_women_senate,E36,E37,0,0.852816,0.008802,0.029432,0.108950
nyt_20130321_women_senate,E36,E1000015,0,0.625382,0.064730,0.078871,0.231017
nyt_20130321_women_senate,E37,E40,1,0.001118,0.954904,0.010173,0.033805
nyt_20130321_women_senate,E37,E41,1,0.145405,0.456016,0.085665,0.312915
nyt_20130321_women_senate,E37,E42,1,0.003286,0.914273,0.020349,0.062092
nyt_20130321_women_senate,E1000015,E40,1,0.006172,0.899657,0.024657,0.069514
nyt_20130321_women_senate,E1000015,E41,0,0.525005,0.131594,0.085085,0.258316
nyt_20130321_women_senate,E1000015,E42,1,0.019040,0.805126,0.048566,0.127267
nyt_20130321_women_senate,E40,E43,0,0.600081,0.093428,0.064713,0.241779
nyt_20130321_women_senate,E40,E47,0,0.984672,0.000163,0.002976,0.012189
nyt_20130321_women_senate,E40,E48,0,0.971590,0.000486,0.005973,0.021950
nyt_20130321_women_senate,E41,E43,1,0.051464,0.688110,0.055897,0.204529
nyt_20130321_women_senate,E41,E47,0,0.910701,0.003796,0.017744,0.067758
nyt_20130321_women_senate,E41,E48,0,0.846035,0.009937,0.032687,0.111340
nyt_20130321_women_senate,E42,E43,0,0.580280,0.096061,0.073203,0.250456
nyt_20130321_women_senate,E42,E47,0,0.979940,0.000265,0.004063,0.015733
nyt_20130321_women_senate,E42,E48,0,0.962349,0.000803,0.008226,0.028623
nyt_20130321_women_senate,E43,E49,0,0.952829,0.001829,0.010478,0.034864
nyt_20130321_women_senate,E43,E50,0,0.992216,0.000060,0.001489,0.006235
nyt_20130321_women_senate,E43,E53,1,0.006945,0.904348,0.021521,0.067186
nyt_20130321_women_senate,E47,E49,1,0.171515,0.456398,0.091176,0.280911
nyt_20130321_women_senate,E47,E50,0,0.845232,0.012410,0.031737,0.110621
nyt_20130321_women_senate,E47,E53,1,0.000093,0.989876,0.002256,0.007776
nyt_20130321_women_senate,E48,E49,0,0.371048,0.191270,0.115250,0.322432
nyt_20130321_women_senate,E48,E50,0,0.900904,0.004113,0.022776,0.072207
nyt_20130321_women_senate,E48,E53,1,0.000502,0.971722,0.006726,0.021050
bbc_20130322_1150,E1,E2,0,0.965405,0.001804,0.008080,0.024710
bbc_20130322_1150,E6,E7,1,0.004685,0.896927,0.023429,0.074958
bbc_20130322_1150,E8,E10,1,0.028746,0.804062,0.046717,0.120475
bbc_20130322_1150,E8,E11,0,0.385510,0.248636,0.103530,0.262324
bbc_20130322_1150,E10,E11,0,0.719479,0.061626,0.060426,0.158469
bbc_20130322_1150,E14,E15,1,0.032059,0.771013,0.043149,0.153779
bbc_20130322_1150,E14,E17,1,0.113387,0.583606,0.068797,0.234211
bbc_20130322_1150,E15,E17,0,0.684359,0.067566,0.051916,0.196159
bbc_20130322_1150,E19,E20,1,0.017354,0.853061,0.032867,0.096718
bbc_20130322_1150,E19,E21,0,0.629583,0.083851,0.068493,0.218073
bbc_20130322_1150,E20,E21,0,0.896159,0.009349,0.021720,0.072771
bbc_20130322_1150,E23,E24,0,0.396381,0.209288,0.089618,0.304714
bbc_20130322_1150,E29,E30,0,0.991087,0.000099,0.002111,0.006703
bbc_20130322_1150,E53,E35,0,0.995764,0.000021,0.000771,0.003444
bbc_20130322_1150,E39,E40,0,0.978871,0.000353,0.004796,0.015980
bbc_20130322_1150,E41,E42,1,0.000112,0.989410,0.002445,0.008033
bbc_20130322_1150,E41,E43,1,0.124128,0.528838,0.088479,0.258555
bbc_20130322_1150,E42,E43,0,0.979047,0.000371,0.004669,0.015912
bbc_20130322_1150,E1,E3,0,0.995996,0.000027,0.000809,0.003167
bbc_20130322_1150,E2,E3,0,0.857898,0.022747,0.025636,0.093719
bbc_20130322_1150,E3,E4,1,0.000172,0.988517,0.002879,0.008432
bbc_20130322_1150,E4,E6,0,0.999021,0.000002,0.000152,0.000825
bbc_20130322_1150,E4,E7,0,0.986491,0.000182,0.002835,0.010492
bbc_20130322_1150,E6,E8,1,0.000123,0.987544,0.002761,0.009571
bbc_20130322_1150,E6,E10,1,0.000034,0.994451,0.001177,0.004339
bbc_20130322_1150,E6,E11,1,0.000685,0.968566,0.007634,0.023114
bbc_20130322_1150,E7,E8,1,0.005463,0.901444,0.023694,0.069399
bbc_20130322_1150,E7,E10,1,0.001253,0.958964,0.010256,0.029527
bbc_20130322_1150,E7,E11,1,0.091670,0.617845,0.078113,0.212372
bbc_20130322_1150,E8,E12,0,0.871746,0.011482,0.029064,0.087708
bbc_20130322_1150,E10,E12,0,0.933092,0.003645,0.015393,0.047870
bbc_20130322_1150,E11,E12,0,0.534790,0.125471,0.090723,0.249015
bbc_20130322_1150,E12,E14,0,0.973237,0.000663,0.006562,0.019538
bbc_20130322_1150,E12,E15,0,0.909070,0.004954,0.019360,0.066616
bbc_20130322_1150,E12,E17,0,0.964309,0.000862,0.007873,0.026957
bbc_20130322_1150,E18,E19,0,0.973042,0.000569,0.006847,0.019541
bbc_20130322_1150,E18,E20,0,0.515886,0.153689,0.101418,0.229007
bbc_20130322_1150,E18,E21,0,0.894289,0.006595,0.026646,0.072470
bbc_20130322_1150,E19,E23,0,0.875118,0.008564,0.026973,0.089345
bbc_20130322_1150,E19,E24,0,0.508202,0.134393,0.081396,0.276010
bbc_20130322_1150,E20,E23,0,0.959580,0.000998,0.008299,0.031123
bbc_20130322_1150,E20,E24,0,0.671528,0.069330,0.057823,0.201319
bbc_20130322_1150,E21,E23,0,0.778102,0.026028,0.040819,0.155052
bbc_20130322_1150,E21,E24,1,0.098146,0.592353,0.068665,0.240835
bbc_20130322_1150,E28,E29,1,0.000077,0.991664,0.002113,0.006145
bbc_20130322_1150,E28,E30,1,0.060248,0.667374,0.059441,0.212938
bbc_20130322_1150,E29,E34,0,0.998027,0.000007,0.000401,0.001565
bbc_20130322_1150,E30,E34,0,0.958386,0.001637,0.008597,0.031379
bbc_20130322_1150,E34,E53,1,0.000661,0.967929,0.007348,0.024062
bbc_20130322_1150,E34,E35,0,0.908303,0.004971,0.017437,0.069289
bbc_20130322_1150,E53,E36,0,0.984899,0.000223,0.003413,0.011465
bbc_20130322_1150,E35,E36,1,0.167773,0.464117,0.089939,0.278171
bbc_20130322_1150,E36,E39,1,0.000637,0.967274,0.008053,0.024036
bbc_20130322_1150,E36,E40,0,0.469567,0.135460,0.090886,0.304087
bbc_20130322_1150,E39,E41,0,0.996955,0.000015,0.000612,0.002418
bbc_20130322_1150,E39,E42,1,0.199843,0.450358,0.099606,0.250193
bbc_20130322_1150,E39,E43,0,0.971991,0.000654,0.006773,0.020582
bbc_20130322_1150,E40,E41,0,0.923973,0.003562,0.016212,0.056254
bbc_20130322_1150,E40,E42,1,0.000514,0.973283,0.006412,0.019791
bbc_20130322_1150,E40,E43,0,0.346481,0.246645,0.092800,0.314074
bbc_20130322_1150,E41,E44,1,0.188899,0.459208,0.094963,0.256929
bbc_20130322_1150,E42,E44,0,0.992104,0.000085,0.001687,0.006124
bbc_20130322_1150,E43,E44,0,0.461475,0.211623,0.078008,0.248894
bbc_20130322_332,E1,E2,0,0.502365,0.150204,0.077440,0.269990
bbc_20130322_332,E1,E3,1,0.042795,0.719874,0.056170,0.181161
bbc_20130322_332,E1,E4,1,0.000047,0.993744,0.001356,0.004853
bbc_20130322_332,E2,E3,1,0.033953,0.741526,0.054052,0.170470
bbc_20130322_332,E2,E4,1,0.000047,0.993569,0.001389,0.004995
bbc_20130322_332,E3,E4,1,0.000158,0.987513,0.002881,0.009448
bbc_20130322_332,E12,E13,1,0.007514,0.861322,0.031131,0.100033
bbc_20130322_332,E17,E18,1,0.059182,0.682499,0.061533,0.196785
bbc_20130322_332,E22,E23,0,0.994239,0.000044,0.001207,0.004510
bbc_20130322_332,E27,E28,1,0.214070,0.452436,0.082453,0.251041
bbc_20130322_332,E27,E29,0,0.971668,0.000926,0.005805,0.021601
bbc_20130322_332,E28,E29,0,0.965643,0.001381,0.006825,0.026150
bbc_20130322_332,E31,E33,1,0.043621,0.720051,0.059704,0.176624
bbc_20130322_332,E31,E34,0,0.351575,0.300741,0.082809,0.264875
bbc_20130322_332,E31,E35,0,0.533845,0.144517,0.093768,0.227869
bbc_20130322_332,E33,E34,0,0.487132,0.202841,0.069593,0.240434
bbc_20130322_332,E33,E35,0,0.956549,0.002388,0.010514,0.030549
bbc_20130322_332,E34,E35,0,0.951769,0.003477,0.011203,0.033551
bbc_20130322_332,E37,E38,0,0.919058,0.003315,0.017001,0.060626
bbc_20130322_332,E37,E40,0,0.837774,0.011743,0.034544,0.115939
bbc_20130322_332,E38,E40,0,0.490046,0.117826,0.090204,0.301924
bbc_20130322_332,E1,E5,0,0.849768,0.010726,0.032014,0.107492
bbc_20130322_332,E2,E5,0,0.705741,0.044158,0.062948,0.187154
bbc_20130322_332,E3,E5,0,0.943963,0.002019,0.013839,0.040179
bbc_20130322_332,E4,E5,0,0.996204,0.000022,0.000770,0.003004
bbc_20130322_332,E5,E9,1,0.001343,0.950616,0.012013,0.036028
bbc_20130322_332,E9,E11,1,0.013530,0.827175,0.043110,0.116185
bbc_20130322_332,E11,E12,0,0.982818,0.000267,0.003912,0.013003
bbc_20130322_332,E11,E13,0,0.933275,0.002218,0.015588,0.048919
bbc_20130322_332,E12,E17,1,0.000267,0.980334,0.004382,0.015017
bbc_20130322_332,E12,E18,1,0.000281,0.979594,0.004570,0.015555
bbc_20130322_332,E13,E17,1,0.006259,0.880726,0.027159,0.085856
bbc_20130322_332,E13,E18,1,0.009464,0.854040,0.032616,0.103880
bbc_20130322_332,E17,E19,0,0.929800,0.002317,0.015464,0.052419
bbc_20130322_332,E18,E19,0,0.943476,0.001630,0.012541,0.042353
bbc_20130322_332,E19,E22,1,0.001673,0.944503,0.013797,0.040028
bbc_20130322_332,E19,E23,0,0.864908,0.009393,0.031391,0.094308
bbc_20130322_332,E22,E24,1,0.181949,0.456299,0.091500,0.270251
bbc_20130322_332,E23,E24,1,0.000159,0.986023,0.003116,0.010702
bbc_20130322_332,E27,E30,0,0.982772,0.000295,0.003777,0.013157
bbc_20130322_332,E28,E30,0,0.974812,0.000632,0.005362,0.019194
bbc_20130322_332,E29,E30,0,0.692465,0.082838,0.045300,0.179397
bbc_20130322_332,E30,E31,1,0.060807,0.694284,0.059896,0.185013
bbc_20130322_332,E30,E33,1,0.027853,0.795569,0.041392,0.135186
bbc_20130322_332,E30,E34,1,0.048166,0.770857,0.045191,0.135787
bbc_20130322_332,E30,E35,0,0.750466,0.059674,0.049618,0.140242
bbc_20130322_332,E31,E36,0,0.314067,0.307203,0.094711,0.284019
bbc_20130322_332,E33,E36,0,0.835305,0.024156,0.030893,0.109646
bbc_20130322_332,E34,E36,0,0.772720,0.052197,0.037153,0.137930
bbc_20130322_332,E35,E36,0,0.389590,0.311761,0.075776,0.222873
bbc_20130322_332,E36,E37,0,0.969566,0.000823,0.007161,0.022450
bbc_20130322_332,E36,E38,0,0.986266,0.000149,0.002730,0.010854
bbc_20130322_332,E36,E40,0,0.978956,0.000361,0.004736,0.015947
bbc_20130322_1600,E2,E5,0,0.541557,0.137228,0.074220,0.246995
bbc_20130322_1600,E6,E7,1,0.006870,0.917798,0.021252,0.054079
bbc_20130322_1600,E6,E8,0,0.924584,0.004941,0.019533,0.050942
bbc_20130322_1600,E6,E9,0,0.866211,0.020186,0.026038,0.087564
bbc_20130322_1600,E7,E8,0,0.988957,0.000202,0.002698,0.008142
bbc_20130322_1600,E7,E9,0,0.983219,0.000510,0.004113,0.012158
bbc_20130322_1600,E8,E9,1,0.115252,0.635941,0.055825,0.192982
bbc_20130322_1600,E10,E11,0,0.410417,0.210021,0.093877,0.285685
bbc_20130322_1600,E10,E12,0,0.933490,0.002766,0.014484,0.049259
bbc_20130322_1600,E11,E12,0,0.886831,0.008093,0.021858,0.083217
bbc_20130322_1600,E16,E20,0,0.366724,0.255488,0.093617,0.284171
bbc_20130322_1600,E21,E22,0,0.838140,0.020681,0.034483,0.106696
bbc_20130322_1600,E2,E6,0,0.374225,0.259791,0.090930,0.275055
bbc_20130322_1600,E2,E7,1,0.059832,0.723870,0.056466,0.159833
bbc_20130322_1600,E2,E8,0,0.961317,0.001560,0.009214,0.027909
bbc_20130322_1600,E2,E9,0,0.939197,0.003725,0.012369,0.044709
bbc_20130322_1600,E5,E6,1,0.060470,0.716961,0.055788,0.166781
bbc_20130322_1600,E5,E7,1,0.001307,0.963157,0.009306,0.026230
bbc_20130322_1600,E5,E8,0,0.907457,0.009540,0.020918,0.062085
bbc_20130322_1600,E5,E9,0,0.721883,0.070790,0.045924,0.161403
bbc_20130322_1600,E6,E10,1,0.021678,0.841884,0.038225,0.098213
bbc_20130322_1600,E6,E11,0,0.381007,0.259674,0.088205,0.271114
bbc_20130322_1600,E6,E12,0,0.897962,0.008344,0.021288,0.072405
bbc_20130322_1600,E7,E10,1,0.305863,0.394394,0.089261,0.210483
bbc_20130322_1600,E7,E11,0,0.952784,0.002663,0.011778,0.032776
bbc_20130322_1600,E7,E12,0,0.989599,0.000146,0.002392,0.007864
bbc_20130322_1600,E8,E10,1,0.000477,0.977624,0.005434,0.016466
bbc_20130322_1600,E8,E11,1,0.028445,0.805526,0.039188,0.126841
bbc_20130322_1600,E8,E12,0,0.488609,0.182284,0.071934,0.257174
bbc_20130322_1600,E9,E10,1,0.002140,0.957811,0.011049,0.029001
bbc_20130322_1600,E9,E11,1,0.192973,0.490954,0.070577,0.245495
bbc_20130322_1600,E9,E12,0,0.818557,0.027187,0.031865,0.122391
bbc_20130322_1600,E10,E13,0,0.977897,0.000405,0.004881,0.016817
bbc_20130322_1600,E11,E13,0,0.961608,0.001062,0.008235,0.029095
bbc_20130322_1600,E12,E13,0,0.787203,0.028608,0.039433,0.144756
bbc_20130322_1600,E13,E30,1,0.004989,0.904686,0.022413,0.067913
bbc_20130322_1600,E30,E14,0,0.952488,0.001495,0.011193,0.034824
bbc_20130322_1600,E14,E16,0,0.832261,0.016233,0.041081,0.110425
bbc_20130322_1600,E14,E20,0,0.459398,0.130689,0.108798,0.301115
bbc_20130322_1600,E16,E21,0,0.395310,0.211771,0.092290,0.300629
bbc_20130322_1600,E16,E22,0,0.915223,0.005032,0.017344,0.062402
bbc_20130322_1600,E20,E21,1,0.145597,0.449823,0.103329,0.301251
bbc_20130322_1600,E20,E22,0,0.823384,0.018996,0.041076,0.116543
bbc_20130322_1600,E21,E25,0,0.954801,0.001444,0.010733,0.033022
bbc_20130322_1600,E22,E25,0,0.901248,0.005559,0.020292,0.072901
WSJ_20130322_804,E1,E2002,0,0.934034,0.002017,0.014283,0.049665
WSJ_20130322_804,E11,E13,0,0.895383,0.004688,0.021634,0.078295
WSJ_20130322_804,E11,E14,1,0.111097,0.499940,0.090299,0.298663
WSJ_20130322_804,E13,E14,1,0.018510,0.799157,0.043349,0.138983
WSJ_20130322_804,E22,E23,1,0.031217,0.729823,0.064768,0.174191
WSJ_20130322_804,E25,E26,0,0.752053,0.024365,0.060789,0.162792
WSJ_20130322_804,E25,E30,0,0.989554,0.000094,0.002062,0.008290
WSJ_20130322_804,E26,E30,0,0.971400,0.000474,0.005972,0.022154
WSJ_20130322_804,E9,E11,3,0.218167,0.331012,0.106215,0.344606
WSJ_20130322_804,E9,E13,0,0.926606,0.002393,0.014561,0.056439
WSJ_20130322_804,E9,E14,1,0.125222,0.478350,0.087057,0.309371
WSJ_20130322_804,E11,E16,1,0.074419,0.580288,0.080702,0.264590
WSJ_20130322_804,E13,E16,1,0.014836,0.816621,0.040757,0.127786
WSJ_20130322_804,E14,E16,1,0.236478,0.336467,0.091360,0.335695
WSJ_20130322_804,E16,E17,0,0.981284,0.000240,0.003692,0.014784
WSJ_20130322_804,E17,E18,1,0.000874,0.958352,0.009674,0.031100
WSJ_20130322_804,E21,E22,0,0.711528,0.033549,0.062385,0.192538
WSJ_20130322_804,E21,E23,3,0.285438,0.263143,0.116544,0.334875
WSJ_20130322_804,E22,E25,1,0.182673,0.354611,0.120163,0.342554
WSJ_20130322_804,E22,E26,3,0.255204,0.274329,0.116753,0.353715
WSJ_20130322_804,E22,E30,0,0.875467,0.006094,0.028295,0.090144
WSJ_20130322_804,E23,E25,0,0.653387,0.051114,0.070495,0.225005
WSJ_20130322_804,E23,E26,0,0.739223,0.029235,0.052664,0.178877
WSJ_20130322_804,E23,E30,0,0.971111,0.000508,0.006235,0.022146
WSJ_20130322_804,E25,E33,0,0.984997,0.000171,0.003061,0.011772
WSJ_20130322_804,E26,E33,0,0.979168,0.000260,0.004156,0.016417
WSJ_20130322_804,E30,E33,0,0.738342,0.022877,0.053932,0.184850
WSJ_20130322_804,E33,E35,1,0.119467,0.432468,0.111729,0.336336
WSJ_20130318_731,E1,E2,1,0.005905,0.891011,0.027073,0.076011
WSJ_20130318_731,E1,E3,1,0.075635,0.602361,0.087864,0.234140
WSJ_20130318_731,E2,E3,1,0.160111,0.493117,0.089734,0.257038
WSJ_20130318_731,E11,E12,1,0.010523,0.874460,0.027087,0.087930
WSJ_20130318_731,E11,E13,0,0.505981,0.140462,0.090283,0.263274
WSJ_20130318_731,E12,E13,0,0.772112,0.027985,0.045609,0.154294
WSJ_20130318_731,E20,E21,0,0.990705,0.000077,0.001800,0.007418
WSJ_20130318_731,E20,E22,0,0.966409,0.000748,0.007257,0.025586
WSJ_20130318_731,E21,E22,0,0.356022,0.209320,0.099112,0.335547
WSJ_20130318_731,E9,E10,1,0.000344,0.978085,0.005173,0.016397
WSJ_20130318_731,E10,E11,0,0.997011,0.000015,0.000588,0.002386
WSJ_20130318_731,E10,E12,0,0.992499,0.000061,0.001466,0.005973
WSJ_20130318_731,E10,E13,0,0.997131,0.000012,0.000523,0.002334
WSJ_20130318_731,E11,E14,0,0.456984,0.142493,0.097976,0.302547
WSJ_20130318_731,E12,E14,0,0.483338,0.139646,0.093080,0.283936
WSJ_20130318_731,E13,E14,0,0.380294,0.192141,0.112331,0.315234
CNN_20130322_1003,E1,E2,1,0.002197,0.956010,0.010560,0.031233
CNN_20130322_1003,E1,E3,0,0.908333,0.009609,0.018967,0.063091
CNN_20130322_1003,E1,E5,0,0.980802,0.000392,0.004090,0.014715
CNN_20130322_1003,E2,E3,0,0.990125,0.000138,0.002141,0.007596
CNN_20130322_1003,E2,E5,0,0.995025,0.000036,0.000988,0.003951
CNN_20130322_1003,E3,E5,0,0.763996,0.048099,0.046725,0.141180
CNN_20130322_1003,E6,E7,1,0.003631,0.957294,0.010924,0.028150
CNN_20130322_1003,E9,E10,1,0.257585,0.446057,0.063404,0.232954
CNN_20130322_1003,E9,E11,1,0.002956,0.948307,0.010966,0.037771
CNN_20130322_1003,E9,E1000,1,0.000116,0.989968,0.002264,0.007652
CNN_20130322_1003,E10,E11,1,0.018656,0.874262,0.023067,0.084015
CNN_20130322_1003,E10,E1000,1,0.000461,0.981115,0.004213,0.014211
CNN_20130322_1003,E11,E1000,1,0.018430,0.877859,0.023663,0.080048
CNN_20130322_1003,E12,E13,0,0.416054,0.280281,0.070885,0.232781
CNN_20130322_1003,E12,E14,1,0.001128,0.968367,0.006884,0.023621
CNN_20130322_1003,E12,E15,1,0.000885,0.970265,0.006634,0.022216
CNN_20130322_1003,E13,E14,1,0.003628,0.944539,0.011473,0.040360
CNN_20130322_1003,E13,E15,1,0.002796,0.949619,0.010731,0.036854
CNN_20130322_1003,E14,E15,1,0.058449,0.771192,0.041236,0.129122
CNN_20130322_1003,E17,E19,1,0.002333,0.944055,0.014010,0.039603
CNN_20130322_1003,E17,E20,0,0.960577,0.001185,0.009496,0.028742
CNN_20130322_1003,E19,E20,0,0.998077,0.000007,0.000369,0.001546
CNN_20130322_1003,E23,E27,1,0.257290,0.394778,0.082152,0.265780
CNN_20130322_1003,E30,E31,1,0.002728,0.932349,0.016292,0.048632
CNN_20130322_1003,E30,E32,1,0.000032,0.995093,0.001066,0.003809
CNN_20130322_1003,E30,E33,1,0.000010,0.997587,0.000501,0.001902
CNN_20130322_1003,E31,E32,1,0.000041,0.994464,0.001199,0.004296
CNN_20130322_1003,E31,E33,1,0.000013,0.997275,0.000593,0.002118
CNN_20130322_1003,E32,E33,1,0.030129,0.843446,0.030797,0.095627
CNN_20130322_1003,E34,E36,1,0.000056,0.992979,0.001522,0.005443
CNN_20130322_1003,E40,E41,1,0.006057,0.932581,0.015247,0.046115
CNN_20130322_1003,E40,E42,1,0.008823,0.921084,0.018777,0.051317
CNN_20130322_1003,E41,E42,1,0.054233,0.807041,0.035686,0.103040
CNN_20130322_1003,E43,E44,0,0.768105,0.043218,0.044432,0.144246
CNN_20130322_1003,E45,E47,0,0.769383,0.036605,0.045366,0.148646
CNN_20130322_1003,E55,E57,0,0.980285,0.000353,0.004196,0.015166
CNN_20130322_1003,E1,E6,1,0.204424,0.541344,0.062458,0.191773
CNN_20130322_1003,E1,E7,1,0.019906,0.876769,0.029319,0.074006
CNN_20130322_1003,E2,E6,0,0.850197,0.028678,0.029629,0.091496
CNN_20130322_1003,E2,E7,0,0.408710,0.326948,0.075118,0.189223
CNN_20130322_1003,E3,E6,1,0.004749,0.937300,0.014916,0.043035
CNN_20130322_1003,E3,E7,1,0.000273,0.985638,0.003977,0.010112
CNN_20130322_1003,E5,E6,1,0.000435,0.981233,0.004783,0.013549
CNN_20130322_1003,E5,E7,1,0.000080,0.992769,0.001911,0.005240
CNN_20130322_1003,E6,E9,0,0.995210,0.000050,0.001051,0.003690
CNN_20130322_1003,E6,E10,0,0.993741,0.000077,0.001225,0.004958
CNN_20130322_1003,E6,E11,0,0.846280,0.031925,0.027242,0.094553
CNN_20130322_1003,E6,E1000,1,0.236336,0.501693,0.059055,0.202916
CNN_20130322_1003,E7,E9,0,0.997435,0.000017,0.000592,0.001955
CNN_20130322_1003,E7,E10,0,0.997135,0.000021,0.000664,0.002179
CNN_20130322_1003,E7,E11,0,0.941995,0.006494,0.013371,0.038140
CNN_20130322_1003,E7,E1000,0,0.637635,0.151428,0.058159,0.152778
CNN_20130322_1003,E9,E12,0,0.410687,0.280465,0.066983,0.241865
CNN_20130322_1003,E9,E13,1,0.240673,0.441367,0.068800,0.249161
CNN_20130322_1003,E9,E14,1,0.000269,0.985011,0.003408,0.011312
CNN_20130322_1003,E9,E15,1,0.000214,0.986148,0.003194,0.010444
CNN_20130322_1003,E10,E12,0,0.788220,0.049651,0.033758,0.128371
CNN_20130322_1003,E10,E13,0,0.652253,0.122573,0.051123,0.174052
CNN_20130322_1003,E10,E14,1,0.002355,0.960063,0.008318,0.029265
CNN_20130322_1003,E10,E15,1,0.001671,0.967244,0.007659,0.023426
CNN_20130322_1003,E11,E12,0,0.978350,0.000751,0.004373,0.016527
CNN_20130322_1003,E11,E13,0,0.962658,0.002272,0.008000,0.027070
CNN_20130322_1003,E11,E14,1,0.143275,0.626887,0.051324,0.178513
CNN_20130322_1003,E11,E15,1,0.105510,0.679883,0.048668,0.165939
CNN_20130322_1003,E1000,E12,0,0.995928,0.000032,0.000831,0.003209
CNN_20130322_1003,E1000,E13,0,0.993985,0.000072,0.001365,0.004578
CNN_20130322_1003,E1000,E14,0,0.747873,0.077756,0.039920,0.134450
CNN_20130322_1003,E1000,E15,0,0.684853,0.119039,0.049724,0.146384
CNN_20130322_1003,E12,E17,1,0.005818,0.919037,0.017251,0.057893
CNN_20130322_1003,E12,E19,1,0.000027,0.995493,0.000958,0.003522
CNN_20130322_1003,E12,E20,0,0.875266,0.016386,0.024761,0.083587
CNN_20130322_1003,E13,E17,1,0.049311,0.762316,0.042964,0.145409
CNN_20130322_1003,E13,E19,1,0.000126,0.989495,0.002419,0.007960
CNN_20130322_1003,E13,E20,0,0.955387,0.002282,0.009679,0.032652
CNN_20130322_1003,E14,E17,1,0.264559,0.426577,0.069144,0.239721
CNN_20130322_1003,E14,E19,1,0.000487,0.979109,0.004950,0.015454
CNN_20130322_1003,E14,E20,0,0.984694,0.000328,0.003342,0.011636
CNN_20130322_1003,E15,E17,1,0.274374,0.401903,0.073177,0.250545
CNN_20130322_1003,E15,E19,1,0.000404,0.979837,0.004829,0.014931
CNN_20130322_1003,E15,E20,0,0.984118,0.000315,0.003505,0.012063
CNN_20130322_1003,E17,E21,0,0.856925,0.016829,0.028719,0.097526
CNN_20130322_1003,E19,E21,0,0.989703,0.000148,0.002141,0.008008
CNN_20130322_1003,E20,E21,1,0.019593,0.850713,0.028408,0.101286
CNN_20130322_1003,E21,E23,0,0.930811,0.005242,0.014577,0.049370
CNN_20130322_1003,E21,E27,0,0.884384,0.012015,0.024376,0.079225
CNN_20130322_1003,E30,E34,0,0.888028,0.006069,0.025539,0.080364
CNN_20130322_1003,E30,E36,1,0.000251,0.983766,0.003813,0.012170
CNN_20130322_1003,E31,E34,0,0.950771,0.001487,0.010315,0.037427
CNN_20130322_1003,E31,E36,1,0.000586,0.976281,0.005408,0.017725
CNN_20130322_1003,E32,E34,0,0.997655,0.000009,0.000449,0.001887
CNN_20130322_1003,E32,E36,0,0.732814,0.068193,0.046715,0.152278
CNN_20130322_1003,E33,E34,0,0.997803,0.000008,0.000414,0.001775
CNN_20130322_1003,E33,E36,0,0.620833,0.147875,0.052256,0.179036
CNN_20130322_1003,E34,E38,1,0.068411,0.660160,0.065338,0.206091
CNN_20130322_1003,E36,E38,0,0.957979,0.001738,0.009037,0.031245
CNN_20130322_1003,E38,E40,1,0.262130,0.409957,0.085814,0.242099
CNN_20130322_1003,E38,E41,1,0.005935,0.931217,0.017146,0.045701
CNN_20130322_1003,E38,E42,1,0.005569,0.935785,0.017246,0.041400
CNN_20130322_1003,E40,E43,0,0.925253,0.003758,0.015243,0.055746
CNN_20130322_1003,E40,E44,0,0.979027,0.000466,0.004613,0.015895
CNN_20130322_1003,E41,E43,0,0.966820,0.000979,0.006622,0.025579
CNN_20130322_1003,E41,E44,0,0.991407,0.000100,0.001837,0.006656
CNN_20130322_1003,E42,E43,0,0.977405,0.000587,0.005419,0.016589
CNN_20130322_1003,E42,E44,0,0.993304,0.000069,0.001555,0.005072
CNN_20130322_1003,E43,E45,0,0.442296,0.164196,0.089763,0.303745
CNN_20130322_1003,E43,E47,0,0.700871,0.060848,0.058009,0.180272
CNN_20130322_1003,E44,E45,1,0.075798,0.632718,0.063731,0.227754
CNN_20130322_1003,E44,E47,1,0.243577,0.390234,0.078411,0.287778
CNN_20130322_1003,E45,E48,0,0.779424,0.028073,0.045079,0.147424
CNN_20130322_1003,E47,E48,0,0.511219,0.145010,0.071282,0.272488
CNN_20130322_1003,E48,E50,0,0.969787,0.000708,0.006696,0.022808
CNN_20130322_1003,E50,E51,1,0.020962,0.775071,0.044688,0.159280
CNN_20130322_1003,E51,E52,0,0.786440,0.021684,0.039676,0.152200
CNN_20130322_1003,E52,E53,0,0.989649,0.000075,0.001882,0.008394
CNN_20130322_1003,E53,E55,1,0.023565,0.800292,0.043438,0.132704
